conf_id=146
---
run_0
TV=8838.489
FD=6.905726
IGSD=[34.703,32.109,30.276,32.001,31.97,35.13]
SC_pos=0.2571344753852908
SC_neg=0.7428655246147092
SC_avg=-0.0007240804676102453
SC_std=0.004257563693977842
SC_avg_abs=0.002734066014288321
SC_std_abs=0.0033430561110107788
---
run_1
TV=8594.844
FD=7.93
IGSD=[35.783,34.115,35.434,33.527,33.059,32.703]
SC_pos=0.26920124662069705
SC_neg=0.730798753379303
SC_avg=-0.0006891387104237739
SC_std=0.004318228332491883
SC_avg_abs=0.002842242001450896
SC_std_abs=0.003323201543531264
---
run_2
TV=10419.258
FD=10.827289
IGSD=[28.855,29.897,26.49,29.438,26.,27.271]
SC_pos=0.2641598207014199
SC_neg=0.73584017929858
SC_avg=-0.0011986348840413025
SC_std=0.006330420935289573
SC_avg_abs=0.00420763931376665
SC_std_abs=0.004879213687515494
---
run_3
TV=9197.607
FD=8.013664
IGSD=[32.572,27.944,25.71,26.917,35.51,35.799]
SC_pos=0.250255603650362
SC_neg=0.7497443963496381
SC_avg=-0.0007978870221856723
SC_std=0.004673441404006653
SC_avg_abs=0.0028079570360538563
SC_std_abs=0.0038200858027708806
---
run_4
TV=8486.399
FD=7.498427
IGSD=[28.457,35.296,36.875,31.973,37.937,30.759]
SC_pos=0.2519668791534946
SC_neg=0.7480331208465054
SC_avg=-0.000692209041257743
SC_std=0.004335061512023317
SC_avg_abs=0.002622051415151136
SC_std_abs=0.0035209030157232037
---
combined
TV_avg=9107.3194
TV_std=699.9682426495078
FD_avg=8.2350212
FD_std=1.3543622878369586
IGSD_avg=31.817
IGSD_std=3.4453407378661405
SC_pos_avg=0.2585436051022529
SC_neg_avg=0.7414563948977472
SC_avg=-0.0008203900251037452
SC_std=0.00485115439847091
SC_avg_abs=0.0030427911561421686
SC_std_abs=0.003866285138372029