conf_id=77
---
run_0
TV=5849.155
FD=4.909384
IGSD=[45.722,46.465,45.638,47.665,53.966,48.323]
SC_pos=0.24847720305485466
SC_neg=0.7515227969451453
SC_avg=-0.0003844536137939232
SC_std=0.002242322102922134
SC_avg_abs=0.0013213972176995806
SC_std_abs=0.0018519509678898512
---
run_1
TV=6488.319
FD=5.638984
IGSD=[41.351,43.618,42.069,42.024,46.538,49.441]
SC_pos=0.250682800997512
SC_neg=0.7493171990024879
SC_avg=-0.00043466876815009093
SC_std=0.00245808553581938
SC_avg_abs=0.001578532347550955
SC_std_abs=0.0019337417271044345
---
run_2
TV=6946.283
FD=6.136031
IGSD=[41.04,39.879,41.916,43.794,38.499,37.706]
SC_pos=0.24789130873005333
SC_neg=0.7521086912699466
SC_avg=-0.0005395723064702799
SC_std=0.0031234061713264994
SC_avg_abs=0.0019284650480475495
SC_std_abs=0.0025155172317933108
---
run_3
TV=7282.613
FD=5.899598
IGSD=[40.001,37.7,38.407,39.362,39.622,39.495]
SC_pos=0.23746661614329467
SC_neg=0.7625333838567053
SC_avg=-0.0006518037034424667
SC_std=0.0030133513815747523
SC_avg_abs=0.0019971428757096445
SC_std_abs=0.0023487347552803837
---
run_4
TV=6415.979
FD=5.515976
IGSD=[43.02,42.749,40.616,43.912,45.649,44.527]
SC_pos=0.24263400519887984
SC_neg=0.7573659948011202
SC_avg=-0.0005314044031896635
SC_std=0.0028131211990309306
SC_avg_abs=0.0017159049953401517
SC_std_abs=0.002291661311610706
---
combined
TV_avg=6596.469800000001
TV_std=489.06332933983117
FD_avg=5.6199946
FD_std=0.4148781793990134
IGSD_avg=43.0238
IGSD_std=3.787448397008202
SC_pos_avg=0.2454303868249189
SC_neg_avg=0.7545696131750811
SC_avg=-0.0005083805590092858
SC_std=0.002751823431535732
SC_avg_abs=0.0017082884968695788
SC_std_abs=0.0022164686784592233