conf_id=130
---
run_0
TV=10622.067
FD=11.409637
IGSD=[26.851,26.648,28.998,28.523,26.267,27.396]
SC_pos=0.26768347369866924
SC_neg=0.7323165263013307
SC_avg=-0.001209099474113579
SC_std=0.006419716109065129
SC_avg_abs=0.004327300786306731
SC_std_abs=0.004893786301435843
---
run_1
TV=9219.008
FD=7.827537
IGSD=[29.972,28.606,28.249,27.763,35.908,40.804]
SC_pos=0.27318876715444923
SC_neg=0.7268112328455507
SC_avg=-0.0005845739081487947
SC_std=0.0039569280023087315
SC_avg_abs=0.0025947530466870665
SC_std_abs=0.0030440536290038452
---
run_2
TV=9082.529
FD=7.902885
IGSD=[30.466,31.503,30.807,30.033,32.316,30.84]
SC_pos=0.21032860426008157
SC_neg=0.7896713957399184
SC_avg=-0.0009326832044980747
SC_std=0.005011119458849819
SC_avg_abs=0.0031558933695293783
SC_std_abs=0.0040026932471745325
---
run_3
TV=6666.365
FD=5.427253
IGSD=[41.994,43.507,47.14,44.192,40.651,39.11]
SC_pos=0.2473984365240058
SC_neg=0.7526015634759942
SC_avg=-0.00045805154621824583
SC_std=0.0026610859938694096
SC_avg_abs=0.0016824959992122808
SC_std_abs=0.0021119652218716924
---
run_4
TV=9907.222
FD=8.859467
IGSD=[32.411,28.79,25.544,25.28,33.1,30.024]
SC_pos=0.25909042599365334
SC_neg=0.7409095740063466
SC_avg=-0.0006863349131071207
SC_std=0.004729398604171977
SC_avg_abs=0.0030211417786193667
SC_std_abs=0.003702832581088997
---
combined
TV_avg=9099.4382
TV_std=1334.566685093465
FD_avg=8.285355800000001
FD_std=1.929526898931072
IGSD_avg=32.45643333333334
IGSD_std=6.087747841270111
SC_pos_avg=0.25153794152617187
SC_neg_avg=0.7484620584738282
SC_avg=-0.0007741486092171638
SC_std=0.004728378682587539
SC_avg_abs=0.002956316996070964
SC_std_abs=0.003770551796997765