conf_id=195
---
run_0
TV=8391.906
FD=6.937447
IGSD=[36.498,32.88,32.056,31.553,42.558,42.115]
SC_pos=0.27683900481663976
SC_neg=0.7231609951833603
SC_avg=-0.0006553416398886603
SC_std=0.0029992595362968734
SC_avg_abs=0.0022968314836232734
SC_std_abs=0.0020370556121217217
---
run_1
TV=7790.758
FD=6.14488
IGSD=[35.741,34.458,35.668,35.997,39.816,37.882]
SC_pos=0.24297729618056152
SC_neg=0.7570227038194385
SC_avg=-0.0006549799610005039
SC_std=0.0033092579078659768
SC_avg_abs=0.0020810342536814667
SC_std_abs=0.00265508626697705
---
run_2
TV=11359.471
FD=11.557291
IGSD=[22.983,30.311,30.901,28.719,23.016,23.013]
SC_pos=0.274047098196759
SC_neg=0.725952901803241
SC_avg=-0.0013313908590412778
SC_std=0.005249216501488019
SC_avg_abs=0.00404292427085798
SC_std_abs=0.003603004140871925
---
run_3
TV=6898.245
FD=6.054573
IGSD=[38.925,43.059,42.899,39.939,38.721,38.896]
SC_pos=0.23351120792225258
SC_neg=0.7664887920777474
SC_avg=-0.0005094149118801065
SC_std=0.0033880109715863646
SC_avg_abs=0.001965301871369668
SC_std_abs=0.002806369621134443
---
run_4
TV=7250.47
FD=6.232636
IGSD=[38.734,37.475,39.966,40.285,38.145,37.563]
SC_pos=0.2540519005413307
SC_neg=0.7459480994586692
SC_avg=-0.0006273674883491867
SC_std=0.0032283949024834824
SC_avg_abs=0.0020503846507981855
SC_std_abs=0.0025713899734560106
---
combined
TV_avg=8338.170000000002
TV_std=1592.9395772386342
FD_avg=7.3853654
FD_std=2.109226949103827
IGSD_avg=35.692400000000006
IGSD_std=5.6263454722700175
SC_pos_avg=0.2562853015315087
SC_neg_avg=0.7437146984684913
SC_avg=-0.0007556989720319457
SC_std=0.003737136160387037
SC_avg_abs=0.0024872953060661143
SC_std_abs=0.0028897456078388565