conf_id=303
---
run_0
TV=8808.558
FD=9.18057
IGSD=[32.527,38.446,31.244,34.831,31.255,33.739]
SC_pos=0.2746025376185385
SC_neg=0.7253974623814615
SC_avg=-0.000717578930094788
SC_std=0.0038195930208174966
SC_avg_abs=0.0029015784428080824
SC_std_abs=0.0025855469258601986
---
run_1
TV=10533.591
FD=12.386138
IGSD=[29.206,26.329,27.372,26.53,30.583,30.57]
SC_pos=0.2722481871563594
SC_neg=0.7277518128436405
SC_avg=-0.001143293981991498
SC_std=0.004870268538485868
SC_avg_abs=0.0037671776923234664
SC_std_abs=0.0032916574853231197
---
run_2
TV=12058.194
FD=13.423882
IGSD=[24.624,24.769,23.068,24.826,25.831,22.611]
SC_pos=0.263576619667362
SC_neg=0.736423380332638
SC_avg=-0.0015478026683071328
SC_std=0.007976255279928873
SC_avg_abs=0.005652717261852554
SC_std_abs=0.0058363626470744724
---
run_3
TV=10172.238
FD=11.59582
IGSD=[25.315,31.773,31.386,31.278,26.533,30.343]
SC_pos=0.27965225058625687
SC_neg=0.7203477494137431
SC_avg=-0.0008753971817062132
SC_std=0.004547614015806758
SC_avg_abs=0.003404634696579748
SC_std_abs=0.0031393591774989
---
run_4
TV=10414.59
FD=12.051589
IGSD=[27.24,28.981,27.754,24.438,28.472,32.061]
SC_pos=0.27145946732095677
SC_neg=0.7285405326790433
SC_avg=-0.0010023092803821498
SC_std=0.0051168289661755965
SC_avg_abs=0.003740857588132505
SC_std_abs=0.0036321546040807913
---
combined
TV_avg=10397.4342
TV_std=1034.6204150679412
FD_avg=11.7275998
FD_std=1.408597996760524
IGSD_avg=28.797833333333337
IGSD_std=3.6678495705552345
SC_pos_avg=0.2723078124698947
SC_neg_avg=0.7276921875301053
SC_avg=-0.0010572764084963578
SC_std=0.005462448123831462
SC_avg_abs=0.003893393136339275
SC_std_abs=0.003974627378185158