conf_id=243
---
run_0
TV=17369.656
FD=24.607165
IGSD=[14.52,17.333,19.328,15.146,20.557,15.293]
SC_pos=0.282886064064271
SC_neg=0.7171139359357289
SC_avg=-0.0024432839908248606
SC_std=0.01160575783664138
SC_avg_abs=0.008219365780688444
SC_std_abs=0.008550162442072764
---
run_1
TV=16407.268
FD=19.315225
IGSD=[14.737,16.635,38.218,16.601,17.296,15.662]
SC_pos=0.2923420006882394
SC_neg=0.7076579993117607
SC_avg=-0.0019301822032234436
SC_std=0.011790431374011732
SC_avg_abs=0.008158676852283641
SC_std_abs=0.008727878742451206
---
run_2
TV=20784.165
FD=27.943517
IGSD=[14.774,13.461,14.767,15.407,13.267,13.43]
SC_pos=0.23577419367536606
SC_neg=0.7642258063246339
SC_avg=-0.004489765795204931
SC_std=0.017802531128764912
SC_avg_abs=0.01304977961020485
SC_std_abs=0.012914773076268824
---
run_3
TV=22459.102
FD=27.826911
IGSD=[13.444,12.593,12.561,12.927,12.714,13.893]
SC_pos=0.20948746884328756
SC_neg=0.7905125311567124
SC_avg=-0.005416697582778612
SC_std=0.021012266751018163
SC_avg_abs=0.01545457342232881
SC_std_abs=0.01523194429654568
---
run_4
TV=17480.123
FD=25.77822
IGSD=[17.169,16.063,16.413,16.074,16.878,18.621]
SC_pos=0.2778344865106533
SC_neg=0.7221655134893467
SC_avg=-0.002406528636848803
SC_std=0.011668062645570252
SC_avg_abs=0.008604777288687093
SC_std_abs=0.008239713210605092
---
combined
TV_avg=18900.062799999996
TV_std=2314.692249574392
FD_avg=25.094207599999997
FD_std=3.1523944955532195
IGSD_avg=16.19273333333333
IGSD_std=4.551365311151761
SC_pos_avg=0.2596648427563635
SC_neg_avg=0.7403351572436365
SC_avg=-0.0033372916417761305
SC_std=0.015346626297794206
SC_avg_abs=0.010697434590838571
SC_std_abs=0.011498754167349955