conf_id=234
---
run_0
TV=7731.365
FD=6.145608
IGSD=[31.786,52.912,45.534,40.533,31.991,31.028]
SC_pos=0.25886688286194875
SC_neg=0.7411331171380513
SC_avg=-0.0005080148108031443
SC_std=0.0027854572541870506
SC_avg_abs=0.0018819645529741455
SC_std_abs=0.0021154338997584963
---
run_1
TV=9590.184
FD=9.412858
IGSD=[28.277,29.077,32.312,29.313,30.464,31.92]
SC_pos=0.24663727112467057
SC_neg=0.7533627288753294
SC_avg=-0.0008322291489962347
SC_std=0.004662915289675962
SC_avg_abs=0.003158259334222193
SC_std_abs=0.0035299833332370356
---
run_2
TV=8995.273
FD=8.881979
IGSD=[30.826,34.505,32.509,31.915,29.973,31.252]
SC_pos=0.24854432814722935
SC_neg=0.7514556718527706
SC_avg=-0.0009198300943301871
SC_std=0.004669871664630895
SC_avg_abs=0.0031507655084325845
SC_std_abs=0.0035674171998000973
---
run_3
TV=9935.13
FD=9.519507
IGSD=[29.121,26.921,25.122,31.421,29.632,27.547]
SC_pos=0.24133853235129046
SC_neg=0.7586614676487096
SC_avg=-0.0011229555365447144
SC_std=0.00590219189749295
SC_avg_abs=0.0038131434222395465
SC_std_abs=0.004642933940227791
---
run_4
TV=9454.498
FD=9.466797
IGSD=[24.708,35.064,34.215,27.159,33.628,33.255]
SC_pos=0.26875871823393055
SC_neg=0.7312412817660695
SC_avg=-0.0008963351593100535
SC_std=0.0041999514248960805
SC_avg_abs=0.0029663904616222597
SC_std_abs=0.00310540437278279
---
combined
TV_avg=9141.289999999999
TV_std=766.6807014675665
FD_avg=8.685349800000001
FD_std=1.2903253539109274
IGSD_avg=32.13066666666667
IGSD_std=5.599818028789467
SC_pos_avg=0.25282914654381394
SC_neg_avg=0.7471708534561861
SC_avg=-0.0008558729499968671
SC_std=0.00456033636419722
SC_avg_abs=0.002994104655898153
SC_std_abs=0.0035446471715369497