conf_id=106
---
run_0
TV=11413.414
FD=11.85997
IGSD=[23.906,28.838,26.017,27.236,23.941,23.61]
SC_pos=0.2661491266797588
SC_neg=0.7338508733202411
SC_avg=-0.0011821801299971002
SC_std=0.006701138354663329
SC_avg_abs=0.0044437497984274365
SC_std_abs=0.005153241003201383
---
run_1
TV=11807.112
FD=11.414055
IGSD=[26.052,25.499,24.233,25.618,25.459,22.873]
SC_pos=0.27812909108274225
SC_neg=0.7218709089172578
SC_avg=-0.001224639353917473
SC_std=0.0062856501160232425
SC_avg_abs=0.0044716730234034266
SC_std_abs=0.004584024356391722
---
run_2
TV=10337.781
FD=10.265911
IGSD=[27.368,29.672,29.339,29.184,29.031,27.374]
SC_pos=0.2643622318595992
SC_neg=0.7356377681404008
SC_avg=-0.001026389512195883
SC_std=0.005270820272581026
SC_avg_abs=0.003816525669756748
SC_std_abs=0.0037774533205169676
---
run_3
TV=8222.039
FD=7.166407
IGSD=[37.835,38.165,36.007,34.106,33.473,32.139]
SC_pos=0.2665777742603861
SC_neg=0.7334222257396139
SC_avg=-0.0006990639538321397
SC_std=0.004108511663073261
SC_avg_abs=0.002723431050292256
SC_std_abs=0.003154596933280138
---
run_4
TV=9180.165
FD=8.725211
IGSD=[31.665,28.91,31.506,28.149,35.146,32.065]
SC_pos=0.2657194432180764
SC_neg=0.7342805567819236
SC_avg=-0.0007628754958491182
SC_std=0.004091787407904194
SC_avg_abs=0.0027350299517346728
SC_std_abs=0.00313756503944772
---
combined
TV_avg=10192.102200000001
TV_std=1343.5957270267568
FD_avg=9.8863108
FD_std=1.7389340825363564
IGSD_avg=29.147199999999998
IGSD_std=4.2088987031447225
SC_pos_avg=0.26818753342011253
SC_neg_avg=0.7318124665798874
SC_avg=-0.0009790296891583426
SC_std=0.005404585680002906
SC_avg_abs=0.003638081898722896
SC_std_abs=0.004114900436575681