conf_id=138
---
run_0
TV=6843.696
FD=5.726185
IGSD=[39.516,45.083,39.429,41.009,39.556,37.355]
SC_pos=0.23946379481765281
SC_neg=0.7605362051823472
SC_avg=-0.0004269752124976859
SC_std=0.003373075692611555
SC_avg_abs=0.0018341768700116498
SC_std_abs=0.002862820754027157
---
run_1
TV=10163.43
FD=9.661949
IGSD=[27.809,31.217,26.056,33.573,27.005,24.928]
SC_pos=0.25361268697394074
SC_neg=0.7463873130260592
SC_avg=-0.001025458386602356
SC_std=0.005102277280602026
SC_avg_abs=0.0034897449214227045
SC_std_abs=0.0038608909249297787
---
run_2
TV=8740.689
FD=7.968909
IGSD=[32.166,32.807,31.918,31.96,33.01,32.513]
SC_pos=0.23870552988527202
SC_neg=0.761294470114728
SC_avg=-0.0008295192474212512
SC_std=0.005030896179378755
SC_avg_abs=0.003038203307193159
SC_std_abs=0.004094794160112406
---
run_3
TV=7297.477
FD=6.301779
IGSD=[40.357,45.527,36.951,36.993,34.758,34.11]
SC_pos=0.24193395678179933
SC_neg=0.7580660432182007
SC_avg=-0.00045853871005818275
SC_std=0.003945956780600102
SC_avg_abs=0.0021407787078222434
SC_std_abs=0.003346326222459589
---
run_4
TV=5962.993
FD=5.112046
IGSD=[48.212,47.529,45.263,45.391,48.19,43.439]
SC_pos=0.2516358115682638
SC_neg=0.7483641884317361
SC_avg=-0.00038346941219867027
SC_std=0.002963789533965187
SC_avg_abs=0.0016331276513276353
SC_std_abs=0.002502796688946719
---
combined
TV_avg=7801.657000000001
TV_std=1484.070406373633
FD_avg=6.9541736
FD_std=1.654614417885883
IGSD_avg=37.121
IGSD_std=6.73905480019268
SC_pos_avg=0.24507035600538576
SC_neg_avg=0.7549296439946143
SC_avg=-0.0006247921937556287
SC_std=0.004180977583970871
SC_avg_abs=0.0024272062915554793
SC_std_abs=0.003461157098612888