conf_id=148
---
run_0
TV=10792.341
FD=11.253499
IGSD=[28.66,27.656,26.147,31.235,27.478,25.117]
SC_pos=0.27881525869368357
SC_neg=0.7211847413063165
SC_avg=-0.0011951584662103685
SC_std=0.005386242248392587
SC_avg_abs=0.004137920268279645
SC_std_abs=0.0036493321541186227
---
run_1
TV=10687.474
FD=10.837041
IGSD=[22.813,33.276,25.701,27.599,25.049,32.011]
SC_pos=0.28077183083067925
SC_neg=0.7192281691693208
SC_avg=-0.0006907260510596578
SC_std=0.005706621792374767
SC_avg_abs=0.003715937618599148
SC_std_abs=0.004385708879246181
---
run_2
TV=7942.894
FD=7.250071
IGSD=[33.941,35.561,38.112,39.555,36.704,37.083]
SC_pos=0.28189514024690016
SC_neg=0.7181048597530998
SC_avg=-0.0005692631851971785
SC_std=0.0035714450296077203
SC_avg_abs=0.002473193560622135
SC_std_abs=0.002638672731739904
---
run_3
TV=9657.903
FD=8.744504
IGSD=[28.12,32.675,26.86,33.355,28.028,25.598]
SC_pos=0.25209905757613366
SC_neg=0.7479009424238664
SC_avg=-0.0008548871674646167
SC_std=0.006014425422445765
SC_avg_abs=0.0035011931862630394
SC_std_abs=0.004964452789958115
---
run_4
TV=10230.62
FD=10.02063
IGSD=[32.667,24.759,26.403,26.039,37.63,27.927]
SC_pos=0.26552158993653985
SC_neg=0.7344784100634602
SC_avg=-0.0010545987978173345
SC_std=0.0052335530302361115
SC_avg_abs=0.0036926634426108964
SC_std_abs=0.003855709097462677
---
combined
TV_avg=9862.2464
TV_std=1039.946683867707
FD_avg=9.621148999999999
FD_std=1.4623995545427384
IGSD_avg=30.1253
IGSD_std=4.647753049592889
SC_pos_avg=0.2718205754567873
SC_neg_avg=0.7281794245432127
SC_avg=-0.0008729267335498299
SC_std=0.005256582920781375
SC_avg_abs=0.0035041816152749697
SC_std_abs=0.00401427157680759