conf_id=230
---
run_0
TV=9083.9
FD=8.53098
IGSD=[32.444,31.912,31.642,33.483,29.846,30.673]
SC_pos=0.2569304068174233
SC_neg=0.7430695931825767
SC_avg=-0.0008759661160980076
SC_std=0.004382130912785355
SC_avg_abs=0.0029667972044279084
SC_std_abs=0.0033419309270449607
---
run_1
TV=10191.077
FD=10.484603
IGSD=[28.488,25.839,28.157,28.591,26.255,27.758]
SC_pos=0.22556434281944862
SC_neg=0.7744356571805514
SC_avg=-0.0012699351579029262
SC_std=0.00643085466728315
SC_avg_abs=0.003937800232435413
SC_std_abs=0.005240453834013513
---
run_2
TV=9951.407
FD=9.058641
IGSD=[30.465,28.053,28.69,28.982,27.505,28.731]
SC_pos=0.2408841949204951
SC_neg=0.7591158050795049
SC_avg=-0.001246896981571707
SC_std=0.005519021481113451
SC_avg_abs=0.003749200354953583
SC_std_abs=0.004237669983618391
---
run_3
TV=8480.2
FD=7.230811
IGSD=[34.565,34.413,37.73,31.669,31.153,33.068]
SC_pos=0.2448615638199067
SC_neg=0.7551384361800934
SC_avg=-0.0007121984955481837
SC_std=0.004657633644622306
SC_avg_abs=0.0027274502261061023
SC_std_abs=0.003842107901750358
---
run_4
TV=9250.1
FD=7.710433
IGSD=[34.164,30.135,30.169,33.176,32.963,31.025]
SC_pos=0.26607661500589724
SC_neg=0.7339233849941027
SC_avg=-0.0009320163665185129
SC_std=0.0038515671672946622
SC_avg_abs=0.0028418612424804673
SC_std_abs=0.0027617112141076474
---
combined
TV_avg=9391.336800000001
TV_std=616.1003983778613
FD_avg=8.603093600000001
FD_std=1.13426662723499
IGSD_avg=30.7248
IGSD_std=2.699989474053556
SC_pos_avg=0.2468634246766342
SC_neg_avg=0.7531365753233659
SC_avg=-0.0010074026235278668
SC_std=0.005055354923420215
SC_avg_abs=0.003244621852080698
SC_std_abs=0.004005484051227817