conf_id=85
---
run_0
TV=16314.855
FD=14.453292
IGSD=[22.167,14.388,13.984,18.806,14.821,19.097]
SC_pos=0.2556800983838391
SC_neg=0.7443199016161609
SC_avg=-0.002210704971597969
SC_std=0.013530686507366562
SC_avg_abs=0.008614494116806976
SC_std_abs=0.01066570133388225
---
run_1
TV=16988.336
FD=22.112899
IGSD=[14.915,22.324,19.13,20.365,13.981,14.015]
SC_pos=0.2562048757263857
SC_neg=0.7437951242736143
SC_avg=-0.002773440872755693
SC_std=0.011577847349568177
SC_avg_abs=0.008214022719083235
SC_std_abs=0.008617908928212174
---
run_2
TV=11944.82
FD=14.158498
IGSD=[21.891,22.446,21.732,22.05,21.67,21.954]
SC_pos=0.17909098951294738
SC_neg=0.8209090104870527
SC_avg=-0.001786537919750816
SC_std=0.010484736392078642
SC_avg_abs=0.005912132164489384
SC_std_abs=0.008841272997690773
---
run_3
TV=14892.487
FD=14.303927
IGSD=[19.772,21.122,18.273,24.95,15.652,15.56]
SC_pos=0.25229546062419295
SC_neg=0.747704539375807
SC_avg=-0.00209012935721311
SC_std=0.009881331784953143
SC_avg_abs=0.006786659465121211
SC_std_abs=0.007480014163000635
---
run_4
TV=13154.094
FD=12.016974
IGSD=[24.902,19.047,18.302,22.458,29.53,19.808]
SC_pos=0.2655362994475232
SC_neg=0.7344637005524768
SC_avg=-0.0016414143298691813
SC_std=0.008537990189425986
SC_avg_abs=0.005737530143855329
SC_std_abs=0.006532401191398582
---
combined
TV_avg=14658.9184
TV_std=1889.6398211846194
FD_avg=15.409118000000001
FD_std=3.468325863751963
IGSD_avg=19.637066666666666
IGSD_std=3.7291390957640016
SC_pos_avg=0.24176154473897765
SC_neg_avg=0.7582384552610223
SC_avg=-0.0021004454902373527
SC_std=0.01093954434216243
SC_avg_abs=0.007052967721871221
SC_std_abs=0.008622131290222814