conf_id=93
---
run_0
TV=12111.807
FD=13.575924
IGSD=[22.842,24.379,21.716,23.963,25.033,24.954]
SC_pos=0.2615939433277762
SC_neg=0.7384060566722238
SC_avg=-0.0012522923154890215
SC_std=0.007755194786060405
SC_avg_abs=0.004787316124436832
SC_std_abs=0.006228393576025721
---
run_1
TV=14483.194
FD=17.394113
IGSD=[16.781,19.584,23.597,16.806,19.466,23.361]
SC_pos=0.2777219898280624
SC_neg=0.7222780101719376
SC_avg=-0.0012468704078534762
SC_std=0.008776736290928336
SC_avg_abs=0.005797614087162864
SC_std_abs=0.006706225214739654
---
run_2
TV=16339.819
FD=20.456551
IGSD=[16.171,20.907,14.625,14.057,24.704,18.835]
SC_pos=0.2854326740502887
SC_neg=0.7145673259497113
SC_avg=-0.0020888888660436132
SC_std=0.010460964938474555
SC_avg_abs=0.007368352445094755
SC_std_abs=0.007713794551551207
---
run_3
TV=8241.949
FD=8.03147
IGSD=[30.302,32.516,30.899,30.901,30.383,30.039]
SC_pos=0.18540281995827884
SC_neg=0.8145971800417211
SC_avg=-0.0006915699874290371
SC_std=0.007294172215096339
SC_avg_abs=0.0031995022572749252
SC_std_abs=0.006591388522662638
---
run_4
TV=15887.608
FD=18.813666
IGSD=[17.702,18.927,21.169,19.838,16.988,17.657]
SC_pos=0.24853231192698944
SC_neg=0.7514676880730106
SC_avg=-0.0026165024878035677
SC_std=0.010058139845447484
SC_avg_abs=0.00753529394727139
SC_std_abs=0.007157625831759856
---
combined
TV_avg=13412.8754
TV_std=2975.50469669551
FD_avg=15.6543448
FD_std=4.438408306142346
IGSD_avg=22.3034
IGSD_std=5.216697023979828
SC_pos_avg=0.2517367478182791
SC_neg_avg=0.7482632521817209
SC_avg=-0.0015792248129237422
SC_std=0.008981292076397605
SC_avg_abs=0.005737615772248155
SC_std_abs=0.007087829260173083