conf_id=65
---
run_0
TV=9697.541
FD=8.43169
IGSD=[31.496,27.687,26.357,37.467,28.373,28.721]
SC_pos=0.2524473207868801
SC_neg=0.7475526792131199
SC_avg=-0.0008568231550692434
SC_std=0.00450414065839525
SC_avg_abs=0.0030850014316581896
SC_std_abs=0.0033917834772194595
---
run_1
TV=8123.694
FD=7.656998
IGSD=[38.64,33.015,33.089,36.421,36.167,39.869]
SC_pos=0.26330190401153225
SC_neg=0.7366980959884677
SC_avg=-0.0007444748826428876
SC_std=0.0035065729609163637
SC_avg_abs=0.002584292275848736
SC_std_abs=0.0024842967242470182
---
run_2
TV=9633.097
FD=8.579296
IGSD=[29.35,30.852,30.028,29.681,29.27,30.121]
SC_pos=0.23739265423595587
SC_neg=0.7626073457640441
SC_avg=-0.001039725024158294
SC_std=0.0050285427086980685
SC_avg_abs=0.0033762547278076336
SC_std_abs=0.00386887243418778
---
run_3
TV=8007.214
FD=6.990124
IGSD=[38.727,35.496,34.523,37.125,37.184,35.328]
SC_pos=0.26461395095600426
SC_neg=0.7353860490439957
SC_avg=-0.0006898458401897854
SC_std=0.0035594901451587073
SC_avg_abs=0.002479536462409076
SC_std_abs=0.0026453272592049976
---
run_4
TV=8729.04
FD=8.865794
IGSD=[33.238,32.619,32.593,30.904,34.162,32.798]
SC_pos=0.24769552721062715
SC_neg=0.7523044727893728
SC_avg=-0.0007942666806933952
SC_std=0.004349904831805976
SC_avg_abs=0.0028488451876540737
SC_std_abs=0.003381806130251836
---
combined
TV_avg=8838.1172
TV_std=718.7907376201779
FD_avg=8.1047804
FD_std=0.6861697469884837
IGSD_avg=33.04336666666667
IGSD_std=3.5702355522974796
SC_pos_avg=0.2530902714401999
SC_neg_avg=0.7469097285598001
SC_avg=-0.0008250271165507234
SC_std=0.004231643556283232
SC_avg_abs=0.002874786017075547
SC_std_abs=0.003212955381966011