conf_id=45
---
run_0
TV=8435.685
FD=7.518409
IGSD=[33.648,34.056,35.545,35.858,32.041,33.319]
SC_pos=0.25745041910711614
SC_neg=0.7425495808928839
SC_avg=-0.0006930342162788626
SC_std=0.0036871349242912355
SC_avg_abs=0.0025475734722136692
SC_std_abs=0.0027541114317569974
---
run_1
TV=7297.942
FD=6.422005
IGSD=[37.556,34.588,34.556,39.396,48.388,41.269]
SC_pos=0.24929699932191227
SC_neg=0.7507030006780877
SC_avg=-0.0005001675047565199
SC_std=0.003494239872213222
SC_avg_abs=0.0021434019777589164
SC_std_abs=0.002804586917732842
---
run_2
TV=8982.804
FD=7.839616
IGSD=[32.969,30.071,28.757,32.039,36.709,37.316]
SC_pos=0.25675161374730177
SC_neg=0.7432483862526982
SC_avg=-0.000818052830599097
SC_std=0.003887372073032437
SC_avg_abs=0.0027771851729738108
SC_std_abs=0.0028404426737496614
---
run_3
TV=9097.738
FD=8.913466
IGSD=[28.08,31.322,33.634,32.774,35.677,34.55]
SC_pos=0.27863460103766274
SC_neg=0.7213653989623372
SC_avg=-0.0007222181493620165
SC_std=0.0038575708219265197
SC_avg_abs=0.0028365155857491622
SC_std_abs=0.002712311013370113
---
run_4
TV=9111.959
FD=8.530903
IGSD=[27.812,35.511,41.93,30.849,33.278,28.854]
SC_pos=0.27547516381940945
SC_neg=0.7245248361805905
SC_avg=-0.0008082808857855019
SC_std=0.0036686442901829085
SC_avg_abs=0.002825801456277969
SC_std_abs=0.0024753010014774294
---
combined
TV_avg=8585.225600000002
TV_std=689.5864089225078
FD_avg=7.844879799999999
FD_std=0.8652962365671999
IGSD_avg=34.41173333333334
IGSD_std=4.324278351612234
SC_pos_avg=0.2635217594066805
SC_neg_avg=0.7364782405933196
SC_avg=-0.0007083507173563988
SC_std=0.0037234910819243863
SC_avg_abs=0.00262609553299471
SC_std_abs=0.002733087782625172