conf_id=267
---
run_0
TV=10945.5
FD=9.265482
IGSD=[29.22,23.525,25.48,31.544,25.762,22.931]
SC_pos=0.2619297759658607
SC_neg=0.7380702240341394
SC_avg=-0.001183437690076258
SC_std=0.00506374299699363
SC_avg_abs=0.0036772168169262264
SC_std_abs=0.003676968097116159
---
run_1
TV=11976.39
FD=12.381325
IGSD=[26.843,23.879,22.538,22.241,25.751,27.957]
SC_pos=0.25852524928995535
SC_neg=0.7414747507100446
SC_avg=-0.001471713653558252
SC_std=0.006322653740792923
SC_avg_abs=0.004742571799935804
SC_std_abs=0.004432821237822043
---
run_2
TV=10817.126
FD=11.038798
IGSD=[25.509,28.44,31.788,26.271,24.774,25.123]
SC_pos=0.263865423305542
SC_neg=0.7361345766944579
SC_avg=-0.0012203887178009103
SC_std=0.00568529774122358
SC_avg_abs=0.0039839654771920575
SC_std_abs=0.00423556113229871
---
run_3
TV=10622.879
FD=10.670443
IGSD=[21.198,39.654,32.,25.732,22.469,27.453]
SC_pos=0.2725749040411585
SC_neg=0.7274250959588415
SC_avg=-0.0007966703671358985
SC_std=0.005520386496082665
SC_avg_abs=0.003650039596689387
SC_std_abs=0.00421741172789709
---
run_4
TV=9500.002
FD=8.640256
IGSD=[28.307,37.735,31.319,30.063,29.08,29.808]
SC_pos=0.26249080914533807
SC_neg=0.7375091908546619
SC_avg=-0.0009176433879334469
SC_std=0.00452752630948756
SC_avg_abs=0.0031710824012039806
SC_std_abs=0.003359285679321487
---
combined
TV_avg=10772.379400000002
TV_std=790.3048959609447
FD_avg=10.3992608
FD_std=1.3259470851021768
IGSD_avg=27.4798
IGSD_std=4.244607727458451
SC_pos_avg=0.2638772323495709
SC_neg_avg=0.736122767650429
SC_avg=-0.0011179707633009544
SC_std=0.005462535854552734
SC_avg_abs=0.0038449752183895005
SC_std_abs=0.004037984913275503