conf_id=314
---
run_0
TV=8545.687
FD=7.217076
IGSD=[33.944,31.753,31.579,33.101,33.434,32.062]
SC_pos=0.21621924546838295
SC_neg=0.7837807545316171
SC_avg=-0.0008794256740372959
SC_std=0.004411496791431525
SC_avg_abs=0.0028245125752964506
SC_std_abs=0.003500974459912388
---
run_1
TV=7810.647
FD=6.789189
IGSD=[37.327,41.628,38.272,41.001,34.321,34.281]
SC_pos=0.26448674476243
SC_neg=0.73551325523757
SC_avg=-0.0006460167838017102
SC_std=0.0030360975485788757
SC_avg_abs=0.00214627492587527
SC_std_abs=0.002242482988118143
---
run_2
TV=6662.366
FD=5.732127
IGSD=[40.515,42.529,42.662,40.919,39.152,38.883]
SC_pos=0.22065882449460916
SC_neg=0.7793411755053908
SC_avg=-0.0004955770063004798
SC_std=0.003109712271784477
SC_avg_abs=0.0018380961243145773
SC_std_abs=0.002556816305533204
---
run_3
TV=6836.138
FD=5.586455
IGSD=[42.362,40.096,42.003,38.069,41.615,42.789]
SC_pos=0.23580236964006657
SC_neg=0.7641976303599335
SC_avg=-0.0004830570041572308
SC_std=0.002742889837117879
SC_avg_abs=0.0017374826492620181
SC_std_abs=0.0021766815962247074
---
run_4
TV=6761.126
FD=5.749983
IGSD=[39.834,41.086,40.491,40.761,40.465,40.732]
SC_pos=0.22726588104066267
SC_neg=0.7727341189593373
SC_avg=-0.0005832601544832417
SC_std=0.0030228803173483845
SC_avg_abs=0.0018702878777926053
SC_std_abs=0.002445408161228329
---
combined
TV_avg=7323.192799999999
TV_std=737.8261572477354
FD_avg=6.2149659999999995
FD_std=0.6600492819721872
IGSD_avg=38.58886666666667
IGSD_std=3.6119145960126042
SC_pos_avg=0.23288661308123026
SC_neg_avg=0.7671133869187697
SC_avg=-0.0006174673245559926
SC_std=0.003320068779800983
SC_avg_abs=0.0020833308305081817
SC_std_abs=0.002657791423373472