conf_id=161
---
run_0
TV=19651.105
FD=31.676366
IGSD=[13.336,15.898,18.676,15.634,13.54,13.818]
SC_pos=0.2480417186592633
SC_neg=0.7519582813407367
SC_avg=-0.0036916839208097772
SC_std=0.015955822052184515
SC_avg_abs=0.011531997819648318
SC_std_abs=0.011628835445553858
---
run_1
TV=19229.381
FD=20.078423
IGSD=[15.931,16.178,14.192,16.833,13.82,14.466]
SC_pos=0.2534591694015653
SC_neg=0.7465408305984347
SC_avg=-0.003435722037197435
SC_std=0.01538303906071227
SC_avg_abs=0.010867611857391532
SC_std_abs=0.011416527019079236
---
run_2
TV=17010.408
FD=19.435706
IGSD=[17.772,13.831,16.587,13.271,25.151,23.114]
SC_pos=0.2763241719322227
SC_neg=0.7236758280677773
SC_avg=-0.002226601735196167
SC_std=0.011243226567174774
SC_avg_abs=0.00821963860475607
SC_std_abs=0.007987830752789325
---
run_3
TV=18474.277
FD=21.584916
IGSD=[18.471,14.549,13.785,19.559,13.04,14.188]
SC_pos=0.2580029580619411
SC_neg=0.7419970419380588
SC_avg=-0.0032212354091766702
SC_std=0.01503175693144699
SC_avg_abs=0.01072095283725471
SC_std_abs=0.01101776947792965
---
run_4
TV=18817.302
FD=29.116542
IGSD=[14.453,16.663,15.623,14.529,14.452,19.267]
SC_pos=0.25630079831209396
SC_neg=0.743699201687906
SC_avg=-0.003157005651058996
SC_std=0.01509119467714645
SC_avg_abs=0.010762832084335322
SC_std_abs=0.01103957820701289
---
combined
TV_avg=18636.494599999998
TV_std=903.7822794719094
FD_avg=24.378390599999996
FD_std=5.028595755979977
IGSD_avg=16.020899999999997
IGSD_std=2.842124737469018
SC_pos_avg=0.25842576327341726
SC_neg_avg=0.7415742367265827
SC_avg=-0.003146449750687805
SC_std=0.014646275625046813
SC_avg_abs=0.010420606640677198
SC_std_abs=0.010762178820235174