conf_id=57
---
run_0
TV=7236.022
FD=6.123674
IGSD=[42.077,36.88,41.155,38.99,43.393,37.477]
SC_pos=0.25965021611586453
SC_neg=0.7403497838841354
SC_avg=-0.0005605149407831838
SC_std=0.003029842820325837
SC_avg_abs=0.002003556373860673
SC_std_abs=0.0023409157121698047
---
run_1
TV=8499.552
FD=6.577445
IGSD=[39.029,30.517,31.457,36.874,33.664,32.482]
SC_pos=0.24806575109974313
SC_neg=0.7519342489002568
SC_avg=-0.0008471496027078948
SC_std=0.003824804936466207
SC_avg_abs=0.0025608439347316555
SC_std_abs=0.0029646034462188216
---
run_2
TV=6729.954
FD=5.416222
IGSD=[39.42,52.906,40.096,42.256,38.633,44.724]
SC_pos=0.26875022400927817
SC_neg=0.7312497759907218
SC_avg=-0.00038461061886266925
SC_std=0.002641682016120375
SC_avg_abs=0.0016414283707931788
SC_std_abs=0.0021052605791186474
---
run_3
TV=6589.282
FD=5.420868
IGSD=[42.293,41.829,41.454,42.039,44.792,45.15]
SC_pos=0.23898231730321212
SC_neg=0.7610176826967878
SC_avg=-0.00045516957059110437
SC_std=0.002621851182727336
SC_avg_abs=0.0016386768148137685
SC_std_abs=0.002096669086659271
---
run_4
TV=6355.996
FD=5.441209
IGSD=[43.296,43.532,43.934,47.242,45.552,45.749]
SC_pos=0.2547229442888666
SC_neg=0.7452770557111333
SC_avg=-0.00046725913196329124
SC_std=0.0025113779320752295
SC_avg_abs=0.001644941553858119
SC_std_abs=0.001954358590051577
---
combined
TV_avg=7082.1612
TV_std=765.1098667403002
FD_avg=5.7958836
FD_std=0.47515438984506925
IGSD_avg=40.96306666666666
IGSD_std=4.804262669292297
SC_pos_avg=0.25403429056339294
SC_neg_avg=0.7459657094366071
SC_avg=-0.0005429407729816287
SC_std=0.002969849785096551
SC_avg_abs=0.0018978894096114765
SC_std_abs=0.002347937013185945