conf_id=268
---
run_0
TV=11940.745
FD=10.592582
IGSD=[23.671,24.73,24.59,23.749,24.704,26.166]
SC_pos=0.24458498357817762
SC_neg=0.7554150164218224
SC_avg=-0.0014122191801927899
SC_std=0.007146563610124498
SC_avg_abs=0.0050631554164375986
SC_std_abs=0.005237574980413989
---
run_1
TV=11481.118
FD=10.474242
IGSD=[21.644,36.326,23.744,24.599,22.146,24.833]
SC_pos=0.28137885712900595
SC_neg=0.7186211428709941
SC_avg=-0.0007515125544643542
SC_std=0.006198553154671614
SC_avg_abs=0.0038923325626733277
SC_std_abs=0.0048822719662427495
---
run_2
TV=11685.273
FD=13.279113
IGSD=[26.76,24.323,23.024,25.196,27.005,26.463]
SC_pos=0.28189969812354293
SC_neg=0.7181003018764571
SC_avg=-0.0011688479036696103
SC_std=0.005985682562320201
SC_avg_abs=0.0045458812113149324
SC_std_abs=0.00406565679458939
---
run_3
TV=9993.706
FD=9.108939
IGSD=[30.458,27.576,31.118,22.612,40.489,26.912]
SC_pos=0.2676863741656237
SC_neg=0.7323136258343763
SC_avg=-0.0009184717488211901
SC_std=0.004910772050362988
SC_avg_abs=0.0032671500163019775
SC_std_abs=0.0037795506683978865
---
run_4
TV=13971.173
FD=14.021979
IGSD=[24.388,18.333,18.53,24.648,20.283,21.301]
SC_pos=0.2638859337504343
SC_neg=0.7361140662495657
SC_avg=-0.001992748466999041
SC_std=0.008071070689748211
SC_avg_abs=0.006066372305121081
SC_std_abs=0.005684395797910259
---
combined
TV_avg=11814.403
TV_std=1273.6019902464036
FD_avg=11.495371
FD_std=1.8503120608164452
IGSD_avg=25.344033333333336
IGSD_std=4.510891689258591
SC_pos_avg=0.2678871693493569
SC_neg_avg=0.7321128306506431
SC_avg=-0.001248759970829396
SC_std=0.006565434663873579
SC_avg_abs=0.004566978302369792
SC_std_abs=0.004879246148332978