conf_id=310
---
run_0
TV=9087.685
FD=8.264882
IGSD=[34.95,30.578,31.441,31.878,31.791,32.363]
SC_pos=0.2542835235452656
SC_neg=0.7457164764547344
SC_avg=-0.0008843707496948147
SC_std=0.004131394745722019
SC_avg_abs=0.0028716671347794077
SC_std_abs=0.003099042115706576
---
run_1
TV=9223.89
FD=9.160031
IGSD=[32.333,28.551,29.223,29.95,30.075,30.898]
SC_pos=0.22637481615700975
SC_neg=0.7736251838429903
SC_avg=-0.0008965529797243674
SC_std=0.005751418166698263
SC_avg_abs=0.0033870389577148018
SC_std_abs=0.004733981967921055
---
run_2
TV=8350.297
FD=7.096095
IGSD=[32.733,33.078,31.257,33.251,37.717,40.738]
SC_pos=0.25064364469362677
SC_neg=0.7493563553063732
SC_avg=-0.0007319279622234669
SC_std=0.0035554308340964005
SC_avg_abs=0.0024706670356539153
SC_std_abs=0.0026594381656397143
---
run_3
TV=7756.498
FD=6.39028
IGSD=[34.635,36.801,33.22,34.901,38.382,37.344]
SC_pos=0.23030453452788374
SC_neg=0.7696954654721162
SC_avg=-0.0005789511758331797
SC_std=0.003651783899021561
SC_avg_abs=0.0021952608651276107
SC_std_abs=0.002975153751185123
---
run_4
TV=7505.302
FD=6.635375
IGSD=[36.682,39.297,37.357,39.816,36.938,37.395]
SC_pos=0.2438698112976917
SC_neg=0.7561301887023083
SC_avg=-0.0007233711392382915
SC_std=0.0034901686644662785
SC_avg_abs=0.0023524938347320523
SC_std_abs=0.002677744548879317
---
combined
TV_avg=8384.734399999998
TV_std=688.1264305380515
FD_avg=7.5093326000000005
FD_std=1.0471395347155221
IGSD_avg=34.18576666666667
IGSD_std=3.3527293327808154
SC_pos_avg=0.24109526604429551
SC_neg_avg=0.7589047339557045
SC_avg=-0.0007630348013428255
SC_std=0.004204143241609599
SC_avg_abs=0.0026554255656015533
SC_std_abs=0.003347500197099557