conf_id=188
---
run_0
TV=13771.208
FD=16.106718
IGSD=[22.831,20.658,21.261,21.478,20.926,19.343]
SC_pos=0.23901442961592223
SC_neg=0.7609855703840778
SC_avg=-0.0020693486010398216
SC_std=0.009233787953922023
SC_avg_abs=0.006270364318151167
SC_std_abs=0.007087141520265942
---
run_1
TV=14190.789
FD=15.992303
IGSD=[18.92,27.16,17.659,20.497,22.7,18.657]
SC_pos=0.27484534813786915
SC_neg=0.7251546518621309
SC_avg=-0.001721636253928966
SC_std=0.008645005038110956
SC_avg_abs=0.00608527948590054
SC_std_abs=0.006377265642756666
---
run_2
TV=13153.165
FD=14.263918
IGSD=[24.635,21.526,20.14,23.19,23.002,22.833]
SC_pos=0.265930555777119
SC_neg=0.734069444222881
SC_avg=-0.0018009509619764507
SC_std=0.007403583246833904
SC_avg_abs=0.005373569866807026
SC_std_abs=0.005401964100842125
---
run_3
TV=12029.256
FD=11.201303
IGSD=[20.112,27.516,22.44,21.896,24.639,22.291]
SC_pos=0.23136237626141826
SC_neg=0.7686376237385817
SC_avg=-0.0013847477603188476
SC_std=0.009115532884415635
SC_avg_abs=0.005243066903478688
SC_std_abs=0.007584241265427758
---
run_4
TV=11427.177
FD=11.593405
IGSD=[21.245,30.446,30.363,24.279,20.232,21.907]
SC_pos=0.24030886658245645
SC_neg=0.7596911334175436
SC_avg=-0.0008936016008774218
SC_std=0.008369045442744243
SC_avg_abs=0.004531083219053666
SC_std_abs=0.007092864746054261
---
combined
TV_avg=12914.319
TV_std=1040.7314421184753
FD_avg=13.831529399999999
FD_std=2.095694508394256
IGSD_avg=22.492733333333334
IGSD_std=3.0456490598155845
SC_pos_avg=0.250292315274957
SC_neg_avg=0.749707684725043
SC_avg=-0.0015740570356283024
SC_std=0.008587936774150068
SC_avg_abs=0.0055006727586782095
SC_std_abs=0.0067803327934656404