conf_id=117
---
run_0
TV=6901.334
FD=6.119803
IGSD=[38.969,44.487,40.11,38.925,38.173,36.924]
SC_pos=0.230437956007789
SC_neg=0.769562043992211
SC_avg=-0.0005299490409314414
SC_std=0.0036582722987941207
SC_avg_abs=0.00200879230825415
SC_std_abs=0.0031029914051456126
---
run_1
TV=10614.164
FD=10.229636
IGSD=[27.36,26.436,30.903,30.4,26.27,24.616]
SC_pos=0.2640311642743684
SC_neg=0.7359688357256315
SC_avg=-0.0012235028622702086
SC_std=0.005844015443951311
SC_avg_abs=0.004072884046665365
SC_std_abs=0.004365900972942881
---
run_2
TV=8421.141
FD=7.38146
IGSD=[32.803,32.296,35.703,32.831,33.53,32.589]
SC_pos=0.22295620149875414
SC_neg=0.7770437985012458
SC_avg=-0.0008522987100690801
SC_std=0.004055784664144542
SC_avg_abs=0.0026167379189638166
SC_std_abs=0.0032137960415297632
---
run_3
TV=6064.321
FD=4.99293
IGSD=[48.581,52.409,48.837,45.601,47.216,42.722]
SC_pos=0.2609059111309356
SC_neg=0.7390940888690645
SC_avg=-0.00039823009945083696
SC_std=0.0022819535030493793
SC_avg_abs=0.0014738691419791201
SC_std_abs=0.0017870670817039
---
run_4
TV=8582.127
FD=7.647074
IGSD=[35.608,28.519,28.484,32.693,44.006,36.249]
SC_pos=0.2621897821107071
SC_neg=0.7378102178892929
SC_avg=-0.0007443188088821388
SC_std=0.004044356194811371
SC_avg_abs=0.0027450181970864775
SC_std_abs=0.0030619769132749766
---
combined
TV_avg=8116.6174
TV_std=1564.3533543026142
FD_avg=7.274180599999999
FD_std=1.7562441129979165
IGSD_avg=36.475
IGSD_std=7.41130983924794
SC_pos_avg=0.24810420300451086
SC_neg_avg=0.7518957969954891
SC_avg=-0.0007496599043207418
SC_std=0.004146223750729106
SC_avg_abs=0.002583460322589786
SC_std_abs=0.003328497277280038