conf_id=92
---
run_0
TV=13347.573
FD=14.127125
IGSD=[22.577,20.199,20.515,20.38,25.33,21.892]
SC_pos=0.23610567561301887
SC_neg=0.7638943243869811
SC_avg=-0.0018312189090278343
SC_std=0.008570111590690791
SC_avg_abs=0.005884193389897161
SC_std_abs=0.006494339344380171
---
run_1
TV=10768.526
FD=10.187977
IGSD=[22.916,30.945,38.193,28.448,23.528,23.331]
SC_pos=0.2641428322521152
SC_neg=0.7358571677478848
SC_avg=-0.001040553374881963
SC_std=0.005261303521598851
SC_avg_abs=0.003603643447686299
SC_std_abs=0.003972130407516134
---
run_2
TV=12638.831
FD=11.794743
IGSD=[19.219,30.399,24.261,23.796,18.866,23.21]
SC_pos=0.27618184187524303
SC_neg=0.7238181581247569
SC_avg=-0.0011342275795549488
SC_std=0.007149272232239737
SC_avg_abs=0.004872606491492352
SC_std_abs=0.005353155296828571
---
run_3
TV=7926.413
FD=6.878412
IGSD=[33.428,34.669,36.4,35.473,34.831,35.543]
SC_pos=0.23862576704402433
SC_neg=0.7613742329559757
SC_avg=-0.000630156491648218
SC_std=0.004234792171710782
SC_avg_abs=0.002426421219566899
SC_std_abs=0.003527469632298028
---
run_4
TV=12373.462
FD=12.171301
IGSD=[19.39,29.155,28.752,24.7,20.287,19.448]
SC_pos=0.23882196291587257
SC_neg=0.7611780370841275
SC_avg=-0.0017015683778857944
SC_std=0.0069973461950435575
SC_avg_abs=0.004745506773088156
SC_std_abs=0.005416489101298537
---
combined
TV_avg=11410.961
TV_std=1935.9409311223317
FD_avg=11.031911599999999
FD_std=2.425870997290466
IGSD_avg=26.33603333333333
IGSD_std=6.029054892675044
SC_pos_avg=0.2507756159400548
SC_neg_avg=0.7492243840599452
SC_avg=-0.0012675449465997526
SC_std=0.006635031375903899
SC_avg_abs=0.004306474264346177
SC_std_abs=0.005204285826259334