conf_id=318
---
run_0
TV=5695.354
FD=4.956027
IGSD=[48.107,50.205,47.017,46.115,50.059,44.545]
SC_pos=0.23245564512703942
SC_neg=0.7675443548729606
SC_avg=-0.0003458588936203005
SC_std=0.0028076313282323915
SC_avg_abs=0.0014577492462017195
SC_std_abs=0.0024243306673732753
---
run_1
TV=6404.215
FD=5.327894
IGSD=[41.534,46.359,43.232,43.292,43.914,40.95]
SC_pos=0.22439876945617696
SC_neg=0.775601230543823
SC_avg=-0.00044243261947586577
SC_std=0.003195515188219587
SC_avg_abs=0.0016622277523696335
SC_std_abs=0.0027647898365283623
---
run_2
TV=5821.088
FD=5.013655
IGSD=[48.273,48.596,46.875,45.879,48.939,44.638]
SC_pos=0.23482988450547765
SC_neg=0.7651701154945224
SC_avg=-0.0003361684981750445
SC_std=0.002616042532049335
SC_avg_abs=0.0014103853569603282
SC_std_abs=0.00222878911822726
---
run_3
TV=5737.799
FD=4.853985
IGSD=[45.398,49.107,46.517,48.458,50.427,45.073]
SC_pos=0.23626064341887157
SC_neg=0.7637393565811285
SC_avg=-0.00033131003529351087
SC_std=0.002782045103896337
SC_avg_abs=0.001464711294726632
SC_std_abs=0.002388338778879579
---
run_4
TV=5607.663
FD=4.781738
IGSD=[46.711,51.261,45.9,48.365,50.755,46.508]
SC_pos=0.23623060286827177
SC_neg=0.7637693971317282
SC_avg=-0.00034266950777804876
SC_std=0.0028075815856691408
SC_avg_abs=0.0014459565437880224
SC_std_abs=0.0024308735930166927
---
combined
TV_avg=5853.2238
TV_std=283.96122158590606
FD_avg=4.9866598
FD_std=0.18852237807687444
IGSD_avg=46.766966666666676
IGSD_std=2.6182288858861993
SC_pos_avg=0.23283510907516747
SC_neg_avg=0.7671648909248325
SC_avg=-0.00035968791086855417
SC_std=0.002848465020475665
SC_avg_abs=0.0014882060388092672
SC_std_abs=0.0024552741501001523