conf_id=316
---
run_0
TV=7364.998
FD=6.217803
IGSD=[36.929,37.694,38.26,38.158,38.014,40.023]
SC_pos=0.2422571516710108
SC_neg=0.7577428483289892
SC_avg=-0.0005770093946171362
SC_std=0.003983558521484681
SC_avg_abs=0.0022232488669856254
SC_std_abs=0.003355419915750754
---
run_1
TV=6668.359
FD=5.619503
IGSD=[43.765,41.42,39.312,41.179,37.448,37.959]
SC_pos=0.21981893213508139
SC_neg=0.7801810678649186
SC_avg=-0.0005120632253967827
SC_std=0.0035735543404370575
SC_avg_abs=0.0018131594894894147
SC_std_abs=0.003121690573476937
---
run_2
TV=6151.152
FD=5.109742
IGSD=[45.569,48.969,43.59,48.293,42.415,43.117]
SC_pos=0.24847906764075398
SC_neg=0.751520932359246
SC_avg=-0.00040037559429320895
SC_std=0.002752353968226654
SC_avg_abs=0.0015366613297333445
SC_std_abs=0.0023182806000613464
---
run_3
TV=6751.708
FD=5.717277
IGSD=[39.114,38.582,48.466,37.03,40.214,38.491]
SC_pos=0.22870948487914064
SC_neg=0.7712905151208593
SC_avg=-0.0004032264541644277
SC_std=0.0038497298699149032
SC_avg_abs=0.0019504501541115322
SC_std_abs=0.003343464646288238
---
run_4
TV=6562.284
FD=5.546717
IGSD=[44.558,41.412,39.994,42.555,41.887,40.789]
SC_pos=0.23493865201626996
SC_neg=0.76506134798373
SC_avg=-0.00048696489677669803
SC_std=0.0033147633564230444
SC_avg_abs=0.0017871741589036627
SC_std_abs=0.0028338665186498635
---
combined
TV_avg=6699.700199999999
TV_std=391.43239122709286
FD_avg=5.6422083999999995
FD_std=0.35499268951548857
IGSD_avg=41.17353333333334
IGSD_std=3.367945186938502
SC_pos_avg=0.23484065766845136
SC_neg_avg=0.7651593423315487
SC_avg=-0.0004759279130496498
SC_std=0.0035226466289334287
SC_avg_abs=0.0018621387998447156
SC_std_abs=0.0030278681841963916