conf_id=8
---
run_0
TV=22483.369
FD=33.515944
IGSD=[12.405,13.445,12.931,12.311,13.251,13.363]
SC_pos=0.20026046193251068
SC_neg=0.7997395380674893
SC_avg=-0.005180007145772914
SC_std=0.022368066061600873
SC_avg_abs=0.016192166068204086
SC_std_abs=0.016278102204682808
---
run_1
TV=15759.842
FD=17.775128
IGSD=[13.618,25.603,20.468,14.122,25.061,18.085]
SC_pos=0.2737011139243339
SC_neg=0.7262988860756662
SC_avg=-0.0016230094779993772
SC_std=0.009555513793680673
SC_avg_abs=0.006497499602257589
SC_std_abs=0.007191974871032283
---
run_2
TV=11091.528
FD=10.586113
IGSD=[25.521,30.773,25.873,25.508,24.748,26.947]
SC_pos=0.2679840863808781
SC_neg=0.7320159136191219
SC_avg=-0.0012076409623811846
SC_std=0.005808250483384842
SC_avg_abs=0.004109844815416468
SC_std_abs=0.004278240989583872
---
run_3
TV=11863.226
FD=12.268184
IGSD=[24.422,23.583,24.972,21.681,24.433,24.982]
SC_pos=0.24331416469970119
SC_neg=0.7566858353002988
SC_avg=-0.0013940073218802673
SC_std=0.00779720400281776
SC_avg_abs=0.0048250131539578295
SC_std_abs=0.006281631534812191
---
run_4
TV=11190.2
FD=9.122871
IGSD=[23.894,23.493,24.163,28.383,24.845,24.63]
SC_pos=0.21456887977129405
SC_neg=0.785431120228706
SC_avg=-0.0014828298308345485
SC_std=0.007771710923232394
SC_avg_abs=0.004627690159364635
SC_std_abs=0.006417379431701242
---
combined
TV_avg=14477.632999999998
TV_std=4355.316649419189
FD_avg=16.653648
FD_std=8.925857062235155
IGSD_avg=21.583800000000004
IGSD_std=5.497660989911982
SC_pos_avg=0.2399657413417436
SC_neg_avg=0.7600342586582565
SC_avg=-0.0021774989477736572
SC_std=0.01231202209780177
SC_avg_abs=0.007250442759840134
SC_std_abs=0.010186190141097723