conf_id=22
---
run_0
TV=13144.131
FD=15.964101
IGSD=[23.302,23.655,29.3,22.566,20.175,19.473]
SC_pos=0.27762896770930856
SC_neg=0.7223710322906914
SC_avg=-0.0015244476667130088
SC_std=0.006963559392078456
SC_avg_abs=0.005352405205490797
SC_std_abs=0.004708169348248412
---
run_1
TV=13076.5
FD=14.595452
IGSD=[23.301,22.733,20.251,21.041,23.558,27.412]
SC_pos=0.28129536511595965
SC_neg=0.7187046348840403
SC_avg=-0.0015844301163924568
SC_std=0.006728044931267893
SC_avg_abs=0.0052583691943141634
SC_std_abs=0.004486263568625769
---
run_2
TV=12521.314
FD=12.306733
IGSD=[23.609,24.761,21.967,24.311,24.75,23.36]
SC_pos=0.279407989833449
SC_neg=0.7205920101665511
SC_avg=-0.0015200948875334587
SC_std=0.006729406555763073
SC_avg_abs=0.005231996072681985
SC_std_abs=0.004496867593702612
---
run_3
TV=14091.865
FD=18.448976
IGSD=[23.358,19.932,21.492,21.556,20.313,19.837]
SC_pos=0.2758223911491008
SC_neg=0.7241776088508992
SC_avg=-0.001828151019076715
SC_std=0.008276905454506153
SC_avg_abs=0.006289088755187362
SC_std_abs=0.005683015280708014
---
run_4
TV=13797.764
FD=14.91821
IGSD=[19.116,21.227,27.917,23.122,19.444,21.309]
SC_pos=0.282176278365272
SC_neg=0.7178237216347281
SC_avg=-0.0018878945638380387
SC_std=0.007189153354358615
SC_avg_abs=0.005788186422055261
SC_std_abs=0.004663150199188325
---
combined
TV_avg=13326.314799999998
TV_std=557.1276543455367
FD_avg=15.2466944
FD_std=1.9972316527390201
IGSD_avg=22.60493333333333
IGSD_std=2.489779788566763
SC_pos_avg=0.279266198434618
SC_neg_avg=0.720733801565382
SC_avg=-0.001669003650710737
SC_std=0.007202183203777943
SC_avg_abs=0.0055840091299459126
SC_std_abs=0.004845189173143547