conf_id=244
---
run_0
TV=20512.69
FD=24.169301
IGSD=[15.783,14.231,13.692,15.898,14.14,13.569]
SC_pos=0.24816498850482793
SC_neg=0.7518350114951721
SC_avg=-0.004466430729200523
SC_std=0.016752606336946398
SC_avg_abs=0.012809772838943223
SC_std_abs=0.01168368701883596
---
run_1
TV=18071.812
FD=20.911208
IGSD=[15.679,20.976,14.825,19.619,13.115,13.308]
SC_pos=0.2554669140626861
SC_neg=0.7445330859373138
SC_avg=-0.0029440492953526558
SC_std=0.01408306439614473
SC_avg_abs=0.009689422230043241
SC_std_abs=0.01063556420164768
---
run_2
TV=21329.877
FD=23.354183
IGSD=[14.223,13.432,12.819,13.219,13.822,15.055]
SC_pos=0.22269246618210914
SC_neg=0.7773075338178909
SC_avg=-0.00489565808980545
SC_std=0.01849261477357688
SC_avg_abs=0.013694714330090646
SC_std_abs=0.013356611423313956
---
run_3
TV=20281.609
FD=29.709589
IGSD=[15.772,13.683,13.368,14.676,13.734,16.303]
SC_pos=0.24150095850074035
SC_neg=0.7584990414992596
SC_avg=-0.004133774513602022
SC_std=0.0171772366834213
SC_avg_abs=0.012480718718290025
SC_std_abs=0.012505087448015111
---
run_4
TV=18630.496
FD=23.98686
IGSD=[18.723,14.079,13.201,17.989,13.684,14.393]
SC_pos=0.254329723840326
SC_neg=0.7456702761596741
SC_avg=-0.003127105720529621
SC_std=0.015584294936579274
SC_avg_abs=0.010665596678883888
SC_std_abs=0.011785333526932522
---
combined
TV_avg=19765.2968
TV_std=1218.9134267058344
FD_avg=24.426228200000004
FD_std=2.8871302451222673
IGSD_avg=14.900333333333338
IGSD_std=1.9993964644917779
SC_pos_avg=0.2444310102181379
SC_neg_avg=0.755568989781862
SC_avg=-0.003913403669698054
SC_std=0.016503115888402812
SC_avg_abs=0.011868044959250184
SC_std_abs=0.012116809446107312