conf_id=37
---
run_0
TV=6220.015
FD=5.201822
IGSD=[45.271,43.431,45.369,42.674,49.822,43.139]
SC_pos=0.2398172374336751
SC_neg=0.7601827625663249
SC_avg=-0.0004093971279570038
SC_std=0.0027118968222927878
SC_avg_abs=0.0015061082402976621
SC_std_abs=0.0022920794819658065
---
run_1
TV=7635.298
FD=6.1593
IGSD=[38.263,37.267,35.085,35.466,38.584,38.787]
SC_pos=0.24638078697541171
SC_neg=0.7536192130245883
SC_avg=-0.000685957456081158
SC_std=0.0034780293464436334
SC_avg_abs=0.0022155464757272043
SC_std_abs=0.0027674138794494107
---
run_2
TV=7013.813
FD=5.640275
IGSD=[40.777,41.538,40.761,38.067,38.32,37.481]
SC_pos=0.22942051363540591
SC_neg=0.7705794863645941
SC_avg=-0.0005994704786268516
SC_std=0.0032067697816519462
SC_avg_abs=0.0019064663708999018
SC_std_abs=0.002647286018527076
---
run_3
TV=8040.732
FD=6.670083
IGSD=[31.39,42.177,34.325,26.751,59.326,34.551]
SC_pos=0.2839236025291243
SC_neg=0.7160763974708757
SC_avg=-0.00032064532142230234
SC_std=0.003301461955325926
SC_avg_abs=0.002127308196694253
SC_std_abs=0.002544999862650672
---
run_4
TV=5952.63
FD=4.543141
IGSD=[46.563,44.564,43.974,47.629,48.475,44.988]
SC_pos=0.22115335411034495
SC_neg=0.778846645889655
SC_avg=-0.00045302491664047886
SC_std=0.0025963548133080094
SC_avg_abs=0.0014362202765677151
SC_std_abs=0.0022098780981901567
---
combined
TV_avg=6972.4976
TV_std=798.5607116172444
FD_avg=5.6429242
FD_std=0.7383495680706801
IGSD_avg=41.16049999999999
IGSD_std=6.167078529038959
SC_pos_avg=0.2441390989367924
SC_neg_avg=0.7558609010632076
SC_avg=-0.0004936990601455591
SC_std=0.0030809743258597695
SC_avg_abs=0.0018383299120373448
SC_std_abs=0.002521246654554922