conf_id=98
---
run_0
TV=7590.028
FD=6.545232
IGSD=[37.223,39.236,36.068,35.475,35.281,34.688]
SC_pos=0.23912858370820142
SC_neg=0.7608714162917986
SC_avg=-0.000549847363006189
SC_std=0.004204548509437416
SC_avg_abs=0.002397662773896711
SC_std_abs=0.0034973952469641184
---
run_1
TV=6649.092
FD=5.380206
IGSD=[40.222,43.471,40.743,41.01,41.062,39.54]
SC_pos=0.229653172520396
SC_neg=0.770346827479604
SC_avg=-0.0004997013534309605
SC_std=0.0032330351523501798
SC_avg_abs=0.0018403399611842742
SC_std_abs=0.0027046934329459467
---
run_2
TV=8003.036
FD=6.886253
IGSD=[34.488,36.393,35.294,34.929,35.185,34.976]
SC_pos=0.2463613124115746
SC_neg=0.7536386875884254
SC_avg=-0.0006592333792466794
SC_std=0.004303677233622072
SC_avg_abs=0.0025918662230695446
SC_std_abs=0.0034983504486001855
---
run_3
TV=8080.528
FD=6.61917
IGSD=[38.014,36.398,33.487,33.51,34.258,33.398]
SC_pos=0.2385503549032083
SC_neg=0.7614496450967917
SC_avg=-0.0006666367009212808
SC_std=0.00407948408107542
SC_avg_abs=0.0025295631758836565
SC_std_abs=0.0032692361490073434
---
run_4
TV=12435.057
FD=11.089859
IGSD=[21.356,30.605,20.778,28.719,18.48,18.73]
SC_pos=0.25786228541464973
SC_neg=0.7421377145853503
SC_avg=-0.0013841478644552514
SC_std=0.008332467559745479
SC_avg_abs=0.005240415242683724
SC_std_abs=0.00662449462443248
---
combined
TV_avg=8551.548200000001
TV_std=2007.3976661319903
FD_avg=7.304143999999999
FD_std=1.9622917816354428
IGSD_avg=34.100566666666666
IGSD_std=6.406911115783919
SC_pos_avg=0.242311141791606
SC_neg_avg=0.757688858208394
SC_avg=-0.0007519133322120709
SC_std=0.0051622594262035765
SC_avg_abs=0.0029199694753435854
SC_std_abs=0.004322970541843609