conf_id=311
---
run_0
TV=7218.894
FD=6.13551
IGSD=[41.743,37.875,37.231,41.466,40.691,42.525]
SC_pos=0.2638494707372925
SC_neg=0.7361505292627075
SC_avg=-0.0004844515265626864
SC_std=0.0025903082706077913
SC_avg_abs=0.0016992036731272473
SC_std_abs=0.002014223695521161
---
run_1
TV=8026.99
FD=6.812004
IGSD=[34.748,35.257,37.623,34.908,37.431,34.549]
SC_pos=0.2551509703408608
SC_neg=0.7448490296591392
SC_avg=-0.0006752132382059668
SC_std=0.004137118527755165
SC_avg_abs=0.0024602325626424987
SC_std_abs=0.003393953206433047
---
run_2
TV=6062.621
FD=4.981816
IGSD=[44.583,43.857,49.55,46.879,44.209,45.714]
SC_pos=0.24138411111771774
SC_neg=0.7586158888822823
SC_avg=-0.0003650318176329265
SC_std=0.0027345495117063042
SC_avg_abs=0.0014695140453028993
SC_std_abs=0.002334852828448742
---
run_3
TV=9098.042
FD=8.657393
IGSD=[31.864,29.213,29.41,27.75,46.598,29.914]
SC_pos=0.262791836179969
SC_neg=0.737208163820031
SC_avg=-0.0006349195642869146
SC_std=0.004899921668779759
SC_avg_abs=0.0030318193285036577
SC_std_abs=0.00390133653670166
---
run_4
TV=8695.575
FD=8.728752
IGSD=[32.084,31.998,34.021,31.659,36.123,31.618]
SC_pos=0.24891517356497844
SC_neg=0.7510848264350216
SC_avg=-0.0007502261015185057
SC_std=0.004807526376045479
SC_avg_abs=0.0029479131083336688
SC_std_abs=0.003871040863319216
---
combined
TV_avg=7820.424400000001
TV_std=1085.5944239714202
FD_avg=7.063095
FD_std=1.4540551745239931
IGSD_avg=37.43636666666667
IGSD_std=5.992015200711322
SC_pos_avg=0.2544183123881637
SC_neg_avg=0.7455816876118363
SC_avg=-0.0005819684496413987
SC_std=0.0039628557884218716
SC_avg_abs=0.002321736543581991
SC_std_abs=0.0032638095377032486