conf_id=139
---
run_0
TV=6825.952
FD=5.740879
IGSD=[42.852,40.339,38.905,42.654,38.908,38.199]
SC_pos=0.22683495452171404
SC_neg=0.773165045478286
SC_avg=-0.0004507120620381003
SC_std=0.0033856115108080054
SC_avg_abs=0.0018481539237601352
SC_std_abs=0.002872252380810626
---
run_1
TV=6834.12
FD=5.820858
IGSD=[41.767,38.467,38.975,41.398,38.55,38.547]
SC_pos=0.22310453966585378
SC_neg=0.7768954603341462
SC_avg=-0.0006068553533352004
SC_std=0.0034311637145845128
SC_avg_abs=0.0020114393801150842
SC_std_abs=0.002845218704471631
---
run_2
TV=7305.3
FD=5.932057
IGSD=[39.28,35.607,36.611,36.546,41.954,41.306]
SC_pos=0.23890110422848718
SC_neg=0.7610988957715128
SC_avg=-0.0006898223258601701
SC_std=0.0032620593124224086
SC_avg_abs=0.0021466124551335185
SC_std_abs=0.002551262582817094
---
run_3
TV=5908.291
FD=4.844501
IGSD=[44.518,42.182,42.168,45.683,45.956,45.343]
SC_pos=0.20237324493262526
SC_neg=0.7976267550673748
SC_avg=-0.00045587883860171644
SC_std=0.0029952327041631423
SC_avg_abs=0.0016298111647196996
SC_std_abs=0.0025540086207623334
---
run_4
TV=7341.404
FD=6.054762
IGSD=[34.626,43.665,37.965,36.249,35.463,41.161]
SC_pos=0.2377204070018101
SC_neg=0.7622795929981899
SC_avg=-0.0005413429509142827
SC_std=0.003222537732950914
SC_avg_abs=0.0020200635953444524
SC_std_abs=0.0025684907439118883
---
combined
TV_avg=6843.013400000001
TV_std=516.9483996886344
FD_avg=5.6786114
FD_std=0.43025003303874365
IGSD_avg=40.194799999999994
IGSD_std=3.1085030523817525
SC_pos_avg=0.22578685007009808
SC_neg_avg=0.774213149929902
SC_avg=-0.0005489223061498951
SC_std=0.0032641696624893116
SC_avg_abs=0.001931216103814573
SC_std_abs=0.0026882194188852476