conf_id=25
---
run_0
TV=8941.206
FD=8.033262
IGSD=[30.256,35.465,35.133,31.713,33.003,32.319]
SC_pos=0.26776510112581625
SC_neg=0.7322348988741838
SC_avg=-0.0007582264004788993
SC_std=0.0038562676304293836
SC_avg_abs=0.0027459726993454094
SC_std_abs=0.002811643869043573
---
run_1
TV=12104.007
FD=12.847456
IGSD=[22.221,25.281,24.825,28.821,21.752,21.687]
SC_pos=0.26423564719465803
SC_neg=0.735764352805342
SC_avg=-0.0011705612561041467
SC_std=0.007414037623568499
SC_avg_abs=0.0047806228766523896
SC_std_abs=0.005786519891023374
---
run_2
TV=9891.695
FD=9.00289
IGSD=[29.509,28.375,28.477,29.931,31.435,30.148]
SC_pos=0.25805951716755315
SC_neg=0.7419404828324468
SC_avg=-0.0011349195424465277
SC_std=0.004865328462878375
SC_avg_abs=0.0035512203981541007
SC_std_abs=0.003514014385749686
---
run_3
TV=9810.789
FD=8.030426
IGSD=[35.265,27.46,25.945,34.508,27.208,27.256]
SC_pos=0.2603649740439284
SC_neg=0.7396350259560716
SC_avg=-0.0008910772799746136
SC_std=0.004565633694667875
SC_avg_abs=0.0030753830018460425
SC_std_abs=0.003490135977971348
---
run_4
TV=10281.871
FD=10.909299
IGSD=[26.26,24.87,26.139,29.241,28.451,26.882]
SC_pos=0.24025251465305547
SC_neg=0.7597474853469446
SC_avg=-0.0011680213786558005
SC_std=0.00691600475198348
SC_avg_abs=0.004025905005573675
SC_std_abs=0.005743473213705444
---
combined
TV_avg=10205.9136
TV_std=1045.2626630036298
FD_avg=9.764666600000002
FD_std=1.8654452418540295
IGSD_avg=28.6612
IGSD_std=3.7832262810111343
SC_pos_avg=0.25813555083700224
SC_neg_avg=0.7418644491629978
SC_avg=-0.001024561171531999
SC_std=0.005697879179511568
SC_avg_abs=0.0036358207963143228
SC_std_abs=0.004505148152459664