conf_id=309
---
run_0
TV=9819.843
FD=10.011179
IGSD=[29.016,28.087,28.154,31.303,27.47,30.127]
SC_pos=0.24665591698366354
SC_neg=0.7533440830163365
SC_avg=-0.0009735064817853663
SC_std=0.0059251967121419875
SC_avg_abs=0.0037417783780750676
SC_std_abs=0.0046962501548603935
---
run_1
TV=9214.066
FD=8.68461
IGSD=[34.119,29.286,29.273,29.926,30.94,31.21]
SC_pos=0.2440492258964463
SC_neg=0.7559507741035537
SC_avg=-0.000818707423546729
SC_std=0.004995491456143236
SC_avg_abs=0.003130763361634003
SC_std_abs=0.003977881032311143
---
run_2
TV=8758.583
FD=8.0163
IGSD=[35.123,32.784,32.117,34.05,30.095,31.292]
SC_pos=0.25269448200664246
SC_neg=0.7473055179933575
SC_avg=-0.0008117871636832624
SC_std=0.004018340701195498
SC_avg_abs=0.0027644415307267103
SC_std_abs=0.0030271972867982368
---
run_3
TV=8555.649
FD=8.280762
IGSD=[32.98,32.953,33.599,33.158,30.945,31.84]
SC_pos=0.2405251585467749
SC_neg=0.7594748414532251
SC_avg=-0.0008115865711289152
SC_std=0.004656817187594521
SC_avg_abs=0.0029121176437733624
SC_std_abs=0.0037234647722163856
---
run_4
TV=9903.306
FD=8.813596
IGSD=[27.551,29.206,30.113,28.338,30.599,32.246]
SC_pos=0.2643537376349468
SC_neg=0.7356462623650531
SC_avg=-0.0009974230392935579
SC_std=0.004629918848842615
SC_avg_abs=0.0033894178204742238
SC_std_abs=0.0033079975974044267
---
combined
TV_avg=9250.2894
TV_std=543.4030892384035
FD_avg=8.7612894
FD_std=0.6865501454721574
IGSD_avg=30.930000000000003
IGSD_std=2.0553237376789735
SC_pos_avg=0.2496557042136948
SC_neg_avg=0.7503442957863052
SC_avg=-0.0008826021358875647
SC_std=0.0048860543543304946
SC_avg_abs=0.0031877037469366784
SC_std_abs=0.0038067122961305067