conf_id=153
---
run_0
TV=8445.941
FD=7.334176
IGSD=[37.016,31.404,35.545,35.274,34.255,34.539]
SC_pos=0.2630379615186762
SC_neg=0.7369620384813238
SC_avg=-0.0008214046963043495
SC_std=0.004014972060409089
SC_avg_abs=0.0027689762082838206
SC_std_abs=0.0030211714745996487
---
run_1
TV=6343.084
FD=5.321636
IGSD=[44.247,45.009,39.637,44.739,49.666,41.799]
SC_pos=0.2512216663224089
SC_neg=0.7487783336775912
SC_avg=-0.0003834864965353641
SC_std=0.002894951015682496
SC_avg_abs=0.0016891806760162328
SC_std_abs=0.0023821150098178355
---
run_2
TV=7513.468
FD=6.899193
IGSD=[38.747,38.915,37.63,36.469,37.626,37.461]
SC_pos=0.25418076414459323
SC_neg=0.7458192358554068
SC_avg=-0.000597861663168639
SC_std=0.0037017909836210543
SC_avg_abs=0.002272603123285349
SC_std_abs=0.0029826112885755957
---
run_3
TV=7943.974
FD=6.917406
IGSD=[35.336,36.789,43.951,36.952,34.366,32.939]
SC_pos=0.26299031099013864
SC_neg=0.7370096890098614
SC_avg=-0.0006568111874096289
SC_std=0.0033584675023870117
SC_avg_abs=0.002342621320695663
SC_std_abs=0.0024945601312291953
---
run_4
TV=7542.916
FD=6.244609
IGSD=[33.121,46.637,36.274,32.322,53.942,31.969]
SC_pos=0.2641239792169112
SC_neg=0.7358760207830888
SC_avg=-0.00036096380627870716
SC_std=0.0033309718802502523
SC_avg_abs=0.0019793452920255613
SC_std_abs=0.0027033055231322546
---
combined
TV_avg=7557.8766000000005
TV_std=695.0750441722394
FD_avg=6.543404
FD_std=0.7033888202634445
IGSD_avg=38.485866666666666
IGSD_std=5.4036156089130625
SC_pos_avg=0.25911093643854566
SC_neg_avg=0.7408890635614543
SC_avg=-0.0005641055699393361
SC_std=0.003485068223684632
SC_avg_abs=0.002210545324061329
SC_std_abs=0.002752708663851578