conf_id=38
---
run_0
TV=7318.456
FD=6.241048
IGSD=[39.614,37.749,38.047,41.355,38.044,36.143]
SC_pos=0.24805145594118186
SC_neg=0.7519485440588182
SC_avg=-0.0005840642190508313
SC_std=0.003594555222737569
SC_avg_abs=0.002124764926026365
SC_std_abs=0.002957588928572322
---
run_1
TV=8461.424
FD=7.256777
IGSD=[31.417,32.27,31.078,35.416,33.937,33.338]
SC_pos=0.23519990121838258
SC_neg=0.7648000987816174
SC_avg=-0.0006848331681444685
SC_std=0.004938486251837771
SC_avg_abs=0.002713022760733438
SC_std_abs=0.004182959529749689
---
run_2
TV=6322.779
FD=5.204735
IGSD=[43.854,44.149,44.812,41.837,50.257,41.661]
SC_pos=0.24206219885642874
SC_neg=0.7579378011435712
SC_avg=-0.00040342932099554787
SC_std=0.002858481700945694
SC_avg_abs=0.0015952225321702658
SC_std_abs=0.0024060211812319096
---
run_3
TV=7227.551
FD=6.068791
IGSD=[33.62,36.857,33.7,37.701,47.942,36.728]
SC_pos=0.22278362371496366
SC_neg=0.7772163762850364
SC_avg=-0.0005188086682933117
SC_std=0.004055646452870958
SC_avg_abs=0.002093480562367722
SC_std_abs=0.0035120890820093936
---
run_4
TV=11108.705
FD=9.615795
IGSD=[28.007,25.674,25.784,26.975,26.045,24.476]
SC_pos=0.24595358962826167
SC_neg=0.7540464103717384
SC_avg=-0.001428601127704556
SC_std=0.006263608176469861
SC_avg_abs=0.004367850632066175
SC_std_abs=0.004711217403854116
---
combined
TV_avg=8087.783
TV_std=1656.0603596327035
FD_avg=6.8774292
FD_std=1.516531217278484
IGSD_avg=35.94956666666667
IGSD_std=6.695811271152203
SC_pos_avg=0.2388101538718437
SC_neg_avg=0.7611898461281563
SC_avg=-0.0007239473008377435
SC_std=0.004512735195514922
SC_avg_abs=0.0025788682826727942
SC_std_abs=0.0037733694518101092