conf_id=197
---
run_0
TV=6958.054
FD=5.5632
IGSD=[41.45,41.77,41.333,40.492,40.31,43.858]
SC_pos=0.2581898310042929
SC_neg=0.7418101689957071
SC_avg=-0.0005108928970570223
SC_std=0.0026643037895462207
SC_avg_abs=0.0017872018811076235
SC_std_abs=0.0020409398990217796
---
run_1
TV=9605.923
FD=8.688682
IGSD=[33.297,26.598,27.805,33.103,29.817,32.57]
SC_pos=0.26574326848234514
SC_neg=0.7342567315176548
SC_avg=-0.0010531650454652396
SC_std=0.004333394376265897
SC_avg_abs=0.0032020461990375153
SC_std_abs=0.0031039271209988358
---
run_2
TV=7298.648
FD=6.500647
IGSD=[37.227,36.837,37.409,36.429,39.977,36.945]
SC_pos=0.22780039566512783
SC_neg=0.7721996043348721
SC_avg=-0.0006020611792184423
SC_std=0.004021837690032403
SC_avg_abs=0.002260288150710927
SC_std_abs=0.003380643954077811
---
run_3
TV=7643.294
FD=6.115656
IGSD=[39.224,36.674,38.97,38.681,35.251,35.798]
SC_pos=0.24139322687100317
SC_neg=0.7586067731289968
SC_avg=-0.0005833202114993141
SC_std=0.0032877825643725274
SC_avg_abs=0.0021334488312652424
SC_std_abs=0.0025686908619194657
---
run_4
TV=9490.722
FD=7.883409
IGSD=[30.223,29.946,28.499,29.523,30.966,29.629]
SC_pos=0.22134312751965118
SC_neg=0.7786568724803489
SC_avg=-0.0010469206674671423
SC_std=0.005176202584847852
SC_avg_abs=0.003307312817339638
SC_std_abs=0.0041171346846582985
---
combined
TV_avg=8199.3282
TV_std=1123.1533619139286
FD_avg=6.9503188
FD_std=1.1589244340493299
IGSD_avg=35.353699999999996
IGSD_std=4.7727427694495885
SC_pos_avg=0.24289396990848405
SC_neg_avg=0.757106030091516
SC_avg=-0.0007592720001414306
SC_std=0.003998526444306219
SC_avg_abs=0.002538059575892189
SC_std_abs=0.0031816601460930493