conf_id=229
---
run_0
TV=12008.898
FD=11.306235
IGSD=[26.436,26.248,30.863,25.41,20.084,18.551]
SC_pos=0.2587096361177747
SC_neg=0.7412903638822252
SC_avg=-0.001161130733627642
SC_std=0.007235991617582584
SC_avg_abs=0.004443807684538239
SC_std_abs=0.005827552876906298
---
run_1
TV=12132.407
FD=13.725791
IGSD=[24.856,24.248,24.11,27.176,22.536,23.265]
SC_pos=0.2677402399804923
SC_neg=0.7322597600195078
SC_avg=-0.0015849614453504908
SC_std=0.007768920894029953
SC_avg_abs=0.0055314303069782965
SC_std_abs=0.005680802179268761
---
run_2
TV=12120.135
FD=13.663359
IGSD=[22.777,24.184,24.49,22.729,24.762,24.111]
SC_pos=0.24934734314119328
SC_neg=0.7506526568588067
SC_avg=-0.0014667505787095397
SC_std=0.007969608670331288
SC_avg_abs=0.005440957584453087
SC_std_abs=0.006005164459242297
---
run_3
TV=11081.355
FD=11.126478
IGSD=[26.659,22.921,23.85,23.783,31.455,32.387]
SC_pos=0.26219951939262565
SC_neg=0.7378004806073744
SC_avg=-0.0012313189407304967
SC_std=0.005793904573190918
SC_avg_abs=0.004174274588584861
SC_std_abs=0.004202488333849241
---
run_4
TV=11833.14
FD=12.752761
IGSD=[25.452,23.808,25.652,25.114,24.156,25.319]
SC_pos=0.26450062556856924
SC_neg=0.7354993744314308
SC_avg=-0.0014654044702315334
SC_std=0.0073549714542692326
SC_avg_abs=0.005314607927895394
SC_std_abs=0.00529130966087237
---
combined
TV_avg=11835.187
TV_std=391.912611957819
FD_avg=12.5149248
FD_std=1.116277713932944
IGSD_avg=24.913066666666666
IGSD_std=2.8269512545418176
SC_pos_avg=0.26049947284013103
SC_neg_avg=0.739500527159869
SC_avg=-0.0013819132337299412
SC_std=0.007266665321773822
SC_avg_abs=0.0049810156184899755
SC_std_abs=0.005468417732085496