conf_id=162
---
run_0
TV=18139.223
FD=21.974685
IGSD=[13.971,18.733,18.132,15.198,18.123,15.127]
SC_pos=0.2723385159843698
SC_neg=0.7276614840156302
SC_avg=-0.002984281130479212
SC_std=0.012545951756749288
SC_avg_abs=0.009363797242763889
SC_std_abs=0.008867138238734196
---
run_1
TV=17763.512
FD=19.686742
IGSD=[15.208,15.614,22.341,16.318,15.357,16.561]
SC_pos=0.2801788925147028
SC_neg=0.7198211074852973
SC_avg=-0.002517018232397256
SC_std=0.01344326696927578
SC_avg_abs=0.009409230209269594
SC_std_abs=0.009925885071791322
---
run_2
TV=15892.418
FD=12.67276
IGSD=[19.56,14.589,17.138,14.881,55.677,18.825]
SC_pos=0.3057697124539214
SC_neg=0.6942302875460786
SC_avg=-0.0023670410583889637
SC_std=0.009806835914709357
SC_avg_abs=0.007811846890651267
SC_std_abs=0.006383726355911144
---
run_3
TV=20679.112
FD=22.802992
IGSD=[15.389,13.569,13.045,14.223,13.895,15.64]
SC_pos=0.2361906178595424
SC_neg=0.7638093821404576
SC_avg=-0.004364198276108794
SC_std=0.017726410038127628
SC_avg_abs=0.012985698366280711
SC_std_abs=0.012831347449624964
---
run_4
TV=17936.126
FD=24.998609
IGSD=[18.499,16.938,15.255,16.918,18.203,17.225]
SC_pos=0.2954865212192983
SC_neg=0.7045134787807017
SC_avg=-0.003181230544608363
SC_std=0.010793121960565316
SC_avg_abs=0.009033123521673455
SC_std_abs=0.0067092763302591925
---
combined
TV_avg=18082.0782
TV_std=1527.4323779755887
FD_avg=20.4271576
FD_std=4.233591748200225
IGSD_avg=17.671733333333336
IGSD_std=7.341851832398205
SC_pos_avg=0.2779928520063669
SC_neg_avg=0.7220071479936331
SC_avg=-0.003082753848396521
SC_std=0.013171994939154668
SC_avg_abs=0.00972073924612777
SC_std_abs=0.009408084314870413