conf_id=212
---
run_0
TV=8843.18
FD=7.935725
IGSD=[31.714,41.112,31.851,30.422,31.638,28.591]
SC_pos=0.2585749715806033
SC_neg=0.7414250284193967
SC_avg=-0.000649037359281912
SC_std=0.004807269637705836
SC_avg_abs=0.002781449949786034
SC_std_abs=0.003974245468033812
---
run_1
TV=11148.395
FD=11.024605
IGSD=[28.133,24.414,25.722,25.043,28.216,28.119]
SC_pos=0.2705514139879991
SC_neg=0.7294485860120009
SC_avg=-0.0013036562807328023
SC_std=0.005792432675447952
SC_avg_abs=0.004236414642808742
SC_std_abs=0.004159878240055454
---
run_2
TV=9233.444
FD=8.081884
IGSD=[31.266,31.458,32.234,32.42,29.181,29.153]
SC_pos=0.24101575181450105
SC_neg=0.7589842481854989
SC_avg=-0.00096935995678057
SC_std=0.004598879819350679
SC_avg_abs=0.0030096502334433077
SC_std_abs=0.0036098974765185784
---
run_3
TV=10693.035
FD=10.85908
IGSD=[26.346,27.399,29.395,25.981,25.377,27.126]
SC_pos=0.25294205757882693
SC_neg=0.7470579424211731
SC_avg=-0.0012039919253462206
SC_std=0.006384017436909104
SC_avg_abs=0.004158416605447848
SC_std_abs=0.0049912770436626695
---
run_4
TV=8332.521
FD=7.473616
IGSD=[33.755,31.993,35.289,34.269,34.065,34.132]
SC_pos=0.24732095262107948
SC_neg=0.7526790473789206
SC_avg=-0.0006862226369504625
SC_std=0.004731257699101476
SC_avg_abs=0.0027633080975345676
SC_std_abs=0.003901259960688362
---
combined
TV_avg=9650.115000000002
TV_std=1085.66457528115
FD_avg=9.074982
FD_std=1.5383470825104457
IGSD_avg=30.1938
IGSD_std=3.6420781192427305
SC_pos_avg=0.25408102951660194
SC_neg_avg=0.7459189704833981
SC_avg=-0.0009624536318183939
SC_std=0.0053160442497539534
SC_avg_abs=0.0033898479058040963
SC_std_abs=0.004206610825148678