conf_id=265
---
run_0
TV=11580.596
FD=12.150324
IGSD=[27.902,24.773,26.071,27.168,24.264,25.057]
SC_pos=0.27261903257410847
SC_neg=0.7273809674258915
SC_avg=-0.0013348014264680055
SC_std=0.006323794660882045
SC_avg_abs=0.004561467835453458
SC_std_abs=0.004578764565603346
---
run_1
TV=10311.007
FD=10.963342
IGSD=[29.012,28.236,28.148,29.367,30.418,25.714]
SC_pos=0.2678614380639466
SC_neg=0.7321385619360534
SC_avg=-0.0011058767055341435
SC_std=0.005125421869572556
SC_avg_abs=0.0037947089306904287
SC_std_abs=0.003618438442239134
---
run_2
TV=13365.22
FD=14.20816
IGSD=[20.81,23.744,22.929,18.035,26.006,23.362]
SC_pos=0.2781576813998648
SC_neg=0.7218423186001353
SC_avg=-0.001462150306143101
SC_std=0.007068033630654826
SC_avg_abs=0.005282060186490577
SC_std_abs=0.0049188233458941286
---
run_3
TV=13897.724
FD=16.2371
IGSD=[21.147,20.475,21.196,21.029,21.307,20.72]
SC_pos=0.22836184319702726
SC_neg=0.7716381568029728
SC_avg=-0.0021409062116873375
SC_std=0.009011145740373937
SC_avg_abs=0.0065180055453552795
SC_std_abs=0.006580260684214472
---
run_4
TV=11083.462
FD=11.341086
IGSD=[26.056,24.817,25.956,25.764,28.582,27.364]
SC_pos=0.26324451620107614
SC_neg=0.7367554837989239
SC_avg=-0.00135857435468617
SC_std=0.0066653374777771324
SC_avg_abs=0.004657735884918484
SC_std_abs=0.004957614789010338
---
combined
TV_avg=12047.6018
TV_std=1365.4663193553183
FD_avg=12.9800024
FD_std=1.9777961598156268
IGSD_avg=24.847633333333338
IGSD_std=3.1293951863294964
SC_pos_avg=0.2620489022872047
SC_neg_avg=0.7379510977127953
SC_avg=-0.00148046180090375
SC_std=0.006963588277943421
SC_avg_abs=0.004962795676581647
SC_std_abs=0.005104310719494731