conf_id=31
---
run_0
TV=10924.081
FD=9.636219
IGSD=[25.555,35.541,28.19,28.754,23.208,26.558]
SC_pos=0.28572230639331286
SC_neg=0.7142776936066871
SC_avg=-0.0011399721671726648
SC_std=0.005014075143860444
SC_avg_abs=0.0037288893540405234
SC_std_abs=0.003540603094888031
---
run_1
TV=10269.411
FD=9.523017
IGSD=[31.025,26.965,25.343,25.212,29.191,29.952]
SC_pos=0.25733916548179137
SC_neg=0.7426608345182086
SC_avg=-0.0009919208622772226
SC_std=0.006085333909171747
SC_avg_abs=0.0037789811955666634
SC_std_abs=0.004871806328938973
---
run_2
TV=8174.255
FD=7.285618
IGSD=[35.378,34.969,35.301,36.96,35.197,34.043]
SC_pos=0.2545953237428703
SC_neg=0.7454046762571297
SC_avg=-0.0007275795201621995
SC_std=0.0035315693823727893
SC_avg_abs=0.002490072164368162
SC_std_abs=0.0026078525412513744
---
run_3
TV=9276.15
FD=8.214168
IGSD=[30.493,31.448,28.685,33.768,33.323,31.502]
SC_pos=0.2611771047911778
SC_neg=0.7388228952088223
SC_avg=-0.0008251702624472673
SC_std=0.004050990746392177
SC_avg_abs=0.002831792799019084
SC_std_abs=0.003012039430818595
---
run_4
TV=10015.612
FD=7.970275
IGSD=[29.908,27.796,27.312,31.948,29.782,27.574]
SC_pos=0.24780180860688708
SC_neg=0.752198191393113
SC_avg=-0.001081183794517442
SC_std=0.004965664699501402
SC_avg_abs=0.0034404630821651782
SC_std_abs=0.00374032058594714
---
combined
TV_avg=9731.9018
TV_std=940.7095321442001
FD_avg=8.5258594
FD_std=0.913372432820391
IGSD_avg=30.3627
IGSD_std=3.6136205588486097
SC_pos_avg=0.2613271418032079
SC_neg_avg=0.7386728581967921
SC_avg=-0.0009531653213153599
SC_std=0.004813161783692894
SC_avg_abs=0.0032540397190319167
SC_std_abs=0.0036723665384493687