conf_id=235
---
run_0
TV=6970.869
FD=5.84436
IGSD=[42.454,39.919,39.084,38.359,40.977,41.856]
SC_pos=0.24089227479272537
SC_neg=0.7591077252072747
SC_avg=-0.0005730096019317384
SC_std=0.0029099157458214995
SC_avg_abs=0.0018500133436431475
SC_std_abs=0.0023180595937180217
---
run_1
TV=7213.786
FD=6.0914
IGSD=[37.462,37.943,36.462,36.87,41.847,40.233]
SC_pos=0.23685896831633488
SC_neg=0.7631410316836651
SC_avg=-0.0006619418741953954
SC_std=0.0035398793051881995
SC_avg_abs=0.002122337565989559
SC_std_abs=0.0029093978408087297
---
run_2
TV=6275.737
FD=5.169353
IGSD=[44.266,43.48,43.93,45.005,45.162,46.498]
SC_pos=0.24867008410732638
SC_neg=0.7513299158926736
SC_avg=-0.0004658056374846311
SC_std=0.002589025855495687
SC_avg_abs=0.0016127087055855312
SC_std_abs=0.0020782686071021436
---
run_3
TV=7017.292
FD=5.938356
IGSD=[37.798,37.699,37.789,40.387,39.55,39.772]
SC_pos=0.22529646397858294
SC_neg=0.7747035360214171
SC_avg=-0.0006358738071502614
SC_std=0.003353008904021609
SC_avg_abs=0.0020416065444164777
SC_std_abs=0.002734748055463935
---
run_4
TV=6582.61
FD=5.717589
IGSD=[39.693,41.776,43.314,43.226,46.984,44.23]
SC_pos=0.2458383996549273
SC_neg=0.7541616003450727
SC_avg=-0.00042602704104481825
SC_std=0.002349437653574649
SC_avg_abs=0.0015332259328732928
SC_std_abs=0.0018304574746495948
---
combined
TV_avg=6812.058800000001
TV_std=337.3466804943544
FD_avg=5.7522116
FD_std=0.31594705505612797
IGSD_avg=41.13416666666667
IGSD_std=2.933941343237038
SC_pos_avg=0.23951123816997938
SC_neg_avg=0.7604887618300206
SC_avg=-0.000552531592361368
SC_std=0.002983514595176408
SC_avg_abs=0.0018319784185015996
SC_std_abs=0.0024187818368617726