conf_id=64
---
run_0
TV=9631.053
FD=10.495383
IGSD=[30.104,28.642,30.1,28.539,33.188,37.492]
SC_pos=0.2748057774815618
SC_neg=0.7251942225184381
SC_avg=-0.0009326617005408277
SC_std=0.004170699867030067
SC_avg_abs=0.003243532685613156
SC_std_abs=0.0027828206815854
---
run_1
TV=9303.153
FD=10.030071
IGSD=[29.023,35.683,37.189,29.259,28.562,32.335]
SC_pos=0.26669420729098664
SC_neg=0.7333057927090133
SC_avg=-0.0007616339850681146
SC_std=0.004503820821771634
SC_avg_abs=0.0032085958077750585
SC_std_abs=0.003251061559577543
---
run_2
TV=11413.001
FD=12.712669
IGSD=[21.783,26.64,28.956,22.274,30.823,27.101]
SC_pos=0.2850133493991579
SC_neg=0.7149866506008421
SC_avg=-0.0010576133093348637
SC_std=0.005121936516931443
SC_avg_abs=0.003892101978453238
SC_std_abs=0.003493468446240559
---
run_3
TV=10858.524
FD=11.408602
IGSD=[27.646,28.021,28.311,24.462,26.898,31.567]
SC_pos=0.27772364723775067
SC_neg=0.7222763527622493
SC_avg=-0.001077308480432488
SC_std=0.0049774356932730905
SC_avg_abs=0.003837231864020086
SC_std_abs=0.003348299757254368
---
run_4
TV=9704.827
FD=10.033029
IGSD=[26.3,36.443,39.15,33.012,25.483,26.861]
SC_pos=0.2719834159586592
SC_neg=0.7280165840413407
SC_avg=-0.0007386329597878225
SC_std=0.004684035101308938
SC_avg_abs=0.0032172577604748843
SC_std_abs=0.0034835349836399372
---
combined
TV_avg=10182.1116
TV_std=809.525396816085
FD_avg=10.9359508
FD_std=1.02079505234232
IGSD_avg=29.72823333333333
IGSD_std=4.254650919353496
SC_pos_avg=0.2752440794736233
SC_neg_avg=0.7247559205263767
SC_avg=-0.0009135700870328228
SC_std=0.004705954414325469
SC_avg_abs=0.003479744019267294
SC_std_abs=0.0032972714195231355