conf_id=312
---
run_0
TV=7138.968
FD=6.166877
IGSD=[37.468,36.547,37.085,40.063,43.16,39.34]
SC_pos=0.22961215163061144
SC_neg=0.7703878483693886
SC_avg=-0.0005873011259473116
SC_std=0.003171121943277969
SC_avg_abs=0.002003577690533867
SC_std_abs=0.0025271749899191793
---
run_1
TV=8903.036
FD=8.092798
IGSD=[34.649,29.515,32.401,37.234,31.514,33.233]
SC_pos=0.27351859168241377
SC_neg=0.7264814083175862
SC_avg=-0.0007832867794752603
SC_std=0.0036399491246326653
SC_avg_abs=0.00269516254661872
SC_std_abs=0.002568825929509145
---
run_2
TV=6733.979
FD=5.855987
IGSD=[39.133,39.472,38.153,44.543,47.131,43.288]
SC_pos=0.24450418485587477
SC_neg=0.7554958151441252
SC_avg=-0.0004449446935843699
SC_std=0.0029680097151315835
SC_avg_abs=0.0017554312442182307
SC_std_abs=0.0024342388125011024
---
run_3
TV=7444.944
FD=6.567762
IGSD=[42.035,40.9,36.993,38.927,38.63,39.724]
SC_pos=0.2748909269042964
SC_neg=0.7251090730957036
SC_avg=-0.0006135259615444967
SC_std=0.0028854268375310757
SC_avg_abs=0.0021325083698753083
SC_std_abs=0.0020382615613913357
---
run_4
TV=7152.52
FD=5.919161
IGSD=[40.204,37.624,42.733,40.51,38.478,36.462]
SC_pos=0.24847388823547814
SC_neg=0.7515261117645219
SC_avg=-0.0005076158868206862
SC_std=0.003198708380494646
SC_avg_abs=0.0018989242025470184
SC_std_abs=0.002623641756219893
---
combined
TV_avg=7474.6894
TV_std=749.1612210913215
FD_avg=6.520517000000001
FD_std=0.8249351540844894
IGSD_avg=38.57163333333333
IGSD_std=3.7855381782368647
SC_pos_avg=0.2541999486617349
SC_neg_avg=0.7458000513382651
SC_avg=-0.0005873348894744257
SC_std=0.0031855129012521863
SC_avg_abs=0.0020971208107586304
SC_std_abs=0.0024687120167247406