conf_id=304
---
run_0
TV=11044.382
FD=11.310472
IGSD=[28.569,23.015,22.984,23.986,33.933,30.85]
SC_pos=0.27034320189591093
SC_neg=0.729656798104089
SC_avg=-0.0011530295316458652
SC_std=0.004861008044481339
SC_avg_abs=0.0036621822610423036
SC_std_abs=0.003398131456590055
---
run_1
TV=9719.113
FD=10.381166
IGSD=[28.785,28.336,26.292,34.653,35.207,31.536]
SC_pos=0.26825320827901
SC_neg=0.73174679172099
SC_avg=-0.0008686984834134261
SC_std=0.004237618760144744
SC_avg_abs=0.0031636955254692434
SC_std_abs=0.002950098376925994
---
run_2
TV=12092.191
FD=11.436303
IGSD=[26.422,22.419,22.448,25.617,23.881,25.198]
SC_pos=0.2533864505514927
SC_neg=0.7466135494485073
SC_avg=-0.0016216592207021958
SC_std=0.006376606269818644
SC_avg_abs=0.004763929746887627
SC_std_abs=0.004538266135331657
---
run_3
TV=9977.587
FD=8.770877
IGSD=[35.048,32.576,44.774,30.927,23.64,22.708]
SC_pos=0.2796381626039066
SC_neg=0.7203618373960934
SC_avg=-0.0007158848383840528
SC_std=0.0038970048688557616
SC_avg_abs=0.0028548593230724364
SC_std_abs=0.0027475291254470922
---
run_4
TV=10976.149
FD=13.553284
IGSD=[25.196,27.998,27.922,25.956,24.125,25.851]
SC_pos=0.259395596552505
SC_neg=0.740604403447495
SC_avg=-0.0013294581846722965
SC_std=0.006310647781827114
SC_avg_abs=0.004287610709062218
SC_std_abs=0.004817481592970199
---
combined
TV_avg=10761.884399999999
TV_std=848.2834982630752
FD_avg=11.0904204
FD_std=1.5567323456685287
IGSD_avg=28.02840000000001
IGSD_std=5.0209567056488345
SC_pos_avg=0.26620332397656504
SC_neg_avg=0.7337966760234349
SC_avg=-0.0011377460517635668
SC_std=0.005249387667498408
SC_avg_abs=0.0037464555131067646
SC_std_abs=0.0038489749350054036