conf_id=6
---
run_0
TV=11424.737
FD=9.912553
IGSD=[22.322,22.058,23.113,24.21,26.06,24.404]
SC_pos=0.1893942768400407
SC_neg=0.8106057231599593
SC_avg=-0.0012891637285086922
SC_std=0.00942731392026103
SC_avg_abs=0.0049716995813830125
SC_std_abs=0.008112853637440144
---
run_1
TV=11133.086
FD=10.152211
IGSD=[24.447,23.837,25.935,24.458,28.365,26.131]
SC_pos=0.23067724453153213
SC_neg=0.7693227554684678
SC_avg=-0.0012710610613504392
SC_std=0.007235588953953076
SC_avg_abs=0.004380706868965659
SC_std_abs=0.00589735119019092
---
run_2
TV=11346.275
FD=11.494552
IGSD=[24.677,23.397,22.341,24.116,25.958,27.23]
SC_pos=0.24572611014854742
SC_neg=0.7542738898514526
SC_avg=-0.0013938660320481097
SC_std=0.00802072602923335
SC_avg_abs=0.004867888093841408
SC_std_abs=0.006525225977478168
---
run_3
TV=19129.517
FD=27.458533
IGSD=[15.16,14.732,15.619,15.228,15.315,14.983]
SC_pos=0.21161143935879792
SC_neg=0.7883885606412021
SC_avg=-0.003900986427984072
SC_std=0.016518344795512792
SC_avg_abs=0.01199214312058782
SC_std_abs=0.01201090809514828
---
run_4
TV=13149.581
FD=13.374286
IGSD=[20.755,24.943,22.459,21.396,20.484,21.4]
SC_pos=0.23864897077966002
SC_neg=0.7613510292203399
SC_avg=-0.001652999124883845
SC_std=0.008726188995762307
SC_avg_abs=0.005503386638297893
SC_std_abs=0.006970761508331367
---
combined
TV_avg=13236.6392
TV_std=3033.6443546387177
FD_avg=14.478427
FD_std=6.605590653337125
IGSD_avg=22.18443333333333
IGSD_std=3.942201015366359
SC_pos_avg=0.22321160833171563
SC_neg_avg=0.7767883916682844
SC_avg=-0.001901615274955036
SC_std=0.010579715783283577
SC_avg_abs=0.0063431648606151626
SC_std_abs=0.008678178740960494