conf_id=44
---
run_0
TV=10689.282
FD=12.282096
IGSD=[27.773,26.983,28.006,25.928,27.783,27.571]
SC_pos=0.26669690058173007
SC_neg=0.7333030994182699
SC_avg=-0.0009087065668177572
SC_std=0.005535406628593328
SC_avg_abs=0.003690874456574067
SC_std_abs=0.004224206424201092
---
run_1
TV=11391.941
FD=11.88534
IGSD=[28.159,28.072,24.069,30.913,23.703,23.019]
SC_pos=0.27944258826069146
SC_neg=0.7205574117393085
SC_avg=-0.0011004254832991107
SC_std=0.004900252498395125
SC_avg_abs=0.003742260864410589
SC_std_abs=0.0033494618097573035
---
run_2
TV=12215.532
FD=14.571578
IGSD=[21.48,26.546,25.801,22.23,26.175,24.028]
SC_pos=0.27346949092039896
SC_neg=0.726530509079601
SC_avg=-0.0014750190539087864
SC_std=0.007126521188493525
SC_avg_abs=0.00531858295092366
SC_std_abs=0.004967460201509951
---
run_3
TV=11563.329
FD=14.399876
IGSD=[22.834,25.553,25.387,24.237,27.731,26.2]
SC_pos=0.2653007400955787
SC_neg=0.7346992599044213
SC_avg=-0.0012656112027370043
SC_std=0.006529851714407042
SC_avg_abs=0.004677652170658558
SC_std_abs=0.004728668448831162
---
run_4
TV=11852.924
FD=13.691831
IGSD=[22.011,27.917,24.366,21.454,24.771,31.232]
SC_pos=0.28122844719979595
SC_neg=0.718771552800204
SC_avg=-0.0011281513158085273
SC_std=0.006410142298018055
SC_avg_abs=0.004709801064451525
SC_std_abs=0.004492262637635071
---
combined
TV_avg=11542.601599999998
TV_std=509.98390100731626
FD_avg=13.366144199999999
FD_std=1.0950511906635971
IGSD_avg=25.731066666666663
IGSD_std=2.5169506409321754
SC_pos_avg=0.273227633411639
SC_neg_avg=0.726772366588361
SC_avg=-0.001175582724514237
SC_std=0.006153800151291432
SC_avg_abs=0.004427834301403675
SC_std_abs=0.004432328332098585