conf_id=238
---
run_0
TV=7613.367
FD=6.365726
IGSD=[41.718,35.925,38.991,38.776,36.628,39.297]
SC_pos=0.2668558047355924
SC_neg=0.7331441952644075
SC_avg=-0.0005817165575987914
SC_std=0.0031136658202670295
SC_avg_abs=0.0021648718591529563
SC_std_abs=0.002312280006212779
---
run_1
TV=7492.396
FD=6.558066
IGSD=[37.688,40.599,37.43,36.402,40.66,35.761]
SC_pos=0.24499705706192226
SC_neg=0.7550029429380777
SC_avg=-0.000565850928856299
SC_std=0.003524056598487774
SC_avg_abs=0.0021101568471042177
SC_std_abs=0.0028786108218465303
---
run_2
TV=6441.087
FD=5.558435
IGSD=[44.71,45.775,41.816,43.564,43.305,41.406]
SC_pos=0.24639259601944058
SC_neg=0.7536074039805594
SC_avg=-0.0004497120960959223
SC_std=0.002986869389360612
SC_avg_abs=0.0017885219622113863
SC_std_abs=0.002434095090410801
---
run_3
TV=6824.104
FD=6.03549
IGSD=[41.611,39.742,37.555,40.648,46.899,42.46]
SC_pos=0.24860275183874067
SC_neg=0.7513972481612593
SC_avg=-0.00043967958546303407
SC_std=0.0031901278586675143
SC_avg_abs=0.0018983276083808535
SC_std_abs=0.0026012662654519925
---
run_4
TV=6655.64
FD=5.787622
IGSD=[40.728,46.762,45.199,39.985,42.174,42.696]
SC_pos=0.25399057638286493
SC_neg=0.7460094236171351
SC_avg=-0.0004201441980930405
SC_std=0.0028992168356772427
SC_avg_abs=0.0017647513803994738
SC_std_abs=0.0023382968102539418
---
combined
TV_avg=7005.318799999999
TV_std=464.8523213500819
FD_avg=6.0610678
FD_std=0.365483348637609
IGSD_avg=40.897
IGSD_std=3.0869639777619695
SC_pos_avg=0.2521677572077122
SC_neg_avg=0.7478322427922878
SC_avg=-0.0004914206732214179
SC_std=0.003150899643112396
SC_avg_abs=0.0019453259314497762
SC_std_abs=0.0025269289383487337