conf_id=111
---
run_0
TV=8789.354
FD=7.609222
IGSD=[34.135,33.343,32.21,33.759,34.501,29.331]
SC_pos=0.27287758848547766
SC_neg=0.7271224115145223
SC_avg=-0.0006185612009956714
SC_std=0.0038805866671511925
SC_avg_abs=0.0024757750410664323
SC_std_abs=0.003051574804372538
---
run_1
TV=9990.573
FD=8.994418
IGSD=[29.384,28.259,26.79,29.508,30.207,28.399]
SC_pos=0.23223935316272096
SC_neg=0.7677606468372791
SC_avg=-0.0011817089116438384
SC_std=0.005475863606620632
SC_avg_abs=0.0035288564859844453
SC_std_abs=0.00435071144659081
---
run_2
TV=8490.809
FD=6.871669
IGSD=[38.954,32.369,30.448,37.319,32.653,33.484]
SC_pos=0.24978842129448253
SC_neg=0.7502115787055175
SC_avg=-0.0008314787799364478
SC_std=0.003994245426517893
SC_avg_abs=0.0026598702710517496
SC_std_abs=0.003093613361413926
---
run_3
TV=6225.406
FD=4.847827
IGSD=[45.554,44.518,42.161,49.266,48.388,45.582]
SC_pos=0.2658791760767828
SC_neg=0.7341208239232172
SC_avg=-0.0003819236302741412
SC_std=0.0025677985054249207
SC_avg_abs=0.001507220785075816
SC_std_abs=0.0021137029897456442
---
run_4
TV=9970.662
FD=9.051525
IGSD=[25.891,35.182,28.125,28.92,34.383,26.099]
SC_pos=0.2801853149772448
SC_neg=0.7198146850227553
SC_avg=-0.0008398220222853987
SC_std=0.0044396360860418415
SC_avg_abs=0.0031520134258855343
SC_std_abs=0.0032373570962496226
---
combined
TV_avg=8693.3608
TV_std=1375.1582213202087
FD_avg=7.4749322
FD_std=1.5542280350153772
IGSD_avg=34.304066666666664
IGSD_std=6.640963243051083
SC_pos_avg=0.26019397079934176
SC_neg_avg=0.7398060292006582
SC_avg=-0.0007706989090270982
SC_std=0.00418697224512201
SC_avg_abs=0.002664747201812795
SC_std_abs=0.003320216218897265