conf_id=169
---
run_0
TV=14979.513
FD=17.462042
IGSD=[19.882,19.052,19.735,21.208,17.954,20.135]
SC_pos=0.24694409909321044
SC_neg=0.7530559009067895
SC_avg=-0.0023860780860873094
SC_std=0.010375407340901584
SC_avg_abs=0.007360140913836256
SC_std_abs=0.007692254016282481
---
run_1
TV=10538.946
FD=9.852809
IGSD=[24.821,24.727,24.184,28.07,27.869,32.487]
SC_pos=0.22691243842464037
SC_neg=0.7730875615753596
SC_avg=-0.0011004109893418394
SC_std=0.0064191920100897925
SC_avg_abs=0.003926393330419803
SC_std_abs=0.005196187623893103
---
run_2
TV=10137.455
FD=9.222663
IGSD=[27.759,32.442,29.65,26.513,25.847,25.871]
SC_pos=0.2387158886958237
SC_neg=0.7612841113041763
SC_avg=-0.0011595952151151432
SC_std=0.005096818663340758
SC_avg_abs=0.003397392712804976
SC_std_abs=0.003972397802949273
---
run_3
TV=12100.241
FD=10.962728
IGSD=[29.137,19.807,20.042,21.262,21.626,26.423]
SC_pos=0.2287844826675346
SC_neg=0.7712155173324654
SC_avg=-0.001358587271010632
SC_std=0.008559450481378955
SC_avg_abs=0.0051015830132443325
SC_std_abs=0.007005983348189415
---
run_4
TV=11852.005
FD=11.209139
IGSD=[24.806,22.722,23.79,25.248,24.524,24.97]
SC_pos=0.2538679280659334
SC_neg=0.7461320719340666
SC_avg=-0.0016212411051805917
SC_std=0.006937168499387526
SC_avg_abs=0.00477042466123372
SC_std_abs=0.005291103671401164
---
combined
TV_avg=11921.632000000001
TV_std=1701.9103058678509
FD_avg=11.7418762
FD_std=2.950463951804421
IGSD_avg=24.418766666666667
IGSD_std=3.7979974695737875
SC_pos_avg=0.23904496738942851
SC_neg_avg=0.7609550326105715
SC_avg=-0.0015251825333471062
SC_std=0.007711204454640263
SC_avg_abs=0.0049111869263078305
SC_std_abs=0.006137515692538307