conf_id=266
---
run_0
TV=10791.871
FD=11.13778
IGSD=[24.26,25.671,29.84,22.614,30.016,36.478]
SC_pos=0.28936860770749373
SC_neg=0.7106313922925063
SC_avg=-0.0006829765934067866
SC_std=0.005438315008881335
SC_avg_abs=0.0036253408729874192
SC_std_abs=0.004110794414418257
---
run_1
TV=8089.019
FD=7.160221
IGSD=[39.56,35.23,33.872,33.838,37.312,39.969]
SC_pos=0.2801438797350382
SC_neg=0.7198561202649618
SC_avg=-0.0006360061627535492
SC_std=0.0032613207106721625
SC_avg_abs=0.0023280556609145265
SC_std_abs=0.0023708381337838092
---
run_2
TV=13537.657
FD=13.561971
IGSD=[22.627,21.895,21.35,22.394,20.88,21.439]
SC_pos=0.2424204065253048
SC_neg=0.7575795934746952
SC_avg=-0.0019453933625360963
SC_std=0.00846356563956221
SC_avg_abs=0.006138992927511252
SC_std_abs=0.006142415201380022
---
run_3
TV=12956.339
FD=14.542191
IGSD=[22.271,23.495,22.913,21.725,21.304,22.58]
SC_pos=0.2383620317273793
SC_neg=0.7616379682726206
SC_avg=-0.0018245191868353555
SC_std=0.008353684083087544
SC_avg_abs=0.005807836587388556
SC_std_abs=0.006275503342151239
---
run_4
TV=8511.333
FD=7.489531
IGSD=[32.078,34.802,36.895,30.159,34.894,32.15]
SC_pos=0.2479613342893825
SC_neg=0.7520386657106175
SC_avg=-0.0006655686467605794
SC_std=0.004396862971485037
SC_avg_abs=0.00274146157854592
SC_std_abs=0.0035013960111537575
---
combined
TV_avg=10777.2438
TV_std=2223.935934745819
FD_avg=10.7783388
FD_std=3.031548209895294
IGSD_avg=28.4837
IGSD_std=6.441300221487377
SC_pos_avg=0.2596512519969197
SC_neg_avg=0.7403487480030803
SC_avg=-0.0011508927904584727
SC_std=0.006368115341467109
SC_avg_abs=0.004128337525469544
SC_std_abs=0.004983400093626655