conf_id=157
---
run_0
TV=5612.543
FD=4.404714
IGSD=[51.818,48.463,47.819,51.002,52.706,50.637]
SC_pos=0.24433077836724013
SC_neg=0.7556692216327598
SC_avg=-0.00037037472914022533
SC_std=0.0020459758852636525
SC_avg_abs=0.0012487116862240966
SC_std_abs=0.001662502297067121
---
run_1
TV=6922.251
FD=5.788899
IGSD=[40.575,42.237,41.709,41.999,40.871,40.649]
SC_pos=0.26755419574298467
SC_neg=0.7324458042570153
SC_avg=-0.0005101854218244557
SC_std=0.002919523117292986
SC_avg_abs=0.001871260946901977
SC_std_abs=0.0022983226200100505
---
run_2
TV=6083.631
FD=4.767991
IGSD=[47.396,45.428,46.411,46.5,48.302,44.591]
SC_pos=0.24460818731381334
SC_neg=0.7553918126861867
SC_avg=-0.00045191511697002904
SC_std=0.0024724062137225044
SC_avg_abs=0.0014727321338957725
SC_std_abs=0.0020366835346686775
---
run_3
TV=7002.042
FD=5.299912
IGSD=[37.482,37.237,37.206,39.323,42.624,40.863]
SC_pos=0.2171712201580796
SC_neg=0.7828287798419205
SC_avg=-0.0006136265546834897
SC_std=0.003260377656189171
SC_avg_abs=0.0018393512630713504
SC_std_abs=0.002761048159780657
---
run_4
TV=7682.607
FD=6.793213
IGSD=[40.039,34.939,38.214,39.259,38.356,37.656]
SC_pos=0.2662017494373612
SC_neg=0.7337982505626388
SC_avg=-0.000657920861856953
SC_std=0.0030693181417924555
SC_avg_abs=0.0022074691065069227
SC_std_abs=0.002231737856429474
---
combined
TV_avg=6660.6148
TV_std=729.5010478853064
FD_avg=5.4109458
FD_std=0.8356713526863055
IGSD_avg=43.07703333333333
IGSD_std=4.907068904368699
SC_pos_avg=0.24797322620389578
SC_neg_avg=0.7520267737961042
SC_avg=-0.0005208045368950302
SC_std=0.002790272596577511
SC_avg_abs=0.0017279050273200217
SC_std_abs=0.002251933112999597