conf_id=293
---
run_0
TV=7691.093
FD=6.570647
IGSD=[36.258,34.746,35.603,36.451,35.769,35.469]
SC_pos=0.23900779997716917
SC_neg=0.7609922000228309
SC_avg=-0.0005967465570628052
SC_std=0.004354317739050082
SC_avg_abs=0.00243331211987448
SC_std_abs=0.0036599428346962607
---
run_1
TV=8535.549
FD=7.495649
IGSD=[34.154,35.981,35.348,35.049,30.427,33.367]
SC_pos=0.2715642984837395
SC_neg=0.7284357015162606
SC_avg=-0.0007349232043793424
SC_std=0.00408988584280273
SC_avg_abs=0.0026968308122381113
SC_std_abs=0.003161389234760016
---
run_2
TV=8993.44
FD=8.837135
IGSD=[31.957,30.093,27.878,30.324,36.846,31.97]
SC_pos=0.2494233768106424
SC_neg=0.7505766231893576
SC_avg=-0.0008316959802157865
SC_std=0.0048863994565488495
SC_avg_abs=0.0029273219386313936
SC_std_abs=0.003999925514315902
---
run_3
TV=9616.691
FD=9.728329
IGSD=[32.65,29.384,32.039,32.426,28.477,30.306]
SC_pos=0.27841540860638986
SC_neg=0.7215845913936102
SC_avg=-0.0009652046387751973
SC_std=0.004796817306174108
SC_avg_abs=0.0034913069410894117
SC_std_abs=0.0034280974470725744
---
run_4
TV=8309.767
FD=7.818721
IGSD=[35.698,31.721,32.694,34.537,38.735,35.781]
SC_pos=0.2586052193074141
SC_neg=0.7413947806925859
SC_avg=-0.0007400485483350885
SC_std=0.004277606360556217
SC_avg_abs=0.002793317412235025
SC_std_abs=0.0033230958253213957
---
combined
TV_avg=8629.308
TV_std=647.8675619445694
FD_avg=8.0900962
FD_std=1.0933994256304327
IGSD_avg=33.404599999999995
IGSD_std=2.713136593194919
SC_pos_avg=0.259403220637071
SC_neg_avg=0.740596779362929
SC_avg=-0.0007737237857536418
SC_std=0.004493228403097653
SC_avg_abs=0.002868417844813685
SC_std_abs=0.003543999018989545