conf_id=209
---
run_0
TV=13173.699
FD=14.245075
IGSD=[24.427,19.835,20.555,21.551,20.306,29.029]
SC_pos=0.28119695641571896
SC_neg=0.718803043584281
SC_avg=-0.001641719313742901
SC_std=0.008248813816760481
SC_avg_abs=0.006175980247830569
SC_std_abs=0.005709241601745531
---
run_1
TV=13268.524
FD=13.954672
IGSD=[23.495,19.473,23.575,23.667,20.712,25.016]
SC_pos=0.2810347374424801
SC_neg=0.7189652625575199
SC_avg=-0.0017860300038634608
SC_std=0.007207842074745218
SC_avg_abs=0.0055399104616994845
SC_std_abs=0.00494492493628776
---
run_2
TV=12114.04
FD=14.192937
IGSD=[24.126,22.133,23.666,23.041,21.829,24.108]
SC_pos=0.23132239125268889
SC_neg=0.7686776087473111
SC_avg=-0.001526905967290625
SC_std=0.008625516579257643
SC_avg_abs=0.005117436912209708
SC_std_abs=0.0071093471951755045
---
run_3
TV=11057.135
FD=11.439615
IGSD=[22.894,23.154,27.302,29.415,24.476,24.622]
SC_pos=0.2355440209049084
SC_neg=0.7644559790950916
SC_avg=-0.001218905780339392
SC_std=0.007337490212504781
SC_avg_abs=0.004332471304185887
SC_std_abs=0.006046005815276236
---
run_4
TV=11303.35
FD=11.513083
IGSD=[25.145,25.458,26.378,23.063,27.283,27.321]
SC_pos=0.2535374820093358
SC_neg=0.7464625179906642
SC_avg=-0.001309075062744022
SC_std=0.005966064955498447
SC_avg_abs=0.004239416069289692
SC_std_abs=0.004397153620761185
---
combined
TV_avg=12183.3496
TV_std=917.1649638316106
FD_avg=13.0690764
FD_std=1.3043446505511649
IGSD_avg=23.901833333333332
IGSD_std=2.521496540857345
SC_pos_avg=0.25652711760502644
SC_neg_avg=0.7434728823949736
SC_avg=-0.0014965272255960769
SC_std=0.0075371901148661635
SC_avg_abs=0.005081042999043063
SC_std_abs=0.005764705595818567