conf_id=271
---
run_0
TV=9066.047
FD=8.383601
IGSD=[31.462,30.681,31.079,31.249,32.063,38.619]
SC_pos=0.27839137616591003
SC_neg=0.72160862383409
SC_avg=-0.0006854528346784979
SC_std=0.003651317846204838
SC_avg_abs=0.0025423957309945945
SC_std_abs=0.0027089096606574357
---
run_1
TV=9895.483
FD=9.552609
IGSD=[29.361,29.823,28.859,29.988,31.085,30.358]
SC_pos=0.2750794572563364
SC_neg=0.7249205427436636
SC_avg=-0.0009659238798987044
SC_std=0.004977202478755169
SC_avg_abs=0.003681027864528711
SC_std_abs=0.00348648638558196
---
run_2
TV=9049.876
FD=7.920893
IGSD=[30.255,34.395,32.692,31.295,31.618,31.619]
SC_pos=0.25998169805351734
SC_neg=0.7400183019464827
SC_avg=-0.0008583799357294239
SC_std=0.004729163044406116
SC_avg_abs=0.0030897054459490315
SC_std_abs=0.003681782105436478
---
run_3
TV=10371.831
FD=8.702795
IGSD=[24.112,34.495,33.811,25.797,31.533,23.601]
SC_pos=0.27949376078481664
SC_neg=0.7205062392151834
SC_avg=-0.000951950271052113
SC_std=0.0047636512967949565
SC_avg_abs=0.0034069521157967983
SC_std_abs=0.003462839914965778
---
run_4
TV=8527.146
FD=7.405548
IGSD=[36.558,30.18,29.483,32.707,35.382,44.615]
SC_pos=0.2668897816342018
SC_neg=0.7331102183657981
SC_avg=-0.0006539920464596134
SC_std=0.003933790699998431
SC_avg_abs=0.0026071029039619114
SC_std_abs=0.003017520392040452
---
combined
TV_avg=9382.0766
TV_std=660.9596328692394
FD_avg=8.3930892
FD_std=0.7264572593176837
IGSD_avg=31.625833333333325
IGSD_std=3.9358120050237275
SC_pos_avg=0.27196721477895647
SC_neg_avg=0.7280327852210435
SC_avg=-0.000823139793563672
SC_std=0.0044434788744632525
SC_avg_abs=0.0030654368122462116
SC_std_abs=0.003320415753738533