conf_id=218
---
run_0
TV=6830.106
FD=5.874384
IGSD=[37.778,47.752,47.468,39.614,38.268,36.774]
SC_pos=0.23381037037098423
SC_neg=0.7661896296290158
SC_avg=-0.0004571801192571854
SC_std=0.003082567910994481
SC_avg_abs=0.0017719684646768626
SC_std_abs=0.002563467641209388
---
run_1
TV=8703.16
FD=7.889413
IGSD=[33.873,30.242,32.317,29.57,46.94,30.678]
SC_pos=0.2661275803538114
SC_neg=0.7338724196461887
SC_avg=-0.000681652114790494
SC_std=0.003989176501662005
SC_avg_abs=0.0026772611395106736
SC_std_abs=0.0030348725768764434
---
run_2
TV=7611.73
FD=6.826216
IGSD=[34.936,39.991,46.418,36.674,35.173,35.714]
SC_pos=0.2611988582933362
SC_neg=0.7388011417066638
SC_avg=-0.0006257159828925089
SC_std=0.0032896471902814275
SC_avg_abs=0.002185886441947082
SC_std_abs=0.002536769518636953
---
run_3
TV=7546.899
FD=6.420945
IGSD=[36.207,36.231,34.713,37.321,42.657,38.515]
SC_pos=0.24336471569519325
SC_neg=0.7566352843048068
SC_avg=-0.000633388444218747
SC_std=0.0036499773974415584
SC_avg_abs=0.002215888225746306
SC_std_abs=0.0029687295757786676
---
run_4
TV=7878.752
FD=6.62609
IGSD=[40.944,34.532,34.571,37.139,38.839,34.068]
SC_pos=0.25972624978531367
SC_neg=0.7402737502146863
SC_avg=-0.0006199755886518616
SC_std=0.0034236757914565537
SC_avg_abs=0.0022467423138552082
SC_std_abs=0.0026567037152573905
---
combined
TV_avg=7714.1294
TV_std=604.1905566490096
FD_avg=6.7274096
FD_std=0.6620956868829762
IGSD_avg=37.530566666666665
IGSD_std=4.7769917569068046
SC_pos_avg=0.25284555489972776
SC_neg_avg=0.7471544451002723
SC_avg=-0.0006035824499621589
SC_std=0.0035017309774236973
SC_avg_abs=0.002219549317147228
SC_std_abs=0.002774893230541005