conf_id=126
---
run_0
TV=9939.114
FD=10.17377
IGSD=[29.366,28.753,31.722,29.237,27.901,27.06]
SC_pos=0.26975585733763235
SC_neg=0.7302441426623676
SC_avg=-0.0010761079628499245
SC_std=0.005559773021463848
SC_avg_abs=0.003725271807005913
SC_std_abs=0.004265141775115242
---
run_1
TV=14210.029
FD=16.373011
IGSD=[22.757,20.269,18.096,23.78,19.472,18.582]
SC_pos=0.2714553237967361
SC_neg=0.7285446762032639
SC_avg=-0.0019263735236723894
SC_std=0.00977549903182418
SC_avg_abs=0.006887545782072768
SC_std_abs=0.007199514523476779
---
run_2
TV=11355.163
FD=9.92045
IGSD=[34.543,25.639,26.855,29.983,21.744,21.016]
SC_pos=0.2700838172796976
SC_neg=0.7299161827203023
SC_avg=-0.0012795333521215648
SC_std=0.005671599696556636
SC_avg_abs=0.004137559776011731
SC_std_abs=0.004084709024777954
---
run_3
TV=11205.965
FD=8.843204
IGSD=[29.258,23.253,26.079,30.374,23.177,24.989]
SC_pos=0.2560930005724279
SC_neg=0.7439069994275721
SC_avg=-0.0013754593619886857
SC_std=0.0063610178020033475
SC_avg_abs=0.004416330875031503
SC_std_abs=0.004780215218599397
---
run_4
TV=9479.089
FD=9.264767
IGSD=[28.917,30.608,25.74,28.603,32.629,38.012]
SC_pos=0.2657813889051752
SC_neg=0.7342186110948248
SC_avg=-0.0007642964256645386
SC_std=0.004835524249787506
SC_avg_abs=0.003163653509094624
SC_std_abs=0.0037360059249096278
---
combined
TV_avg=11237.872
TV_std=1650.974406320825
FD_avg=10.9150404
FD_std=2.7692613926195273
IGSD_avg=26.6138
IGSD_std=4.717830726085878
SC_pos_avg=0.26663387757833384
SC_neg_avg=0.7333661224216662
SC_avg=-0.0012843541252594212
SC_std=0.006681581871444484
SC_avg_abs=0.004466072349843304
SC_std_abs=0.005132962067836819