conf_id=203
---
run_0
TV=18836.948
FD=14.846999
IGSD=[14.182,19.654,15.957,15.31,15.151,15.893]
SC_pos=0.2597047034593662
SC_neg=0.7402952965406338
SC_avg=-0.003473477312978888
SC_std=0.013845828522178836
SC_avg_abs=0.01052156656729361
SC_std_abs=0.009647209393361876
---
run_1
TV=21089.131
FD=25.271878
IGSD=[14.513,13.7,13.907,14.454,13.763,14.036]
SC_pos=0.23673777023288056
SC_neg=0.7632622297671194
SC_avg=-0.00476378276715455
SC_std=0.017681017003456992
SC_avg_abs=0.013531559038240005
SC_std_abs=0.012337297050967038
---
run_2
TV=17522.08
FD=23.382939
IGSD=[16.109,22.683,15.492,17.941,14.778,15.743]
SC_pos=0.28934001739037113
SC_neg=0.7106599826096288
SC_avg=-0.002190151694343192
SC_std=0.012929252767681736
SC_avg_abs=0.009193613048812437
SC_std_abs=0.009350926193888274
---
run_3
TV=16693.375
FD=21.928073
IGSD=[16.438,17.671,14.872,13.794,18.209,29.315]
SC_pos=0.27540223779312584
SC_neg=0.7245977622068741
SC_avg=-0.002297957512938933
SC_std=0.010562917464963125
SC_avg_abs=0.007563435060682247
SC_std_abs=0.007723359643687319
---
run_4
TV=18031.956
FD=17.793498
IGSD=[14.711,21.454,15.107,15.289,18.906,14.587]
SC_pos=0.2677360964562716
SC_neg=0.7322639035437284
SC_avg=-0.0029222994423969556
SC_std=0.013666271789127916
SC_avg_abs=0.009628087971397258
SC_std_abs=0.010129498539433356
---
combined
TV_avg=18434.697999999997
TV_std=1499.0062132496987
FD_avg=20.6446774
FD_std=3.8025903026643615
IGSD_avg=16.45396666666667
IGSD_std=3.2635406997445107
SC_pos_avg=0.26578416506640307
SC_neg_avg=0.7342158349335969
SC_avg=-0.0031295337459625004
SC_std=0.013958789973533003
SC_avg_abs=0.010087652337285114
SC_std_abs=0.010143030578401588