conf_id=10
---
run_0
TV=11329.748
FD=9.833376
IGSD=[26.334,24.382,25.984,24.072,24.114,25.17]
SC_pos=0.22623041433791974
SC_neg=0.7737695856620803
SC_avg=-0.0013292711838920695
SC_std=0.007444806097807982
SC_avg_abs=0.004417051757855837
SC_std_abs=0.006138546528512051
---
run_1
TV=10924.564
FD=10.72701
IGSD=[26.968,23.709,23.242,30.392,24.445,24.087]
SC_pos=0.2373193138572502
SC_neg=0.7626806861427498
SC_avg=-0.0013119144047094226
SC_std=0.007262073257563025
SC_avg_abs=0.004442799787559892
SC_std_abs=0.0058923982766912455
---
run_2
TV=10316.797
FD=10.013032
IGSD=[24.356,23.336,23.877,29.104,29.042,29.517]
SC_pos=0.21478807220256696
SC_neg=0.7852119277974331
SC_avg=-0.0009186160035232592
SC_std=0.007984250665803183
SC_avg_abs=0.004055486417619695
SC_std_abs=0.006938670187637528
---
run_3
TV=10307.588
FD=10.605814
IGSD=[25.386,27.307,26.425,25.672,25.044,25.346]
SC_pos=0.20037896672522157
SC_neg=0.7996210332747784
SC_avg=-0.0012798712001497166
SC_std=0.008093436352715064
SC_avg_abs=0.004549536207801961
SC_std_abs=0.006814946997469701
---
run_4
TV=11062.043
FD=10.979916
IGSD=[27.24,28.303,25.417,24.83,24.494,24.691]
SC_pos=0.24510748198240287
SC_neg=0.7548925180175972
SC_avg=-0.0013194606968741065
SC_std=0.007096467063423552
SC_avg_abs=0.004554100234864709
SC_std_abs=0.00560008860319692
---
combined
TV_avg=10788.148
TV_std=409.8946291138734
FD_avg=10.4318296
FD_std=0.4361969470253545
IGSD_avg=25.742866666666668
IGSD_std=1.9120692758254223
SC_pos_avg=0.22476484982107225
SC_neg_avg=0.7752351501789277
SC_avg=-0.0012318266978297162
SC_std=0.007588130991277519
SC_avg_abs=0.004403794881140428
SC_std_abs=0.006301088762992773