conf_id=101
---
run_0
TV=15604.371
FD=18.739855
IGSD=[19.963,18.401,17.999,19.604,15.727,19.678]
SC_pos=0.2722908654558322
SC_neg=0.7277091345441677
SC_avg=-0.0021281089517196415
SC_std=0.010882223134438911
SC_avg_abs=0.007734460660592265
SC_std_abs=0.00794542298105376
---
run_1
TV=13557.731
FD=14.91918
IGSD=[21.969,19.774,18.396,23.697,25.658,21.412]
SC_pos=0.2777918082111805
SC_neg=0.7222081917888195
SC_avg=-0.0015862624690065998
SC_std=0.007739016931740481
SC_avg_abs=0.0054801237727542355
SC_std_abs=0.005690066355117372
---
run_2
TV=14466.781
FD=18.645867
IGSD=[21.077,20.236,21.612,20.677,18.345,21.334]
SC_pos=0.2791898332832312
SC_neg=0.7208101667167688
SC_avg=-0.0018880283184923416
SC_std=0.010583778227468026
SC_avg_abs=0.007634205407838557
SC_std_abs=0.007569671082060549
---
run_3
TV=14972.431
FD=16.951157
IGSD=[21.517,19.405,19.423,19.477,19.097,19.34]
SC_pos=0.26931187871738865
SC_neg=0.7306881212826114
SC_avg=-0.002219393862467697
SC_std=0.010196727517025259
SC_avg_abs=0.007459254511125629
SC_std_abs=0.007297841003438713
---
run_4
TV=13956.803
FD=16.598739
IGSD=[21.233,17.742,19.195,26.312,22.019,25.741]
SC_pos=0.28773605916455364
SC_neg=0.7122639408354463
SC_avg=-0.0018725930737887831
SC_std=0.008484351115823742
SC_avg_abs=0.006621839334464518
SC_std_abs=0.005625127776781602
---
combined
TV_avg=14511.6234
TV_std=724.7328044728208
FD_avg=17.170959599999996
FD_std=1.420073630465913
IGSD_avg=20.535333333333334
IGSD_std=2.367182859199705
SC_pos_avg=0.2772640889664372
SC_neg_avg=0.7227359110335627
SC_avg=-0.0019388773350950141
SC_std=0.009659552841567595
SC_avg_abs=0.006985976737355017
SC_std_abs=0.006947109862721023