conf_id=248
---
run_0
TV=10433.882
FD=9.670356
IGSD=[26.583,28.227,28.393,27.685,27.166,27.963]
SC_pos=0.2594426255524095
SC_neg=0.7405573744475905
SC_avg=-0.0011423031586613836
SC_std=0.005571038288923246
SC_avg_abs=0.0038050084456946877
SC_std_abs=0.004226492026625473
---
run_1
TV=14278.156
FD=16.66773
IGSD=[19.489,19.868,20.599,20.564,18.903,19.075]
SC_pos=0.2150387554179169
SC_neg=0.7849612445820832
SC_avg=-0.002417187944003241
SC_std=0.010697200021327092
SC_avg_abs=0.006963708047348813
SC_std_abs=0.008472287535500929
---
run_2
TV=12495.358
FD=10.672094
IGSD=[22.211,32.469,22.881,22.405,20.884,20.597]
SC_pos=0.24394729520061806
SC_neg=0.7560527047993819
SC_avg=-0.0014479625302565454
SC_std=0.008262265219252394
SC_avg_abs=0.005111519168118605
SC_std_abs=0.006650864142068369
---
run_3
TV=15465.648
FD=18.55896
IGSD=[18.975,18.099,21.124,19.355,18.22,18.406]
SC_pos=0.2545540956768747
SC_neg=0.7454459043231253
SC_avg=-0.002165174184671822
SC_std=0.010829053988870225
SC_avg_abs=0.007500677158921738
SC_std_abs=0.0081053211966871
---
run_4
TV=10568.617
FD=9.292507
IGSD=[24.445,24.676,22.716,26.102,36.184,25.778]
SC_pos=0.23852176458608576
SC_neg=0.7614782354139142
SC_avg=-0.0009017375285574553
SC_std=0.007485082348449344
SC_avg_abs=0.004054947614331441
SC_std_abs=0.006355862504688446
---
combined
TV_avg=12648.3322
TV_std=1992.2851223272637
FD_avg=12.972329400000001
FD_std=3.8626838125997107
IGSD_avg=23.33473333333334
IGSD_std=4.449209285055292
SC_pos_avg=0.24230090728678097
SC_neg_avg=0.757699092713219
SC_avg=-0.0016148730692300895
SC_std=0.008817400237562485
SC_avg_abs=0.005487172086883048
SC_std_abs=0.0070883922343520905