conf_id=58
---
run_0
TV=6300.675
FD=5.088056
IGSD=[46.457,44.987,46.198,44.915,43.656,43.515]
SC_pos=0.26248335080174084
SC_neg=0.7375166491982591
SC_avg=-0.00038335904877535723
SC_std=0.0028493969016547254
SC_avg_abs=0.0016371831866342785
SC_std_abs=0.0023633996862231148
---
run_1
TV=6910.633
FD=5.761582
IGSD=[37.915,40.234,38.249,38.266,42.858,41.723]
SC_pos=0.23064388916155582
SC_neg=0.7693561108384442
SC_avg=-0.0004436347160157299
SC_std=0.0034399729078971623
SC_avg_abs=0.0019028189354556128
SC_std_abs=0.0028999147344693425
---
run_2
TV=7322.283
FD=6.11911
IGSD=[36.376,44.614,35.761,40.961,36.418,39.698]
SC_pos=0.25941362088286485
SC_neg=0.7405863791171351
SC_avg=-0.000467884496534496
SC_std=0.003549731672713487
SC_avg_abs=0.0020146429002831116
SC_std_abs=0.002959852164332114
---
run_3
TV=6614.457
FD=5.638271
IGSD=[41.374,44.927,41.557,41.107,42.19,41.634]
SC_pos=0.25216514678745316
SC_neg=0.7478348532125468
SC_avg=-0.000478652420855088
SC_std=0.0034291048011820505
SC_avg_abs=0.0018755472169973801
SC_std_abs=0.002910359172729992
---
run_4
TV=6134.853
FD=5.246652
IGSD=[46.258,44.757,42.407,46.312,45.935,42.17]
SC_pos=0.23049534381824513
SC_neg=0.7695046561817549
SC_avg=-0.0004170469203802898
SC_std=0.002960925332133097
SC_avg_abs=0.0016450516799929268
SC_std_abs=0.0024969605376174097
---
combined
TV_avg=6656.580200000001
TV_std=426.2265101330043
FD_avg=5.5707341999999995
FD_std=0.3687024917889219
IGSD_avg=42.11429999999999
IGSD_std=3.1264268012114615
SC_pos_avg=0.24704027029037195
SC_neg_avg=0.752959729709628
SC_avg=-0.00043811552051219274
SC_std=0.0032583711227943046
SC_avg_abs=0.0018150487838726615
SC_std_abs=0.0027412634852082055