conf_id=97
---
run_0
TV=5669.926
FD=4.500804
IGSD=[48.765,47.026,46.212,48.76,55.844,48.712]
SC_pos=0.24203381571551724
SC_neg=0.7579661842844828
SC_avg=-0.0003529156385713857
SC_std=0.0023493734304275704
SC_avg_abs=0.0013050664027369542
SC_std_abs=0.0019851716923214692
---
run_1
TV=5844.883
FD=4.664808
IGSD=[48.246,45.512,45.462,46.49,48.461,47.004]
SC_pos=0.22531676724726418
SC_neg=0.7746832327527358
SC_avg=-0.00038726850220725193
SC_std=0.0025187182795725375
SC_avg_abs=0.0013788398677353061
SC_std_abs=0.002143063061087652
---
run_2
TV=10047.682
FD=8.826401
IGSD=[32.144,25.324,25.547,29.54,30.586,27.295]
SC_pos=0.25094467172825774
SC_neg=0.7490553282717423
SC_avg=-0.0010428974342293002
SC_std=0.005314082388872103
SC_avg_abs=0.0033959611868199964
SC_std_abs=0.004218359196613636
---
run_3
TV=13843.289
FD=13.038499
IGSD=[19.984,19.876,21.407,19.401,22.909,21.688]
SC_pos=0.23004287097334905
SC_neg=0.7699571290266509
SC_avg=-0.0021971660086317303
SC_std=0.00843885973218878
SC_avg_abs=0.0060025983010382165
SC_std_abs=0.006325401622459796
---
run_4
TV=8342.805
FD=7.142585
IGSD=[35.763,36.222,32.191,32.204,30.999,30.701]
SC_pos=0.22232762887448002
SC_neg=0.77767237112552
SC_avg=-0.0008167002624327315
SC_std=0.004571725672086887
SC_avg_abs=0.00263433197163933
SC_std_abs=0.0038246529257796483
---
combined
TV_avg=8749.717
TV_std=3023.8366162010143
FD_avg=7.6346194
FD_std=3.1465833749330465
IGSD_avg=35.67583333333334
IGSD_std=11.058109461938882
SC_pos_avg=0.23413315090777365
SC_neg_avg=0.7658668490922264
SC_avg=-0.0009593895692144808
SC_std=0.005185991816097995
SC_avg_abs=0.002943359545993956
SC_std_abs=0.004376251140549314