conf_id=107
---
run_0
TV=10315.708
FD=9.204443
IGSD=[27.286,26.709,35.324,25.366,25.933,33.623]
SC_pos=0.28018821544419925
SC_neg=0.7198117845558007
SC_avg=-0.0009292751408155357
SC_std=0.005131307374535545
SC_avg_abs=0.0037607948279961933
SC_std_abs=0.0036125185011315407
---
run_1
TV=11724.607
FD=12.5909
IGSD=[23.588,28.103,24.952,24.397,26.865,23.724]
SC_pos=0.2748086779485163
SC_neg=0.7251913220514837
SC_avg=-0.0011843069284901593
SC_std=0.006166954897461388
SC_avg_abs=0.004453136010879012
SC_std_abs=0.00442758345791532
---
run_2
TV=11492.757
FD=10.782936
IGSD=[27.732,24.853,25.411,27.311,24.098,25.844]
SC_pos=0.2617963544859554
SC_neg=0.7382036455140446
SC_avg=-0.001544441295894318
SC_std=0.006212338831700584
SC_avg_abs=0.004690579571754575
SC_std_abs=0.004356250217487205
---
run_3
TV=9152.634
FD=7.708481
IGSD=[23.716,44.815,31.272,25.868,48.236,27.708]
SC_pos=0.28131007462694296
SC_neg=0.718689925373057
SC_avg=-0.0005241634105997152
SC_std=0.0038726258081181473
SC_avg_abs=0.0025286340576281606
SC_std_abs=0.0029795952297782357
---
run_4
TV=10405.583
FD=9.562657
IGSD=[30.372,24.369,25.318,28.376,30.56,27.144]
SC_pos=0.24737046773551635
SC_neg=0.7526295322644836
SC_avg=-0.0011543619637397866
SC_std=0.006176276894358394
SC_avg_abs=0.0039506455802001735
SC_std_abs=0.004885831282265014
---
combined
TV_avg=10618.2578
TV_std=924.5082453177795
FD_avg=9.969883399999999
FD_std=1.6368540380484264
IGSD_avg=28.295766666666665
IGSD_std=5.638350826753825
SC_pos_avg=0.2690947580482261
SC_neg_avg=0.730905241951774
SC_avg=-0.0010673097479079032
SC_std=0.00559752465298269
SC_avg_abs=0.003876758009691615
SC_std_abs=0.004176383563924654