conf_id=87
---
run_0
TV=20423.185
FD=31.646182
IGSD=[14.523,15.725,13.644,14.928,13.784,14.146]
SC_pos=0.2444246291908381
SC_neg=0.7555753708091619
SC_avg=-0.004233149320171544
SC_std=0.017520944242524827
SC_avg_abs=0.01290154826938168
SC_std_abs=0.012587815242104049
---
run_1
TV=18006.547
FD=25.520492
IGSD=[18.315,15.378,15.456,18.914,15.019,14.9]
SC_pos=0.24831664149130409
SC_neg=0.7516833585086959
SC_avg=-0.003392869323191161
SC_std=0.013536848233877581
SC_avg_abs=0.009930348197781522
SC_std_abs=0.009805407029904666
---
run_2
TV=12384.598
FD=11.104285
IGSD=[19.464,22.077,24.06,19.269,18.882,38.088]
SC_pos=0.26633330633136715
SC_neg=0.7336666936686328
SC_avg=-0.0012766280919226784
SC_std=0.0082403373807916
SC_avg_abs=0.0050029098508033555
SC_std_abs=0.006671119280832281
---
run_3
TV=10853.639
FD=10.311223
IGSD=[21.741,28.65,31.219,22.856,23.922,28.458]
SC_pos=0.23570955469752378
SC_neg=0.7642904453024763
SC_avg=-0.0009682525629231437
SC_std=0.007015296680102406
SC_avg_abs=0.004042418881948849
SC_std_abs=0.005814701206281064
---
run_4
TV=11171.967
FD=11.279058
IGSD=[24.188,25.232,25.352,27.002,23.719,22.951]
SC_pos=0.22336703192523258
SC_neg=0.7766329680747674
SC_avg=-0.0012722298680339034
SC_std=0.00736865932338976
SC_avg_abs=0.004474149222610208
SC_std_abs=0.005991468751075389
---
combined
TV_avg=14567.9872
TV_std=3903.9354227145923
FD_avg=17.972248
FD_std=8.883822045898782
IGSD_avg=21.062066666666666
IGSD_std=5.899945473947666
SC_pos_avg=0.24363023272725315
SC_neg_avg=0.7563697672727469
SC_avg=-0.0022286258332484855
SC_std=0.011579529750173994
SC_avg_abs=0.00727027488450511
SC_std_abs=0.009284146996009992