conf_id=263
---
run_0
TV=13860.107
FD=16.071792
IGSD=[24.23,20.063,23.113,23.906,17.61,19.371]
SC_pos=0.27088413898291813
SC_neg=0.7291158610170819
SC_avg=-0.0018327694618049794
SC_std=0.008120777544369604
SC_avg_abs=0.006190592302822792
SC_std_abs=0.005566205059597948
---
run_1
TV=13921.403
FD=17.645731
IGSD=[21.451,23.711,23.06,22.428,18.213,18.746]
SC_pos=0.2757803343782611
SC_neg=0.7242196656217389
SC_avg=-0.0017865966260037997
SC_std=0.00843184911469655
SC_avg_abs=0.0062706485211600944
SC_std_abs=0.005913287928143677
---
run_2
TV=14653.691
FD=20.060773
IGSD=[18.939,19.131,22.342,20.097,20.465,19.689]
SC_pos=0.27855545972504814
SC_neg=0.7214445402749519
SC_avg=-0.0020419125084435922
SC_std=0.010715139528777394
SC_avg_abs=0.007733540211060073
SC_std_abs=0.007692592386005065
---
run_3
TV=12448.872
FD=14.04606
IGSD=[21.613,26.698,24.164,21.548,27.262,22.82]
SC_pos=0.2827785396107449
SC_neg=0.717221460389255
SC_avg=-0.0012451814127085897
SC_std=0.006074053064107146
SC_avg_abs=0.004578241636488496
SC_std_abs=0.00418142330960015
---
run_4
TV=14025.813
FD=17.907625
IGSD=[22.747,20.148,20.334,23.859,20.187,19.751]
SC_pos=0.2765827278435919
SC_neg=0.723417272156408
SC_avg=-0.0019510229978718498
SC_std=0.009313967659980008
SC_avg_abs=0.00698706307728032
SC_std_abs=0.006460451521641847
---
combined
TV_avg=13781.9772
TV_std=724.1621558867603
FD_avg=17.146396199999998
FD_std=2.0044578020256156
IGSD_avg=21.58986666666667
IGSD_std=2.361279762238172
SC_pos_avg=0.27691624010811283
SC_neg_avg=0.7230837598918871
SC_avg=-0.0017714966013665635
SC_std=0.008670499192986333
SC_avg_abs=0.006352017149762351
SC_std_abs=0.006161788262619434