conf_id=47
---
run_0
TV=8226.953
FD=7.089422
IGSD=[39.028,34.804,34.3,32.218,32.83,31.12]
SC_pos=0.2299376254581443
SC_neg=0.7700623745418557
SC_avg=-0.0008285613767172569
SC_std=0.003938623085630821
SC_avg_abs=0.0025180741664904507
SC_std_abs=0.003139835705527444
---
run_1
TV=7549.73
FD=6.866978
IGSD=[34.478,45.162,41.639,36.588,40.383,37.594]
SC_pos=0.2651463938183591
SC_neg=0.7348536061816409
SC_avg=-0.0005151375702129663
SC_std=0.0027039456741043185
SC_avg_abs=0.0019075094998251877
SC_std_abs=0.001984463764554302
---
run_2
TV=9230.632
FD=8.83944
IGSD=[30.425,28.691,30.894,33.938,29.139,32.24]
SC_pos=0.2587668167520198
SC_neg=0.7412331832479802
SC_avg=-0.0007261685803848881
SC_std=0.004710357703055913
SC_avg_abs=0.003086246875926633
SC_std_abs=0.0036317861609281837
---
run_3
TV=9445.274
FD=8.02956
IGSD=[30.316,30.704,27.382,31.547,37.017,30.681]
SC_pos=0.27196104092786766
SC_neg=0.7280389590721323
SC_avg=-0.000819921990881743
SC_std=0.0036036083962390306
SC_avg_abs=0.0026797915796118498
SC_std_abs=0.002544991676689212
---
run_4
TV=9872.149
FD=9.0546
IGSD=[28.77,28.439,36.216,35.152,26.338,26.294]
SC_pos=0.27861160447823813
SC_neg=0.7213883955217619
SC_avg=-0.0009018409116564629
SC_std=0.004558376764452261
SC_avg_abs=0.0033159724466779597
SC_std_abs=0.0032552177330415627
---
combined
TV_avg=8864.9476
TV_std=851.0925820474762
FD_avg=7.975999999999999
FD_std=0.8863098345125143
IGSD_avg=33.14423333333333
IGSD_std=4.526709869823287
SC_pos_avg=0.2608846962869258
SC_neg_avg=0.7391153037130742
SC_avg=-0.0007583260859706633
SC_std=0.0039715446422311325
SC_avg_abs=0.0027015189137064165
SC_std_abs=0.0030083252578112112