conf_id=315
---
run_0
TV=5984.132
FD=4.775104
IGSD=[47.165,44.037,43.977,48.537,44.576,45.78]
SC_pos=0.2226966097063298
SC_neg=0.7773033902936702
SC_avg=-0.0004961911917970548
SC_std=0.002463326011404458
SC_avg_abs=0.0015044418594399882
SC_std_abs=0.0020126687330118517
---
run_1
TV=6391.796
FD=5.487695
IGSD=[43.953,42.018,41.552,43.987,41.939,43.852]
SC_pos=0.22396991469933863
SC_neg=0.7760300853006614
SC_avg=-0.00044022465331165984
SC_std=0.003063805918152016
SC_avg_abs=0.0017335424121961555
SC_std_abs=0.002564280631016
---
run_2
TV=6686.272
FD=5.591949
IGSD=[41.079,43.221,40.166,42.921,42.277,42.169]
SC_pos=0.23962580661468064
SC_neg=0.7603741933853194
SC_avg=-0.0005753858815457066
SC_std=0.0028172474348431746
SC_avg_abs=0.0018351150187005153
SC_std_abs=0.002213663228666993
---
run_3
TV=6563.423
FD=5.771761
IGSD=[43.025,40.295,39.098,44.584,45.046,45.369]
SC_pos=0.2460387390509962
SC_neg=0.7539612609490037
SC_avg=-0.00044042757653208495
SC_std=0.002721052890156691
SC_avg_abs=0.0017034179720175275
SC_std_abs=0.0021671346275226413
---
run_4
TV=7081.296
FD=5.51456
IGSD=[45.229,38.152,39.278,44.33,37.425,39.829]
SC_pos=0.24245251883801494
SC_neg=0.7575474811619851
SC_avg=-0.0005956600166086882
SC_std=0.002658494123171428
SC_avg_abs=0.0018108289135538207
SC_std_abs=0.002035509888003687
---
combined
TV_avg=6541.3838000000005
TV_std=359.4132938712202
FD_avg=5.4282138
FD_std=0.34128579947334464
IGSD_avg=42.82886666666666
IGSD_std=2.5770425650776945
SC_pos_avg=0.23495671778187205
SC_neg_avg=0.765043282218128
SC_avg=-0.0005095778639590378
SC_std=0.002752634968567972
SC_avg_abs=0.0017174692351816013
SC_std_abs=0.0022106488404595123