conf_id=113
---
run_0
TV=8626.248
FD=7.693607
IGSD=[37.9,29.564,30.325,32.392,33.777,34.243]
SC_pos=0.2639449789705787
SC_neg=0.7360550210294213
SC_avg=-0.0008890947150802679
SC_std=0.004234679847363533
SC_avg_abs=0.0028156147641372267
SC_std_abs=0.003285622668844214
---
run_1
TV=8731.786
FD=7.989206
IGSD=[32.429,35.01,33.655,31.766,36.923,30.39]
SC_pos=0.26269529206562764
SC_neg=0.7373047079343724
SC_avg=-0.0006568112366501842
SC_std=0.004265878437320519
SC_avg_abs=0.00275186853375723
SC_std_abs=0.0033251074291672043
---
run_2
TV=6754.673
FD=5.492167
IGSD=[42.121,40.581,38.026,40.143,45.801,42.611]
SC_pos=0.25282417431474913
SC_neg=0.7471758256852509
SC_avg=-0.00041185372803265673
SC_std=0.003087291377845905
SC_avg_abs=0.0018046431042031854
SC_std_abs=0.002538553684968659
---
run_3
TV=9767.001
FD=9.366309
IGSD=[32.001,28.497,30.596,29.216,27.854,26.444]
SC_pos=0.25331062405825466
SC_neg=0.7466893759417453
SC_avg=-0.0009972394552235785
SC_std=0.00506077186731129
SC_avg_abs=0.003445114617656564
SC_std_abs=0.0038388909459937896
---
run_4
TV=10509.606
FD=9.438033
IGSD=[31.124,28.908,26.01,26.126,30.438,29.678]
SC_pos=0.28268717490167933
SC_neg=0.7173128250983206
SC_avg=-0.0009975400076880996
SC_std=0.004655439562005803
SC_avg_abs=0.003570799494298465
SC_std_abs=0.0031492212615097407
---
combined
TV_avg=8877.862799999999
TV_std=1268.5216573119121
FD_avg=7.995864399999999
FD_std=1.4365147554694453
IGSD_avg=33.151633333333336
IGSD_std=5.135871431953448
SC_pos_avg=0.26309244886217786
SC_neg_avg=0.7369075511378221
SC_avg=-0.0007905078285349591
SC_std=0.004317469237440579
SC_avg_abs=0.0028776081028105377
SC_std_abs=0.00331433475223308