conf_id=50
---
run_0
TV=9611.988
FD=7.394138
IGSD=[31.001,28.02,29.206,31.566,29.001,30.072]
SC_pos=0.22711257064449825
SC_neg=0.7728874293555017
SC_avg=-0.0011779955926856467
SC_std=0.004688575395753845
SC_avg_abs=0.0032437389101587816
SC_std_abs=0.003584490304182323
---
run_1
TV=7317.199
FD=5.74987
IGSD=[43.613,38.758,40.549,39.613,36.449,35.826]
SC_pos=0.23749147728861864
SC_neg=0.7625085227113814
SC_avg=-0.0006555156107645803
SC_std=0.0029762467094462544
SC_avg_abs=0.00195958081374773
SC_std_abs=0.0023340497479354405
---
run_2
TV=7211.468
FD=5.872551
IGSD=[35.975,38.388,38.188,38.154,47.979,41.231]
SC_pos=0.250645094927104
SC_neg=0.749354905072896
SC_avg=-0.0004526077558099969
SC_std=0.0031436737017461517
SC_avg_abs=0.0019315831222869457
SC_std_abs=0.0025212149383513323
---
run_3
TV=8639.894
FD=7.222865
IGSD=[29.903,32.721,32.731,29.427,29.682,35.396]
SC_pos=0.21872587044567124
SC_neg=0.7812741295543287
SC_avg=-0.0009046333384238771
SC_std=0.004728967594812064
SC_avg_abs=0.0028476294238693246
SC_std_abs=0.0038823321153765534
---
run_4
TV=9009.205
FD=7.900708
IGSD=[36.705,33.381,33.247,34.857,29.071,28.395]
SC_pos=0.2600127744851723
SC_neg=0.7399872255148277
SC_avg=-0.0009609827788354266
SC_std=0.004202488639077452
SC_avg_abs=0.002959858222862762
SC_std_abs=0.003134268329825167
---
combined
TV_avg=8357.9508
TV_std=945.9197027154895
FD_avg=6.828026400000001
FD_std=0.8605091680568198
IGSD_avg=34.636833333333335
IGSD_std=4.941624827816139
SC_pos_avg=0.2387975575582129
SC_neg_avg=0.7612024424417871
SC_avg=-0.0008303470153039083
SC_std=0.004026517353659709
SC_avg_abs=0.0025884780985851114
SC_std_abs=0.003194072525521628