conf_id=83
---
run_0
TV=16577.863
FD=19.694146
IGSD=[18.505,15.063,16.168,15.133,35.639,17.136]
SC_pos=0.2912926531793572
SC_neg=0.7087073468206427
SC_avg=-0.00234330456694629
SC_std=0.010572481036564597
SC_avg_abs=0.00796529872983878
SC_std_abs=0.007336378378083976
---
run_1
TV=18555.121
FD=18.922916
IGSD=[14.012,16.374,18.518,14.413,15.394,18.403]
SC_pos=0.25819625346683495
SC_neg=0.741803746533165
SC_avg=-0.003098057174729929
SC_std=0.014222480238258787
SC_avg_abs=0.010319385951294736
SC_std_abs=0.010265825635270578
---
run_2
TV=21001.799
FD=34.38665
IGSD=[15.532,13.48,13.089,15.649,13.358,13.015]
SC_pos=0.23447851365156566
SC_neg=0.7655214863484343
SC_avg=-0.004662799964389426
SC_std=0.018424248406159898
SC_avg_abs=0.013527406400934815
SC_std_abs=0.013349303686100758
---
run_3
TV=17206.134
FD=19.996921
IGSD=[16.67,17.469,14.234,16.179,19.376,14.279]
SC_pos=0.26761738448734973
SC_neg=0.7323826155126503
SC_avg=-0.001864948996344838
SC_std=0.014256044444571602
SC_avg_abs=0.009074616442584236
SC_std_abs=0.011151868649896663
---
run_4
TV=19238.989
FD=31.294483
IGSD=[12.988,17.55,18.205,14.724,14.427,15.136]
SC_pos=0.24916212760852977
SC_neg=0.7508378723914703
SC_avg=-0.0034152098584536825
SC_std=0.01505175301343095
SC_avg_abs=0.010956221274238809
SC_std_abs=0.010871069061712542
---
combined
TV_avg=18515.9812
TV_std=1560.484808136292
FD_avg=24.859023200000003
FD_std=6.599154161886367
IGSD_avg=16.337266666666668
IGSD_std=4.012286537901079
SC_pos_avg=0.2601493864787275
SC_neg_avg=0.7398506135212726
SC_avg=-0.0030768641121728378
SC_std=0.014750839081778586
SC_avg_abs=0.010368585759778294
SC_std_abs=0.010933744817006976