conf_id=178
---
run_0
TV=10402.974
FD=8.83556
IGSD=[25.409,25.272,25.939,29.896,28.286,27.304]
SC_pos=0.22447542465425915
SC_neg=0.7755245753457408
SC_avg=-0.0010555573261557573
SC_std=0.006173867508882802
SC_avg_abs=0.0038044202222528387
SC_std_abs=0.004975663579720138
---
run_1
TV=7665.177
FD=6.503873
IGSD=[34.014,42.121,35.078,34.374,34.032,33.58]
SC_pos=0.23128613541575813
SC_neg=0.7687138645842418
SC_avg=-0.000495082101043778
SC_std=0.004399766687601005
SC_avg_abs=0.002365508666452222
SC_std_abs=0.0037426490539505387
---
run_2
TV=10543.397
FD=9.488257
IGSD=[29.713,28.203,26.924,25.142,25.409,24.201]
SC_pos=0.24054007523396928
SC_neg=0.7594599247660307
SC_avg=-0.0012112988504618194
SC_std=0.006430661199974471
SC_avg_abs=0.003944841401438499
SC_std_abs=0.005221003226534533
---
run_3
TV=13320.861
FD=10.832703
IGSD=[21.918,20.43,20.175,21.561,21.131,20.385]
SC_pos=0.20926827641201465
SC_neg=0.7907317235879854
SC_avg=-0.0020623183933258776
SC_std=0.009978076592515038
SC_avg_abs=0.00617415128338915
SC_std_abs=0.008105246792749174
---
run_4
TV=11040.906
FD=11.232319
IGSD=[25.188,26.374,27.05,25.093,24.63,24.579]
SC_pos=0.23030474170409476
SC_neg=0.7696952582959052
SC_avg=-0.0013256418349263906
SC_std=0.007715321951853531
SC_avg_abs=0.004675522542151061
SC_std_abs=0.006278774406928252
---
combined
TV_avg=10594.663
TV_std=1802.9170502231104
FD_avg=9.3785424
FD_std=1.68057502496968
IGSD_avg=27.113699999999998
IGSD_std=5.070787152241094
SC_pos_avg=0.2271749306840192
SC_neg_avg=0.7728250693159808
SC_avg=-0.0012299797011827232
SC_std=0.007199846960350239
SC_avg_abs=0.004192888823136753
SC_std_abs=0.005980830179381544