conf_id=152
---
run_0
TV=6299.514
FD=5.400796
IGSD=[47.435,48.303,44.136,40.051,52.437,47.173]
SC_pos=0.271329153484217
SC_neg=0.728670846515783
SC_avg=-0.0003560867516021321
SC_std=0.002020624664298491
SC_avg_abs=0.0014007849764383826
SC_std_abs=0.0014991741921546245
---
run_1
TV=7834.988
FD=7.350999
IGSD=[36.525,37.754,44.017,38.106,33.336,36.397]
SC_pos=0.27108344249793187
SC_neg=0.7289165575020682
SC_avg=-0.0006586275101949821
SC_std=0.0034506330026396123
SC_avg_abs=0.002522434446176787
SC_std_abs=0.0024449913662080896
---
run_2
TV=7697.129
FD=6.656248
IGSD=[40.003,36.437,37.017,36.165,39.183,37.201]
SC_pos=0.2683145324374758
SC_neg=0.7316854675625242
SC_avg=-0.0005912611208767664
SC_std=0.003028695256009109
SC_avg_abs=0.002119805546592351
SC_std_abs=0.0022425452306405838
---
run_3
TV=6945.75
FD=6.147971
IGSD=[40.359,37.26,37.761,40.916,42.458,40.76]
SC_pos=0.2396231133239372
SC_neg=0.7603768866760628
SC_avg=-0.0005088550267751404
SC_std=0.003649230805447212
SC_avg_abs=0.0020541245715383354
SC_std_abs=0.0030588218572355054
---
run_4
TV=10673.508
FD=10.79233
IGSD=[27.45,26.476,26.468,25.952,29.612,27.491]
SC_pos=0.2500913129150128
SC_neg=0.7499086870849873
SC_avg=-0.001245424644540885
SC_std=0.005996847507344991
SC_avg_abs=0.004211662845910064
SC_std_abs=0.004446926876390074
---
combined
TV_avg=7890.1778
TV_std=1497.2906163788512
FD_avg=7.2696688
FD_std=1.873122158664234
IGSD_avg=37.8213
IGSD_std=6.706836368711158
SC_pos_avg=0.2600883109317149
SC_neg_avg=0.7399116890682851
SC_avg=-0.0006720510107979811
SC_std=0.0038704982487340724
SC_avg_abs=0.0024617624773311864
SC_std_abs=0.0030613942509536995