conf_id=264
---
run_0
TV=13088.354
FD=15.16314
IGSD=[24.908,18.387,18.418,20.585,28.949,30.382]
SC_pos=0.27485860741537527
SC_neg=0.7251413925846247
SC_avg=-0.0016732945298801789
SC_std=0.0067668982013538445
SC_avg_abs=0.005222251787645873
SC_std_abs=0.0046172407472041465
---
run_1
TV=15715.408
FD=23.448422
IGSD=[18.846,17.854,17.672,18.319,19.35,19.206]
SC_pos=0.274850527543145
SC_neg=0.725149472456855
SC_avg=-0.0024863173100419336
SC_std=0.014119077981014437
SC_avg_abs=0.009821029155609444
SC_std_abs=0.010444018533344823
---
run_2
TV=12956.047
FD=14.688716
IGSD=[22.954,20.745,21.098,19.957,32.127,26.423]
SC_pos=0.28529469469374075
SC_neg=0.7147053053062593
SC_avg=-0.0014954125208534066
SC_std=0.00663849087321818
SC_avg_abs=0.005243980811345713
SC_std_abs=0.0043366444322268495
---
run_3
TV=14040.458
FD=15.552434
IGSD=[21.727,21.909,21.347,19.845,22.731,19.97]
SC_pos=0.2626743672683133
SC_neg=0.7373256327316867
SC_avg=-0.001973458619920994
SC_std=0.008450182560613556
SC_avg_abs=0.006346678188237309
SC_std_abs=0.005917752969429421
---
run_4
TV=16560.926
FD=22.446004
IGSD=[17.593,17.013,18.507,17.387,18.212,18.302]
SC_pos=0.26937776075249714
SC_neg=0.7306222392475028
SC_avg=-0.0028314763768246807
SC_std=0.014358259545582326
SC_avg_abs=0.010230929569948975
SC_std_abs=0.010464461562142887
---
combined
TV_avg=14472.2386
TV_std=1435.8616404500258
FD_avg=18.2597432
FD_std=3.850139657752191
IGSD_avg=21.0241
IGSD_std=3.854705076050999
SC_pos_avg=0.2734111915346143
SC_neg_avg=0.7265888084653858
SC_avg=-0.0020919918715042356
SC_std=0.010658533034743388
SC_avg_abs=0.0073729739025574555
SC_std_abs=0.007976215410541682