conf_id=141
---
run_0
TV=10666.751
FD=12.088219
IGSD=[30.161,25.746,26.816,29.229,25.442,27.808]
SC_pos=0.27535769490775375
SC_neg=0.7246423050922463
SC_avg=-0.0011440304585379594
SC_std=0.006263241107116185
SC_avg_abs=0.00450718052210174
SC_std_abs=0.004496923236738558
---
run_1
TV=11110.929
FD=12.092681
IGSD=[25.733,34.853,25.495,23.15,21.361,26.438]
SC_pos=0.2699970104472748
SC_neg=0.7300029895527252
SC_avg=-0.00124447916183594
SC_std=0.006718415888351024
SC_avg_abs=0.004711147903907075
SC_std_abs=0.004948830756916559
---
run_2
TV=11911.473
FD=13.835526
IGSD=[24.595,23.548,24.084,23.466,23.935,25.806]
SC_pos=0.2729770330667735
SC_neg=0.7270229669332264
SC_avg=-0.0014530703133922998
SC_std=0.010079337809101427
SC_avg_abs=0.006665011232944755
SC_std_abs=0.007699486299121773
---
run_3
TV=12203.646
FD=13.494792
IGSD=[27.044,23.778,23.731,25.283,21.108,22.46]
SC_pos=0.26356916132376484
SC_neg=0.7364308386762352
SC_avg=-0.001548740392471549
SC_std=0.007183860976922243
SC_avg_abs=0.005197786416342946
SC_std_abs=0.00519513923866337
---
run_4
TV=10799.895
FD=11.511109
IGSD=[27.339,28.512,26.542,26.404,27.601,25.895]
SC_pos=0.27123074478397635
SC_neg=0.7287692552160236
SC_avg=-0.0013126250178487843
SC_std=0.006348695928763
SC_avg_abs=0.004722497166513644
SC_std_abs=0.004441502554951982
---
combined
TV_avg=11338.5388
TV_std=611.5400686111745
FD_avg=12.604465399999999
FD_std=0.8980037294529684
IGSD_avg=25.778766666666662
IGSD_std=2.712851091666396
SC_pos_avg=0.27062632890590865
SC_neg_avg=0.7293736710940913
SC_avg=-0.0013405890688173087
SC_std=0.0074562293930632104
SC_avg_abs=0.005160724648362034
SC_std_abs=0.005546120889162146