conf_id=165
---
run_0
TV=11303.802
FD=12.008266
IGSD=[21.768,23.585,23.372,23.783,25.004,25.321]
SC_pos=0.20525071532766265
SC_neg=0.7947492846723374
SC_avg=-0.0014075251452655899
SC_std=0.008809383230284516
SC_avg_abs=0.004920518714843985
SC_std_abs=0.007441428324551882
---
run_1
TV=12540.185
FD=13.220053
IGSD=[24.492,22.674,22.734,25.373,23.184,20.815]
SC_pos=0.26738969783142447
SC_neg=0.7326103021685756
SC_avg=-0.0016693913625938272
SC_std=0.007451108422528504
SC_avg_abs=0.005288724078969039
SC_std_abs=0.0055077474399532166
---
run_2
TV=16489.164
FD=19.433247
IGSD=[13.158,31.4,23.009,19.144,14.411,13.885]
SC_pos=0.26528250858900776
SC_neg=0.7347174914109922
SC_avg=-0.002479603919615844
SC_std=0.01015099004938107
SC_avg_abs=0.0073801795430681605
SC_std_abs=0.007397566119534593
---
run_3
TV=10455.225
FD=9.481787
IGSD=[30.045,32.018,26.043,24.146,24.094,23.803]
SC_pos=0.2290544332705106
SC_neg=0.7709455667294894
SC_avg=-0.0011231069101743096
SC_std=0.00706933266734754
SC_avg_abs=0.004055270212859269
SC_std_abs=0.005898441912404041
---
run_4
TV=12692.113
FD=13.451247
IGSD=[23.312,21.606,20.636,23.098,22.118,21.929]
SC_pos=0.2275403895202814
SC_neg=0.7724596104797186
SC_avg=-0.0018081662746116543
SC_std=0.009457293337805234
SC_avg_abs=0.005735753666303616
SC_std_abs=0.007733756683101868
---
combined
TV_avg=12696.0978
TV_std=2067.4464625665546
FD_avg=13.51892
FD_std=3.2757803146411395
IGSD_avg=22.998666666666665
IGSD_std=4.1510623646911835
SC_pos_avg=0.23890354890777737
SC_neg_avg=0.7610964510922227
SC_avg=-0.0016975587224522446
SC_std=0.00867895669681024
SC_avg_abs=0.005476089243208822
SC_std_abs=0.006943949997061748