conf_id=260
---
run_0
TV=12847.838
FD=13.088067
IGSD=[24.132,22.18,20.552,22.059,24.86,24.173]
SC_pos=0.2850411110114363
SC_neg=0.7149588889885636
SC_avg=-0.0012062446229887161
SC_std=0.0066970207113056296
SC_avg_abs=0.00483131014971609
SC_std_abs=0.004792030335400238
---
run_1
TV=16268.827
FD=21.490358
IGSD=[18.309,17.733,18.033,18.209,19.836,17.395]
SC_pos=0.25682433259737436
SC_neg=0.7431756674026256
SC_avg=-0.002429661231487161
SC_std=0.011381957417389873
SC_avg_abs=0.008246087418866881
SC_std_abs=0.00821305367275006
---
run_2
TV=16389.036
FD=21.145551
IGSD=[20.911,16.58,16.769,18.558,19.045,17.102]
SC_pos=0.25771995535767006
SC_neg=0.74228004464233
SC_avg=-0.0030638888913282853
SC_std=0.012525535751241138
SC_avg_abs=0.009395053385087516
SC_std_abs=0.008832294882157216
---
run_3
TV=12218.971
FD=15.140923
IGSD=[24.865,22.557,25.241,23.361,25.154,23.591]
SC_pos=0.2827924204168841
SC_neg=0.7172075795831159
SC_avg=-0.0011057731490172178
SC_std=0.00719174283683886
SC_avg_abs=0.005071858488899918
SC_std_abs=0.005217293432124016
---
run_4
TV=14652.672
FD=21.041023
IGSD=[19.678,20.299,22.206,19.943,18.717,19.053]
SC_pos=0.26976020803806405
SC_neg=0.7302397919619359
SC_avg=-0.002137673288456885
SC_std=0.01107949820301929
SC_avg_abs=0.007905091789626017
SC_std_abs=0.00805198430925428
---
combined
TV_avg=14475.468799999999
TV_std=1711.7382030571614
FD_avg=18.381184400000002
FD_std=3.5468242218270474
IGSD_avg=20.703366666666668
IGSD_std=2.73764664731509
SC_pos_avg=0.2704276054842858
SC_neg_avg=0.7295723945157142
SC_avg=-0.0019886482366556486
SC_std=0.010084929346353107
SC_avg_abs=0.0070898802464392854
SC_std_abs=0.00744272260810773