conf_id=176
---
run_0
TV=8382.254
FD=7.750165
IGSD=[30.516,30.635,30.189,34.198,32.459,30.805]
SC_pos=0.1952944481540496
SC_neg=0.8047055518459504
SC_avg=-0.0007388572685299385
SC_std=0.006003907464900241
SC_avg_abs=0.003046176506672729
SC_std_abs=0.005226243737192082
---
run_1
TV=9089.936
FD=7.082965
IGSD=[32.061,30.326,28.903,31.649,29.636,30.241]
SC_pos=0.22971553255991692
SC_neg=0.770284467440083
SC_avg=-0.001173703232487401
SC_std=0.0043365169110582
SC_avg_abs=0.002857460397275725
SC_std_abs=0.0034666811615500456
---
run_2
TV=7320.8
FD=6.232882
IGSD=[40.685,35.555,34.981,34.282,33.322,33.503]
SC_pos=0.20941765046016944
SC_neg=0.7905823495398305
SC_avg=-0.0007486562133402748
SC_std=0.004279152303836905
SC_avg_abs=0.002352327506896131
SC_std_abs=0.00365214811658913
---
run_3
TV=8669.16
FD=7.526624
IGSD=[36.697,32.873,32.629,33.513,31.38,30.283]
SC_pos=0.2542588695761527
SC_neg=0.7457411304238473
SC_avg=-0.0007400868985849099
SC_std=0.004074340158337363
SC_avg_abs=0.002623901233869639
SC_std_abs=0.0032036102537910146
---
run_4
TV=6503.404
FD=5.513453
IGSD=[42.459,41.416,41.223,43.248,40.829,40.966]
SC_pos=0.22360714915381985
SC_neg=0.7763928508461801
SC_avg=-0.0005019641796333279
SC_std=0.0035048991231142797
SC_avg_abs=0.001814448472587946
SC_std_abs=0.0030404050126858887
---
combined
TV_avg=7993.1108
TV_std=946.8609857888114
FD_avg=6.821217799999999
FD_std=0.8349179827713377
IGSD_avg=34.38206666666666
IGSD_std=4.350377301134031
SC_pos_avg=0.2224587299808217
SC_neg_avg=0.7775412700191783
SC_avg=-0.0007806535585151697
SC_std=0.004522931925762818
SC_avg_abs=0.0025388628234604286
SC_std_abs=0.003823677385339606