conf_id=200
---
run_0
TV=18221.449
FD=24.061852
IGSD=[14.246,18.232,20.239,18.827,13.228,13.883]
SC_pos=0.2718017224215833
SC_neg=0.7281982775784167
SC_avg=-0.003125384934587274
SC_std=0.012368511172840964
SC_avg_abs=0.009268864542158311
SC_std_abs=0.008765628883380668
---
run_1
TV=20704.384
FD=24.300531
IGSD=[14.472,13.781,15.333,15.64,13.141,13.251]
SC_pos=0.23312938216531875
SC_neg=0.7668706178346812
SC_avg=-0.004282640818303662
SC_std=0.018063952696888305
SC_avg_abs=0.01295248294244874
SC_std_abs=0.013299646049410247
---
run_2
TV=19690.478
FD=20.71805
IGSD=[15.613,13.792,14.485,14.235,17.84,14.716]
SC_pos=0.25042818143415246
SC_neg=0.7495718185658475
SC_avg=-0.00400822942960458
SC_std=0.015342720246232922
SC_avg_abs=0.011548494354936729
SC_std_abs=0.010867255672363126
---
run_3
TV=20155.712
FD=27.263499
IGSD=[15.472,13.642,13.314,13.391,16.682,15.924]
SC_pos=0.2415307918751291
SC_neg=0.758469208124871
SC_avg=-0.004047435065009339
SC_std=0.01634902851532937
SC_avg_abs=0.012049121171902506
SC_std_abs=0.011768225991428403
---
run_4
TV=22121.032
FD=32.865317
IGSD=[13.904,12.432,12.59,12.809,14.605,13.301]
SC_pos=0.21362850694941524
SC_neg=0.7863714930505847
SC_avg=-0.005056356735843466
SC_std=0.02096895031264491
SC_avg_abs=0.015319686482541998
SC_std_abs=0.015184558825691972
---
combined
TV_avg=20178.610999999997
TV_std=1274.2619725083216
FD_avg=25.8418498
FD_std=4.077929821834965
IGSD_avg=14.767333333333335
IGSD_std=1.898519393866939
SC_pos_avg=0.24210371696911975
SC_neg_avg=0.7578962830308802
SC_avg=-0.004104009396669653
SC_std=0.016873541926730174
SC_avg_abs=0.012227729898797668
SC_std_abs=0.012330528447845374