conf_id=109
---
run_0
TV=11339.266
FD=10.686089
IGSD=[23.828,38.974,30.112,27.041,19.855,21.633]
SC_pos=0.2682894641159408
SC_neg=0.7317105358840592
SC_avg=-0.000958061678560151
SC_std=0.005958636172554403
SC_avg_abs=0.003965282075100699
SC_std_abs=0.0045496994715788
---
run_1
TV=10134.089
FD=9.042222
IGSD=[27.559,25.601,23.743,33.286,25.666,27.923]
SC_pos=0.24393154980857953
SC_neg=0.7560684501914204
SC_avg=-0.001172413648948458
SC_std=0.006240674679016253
SC_avg_abs=0.0038480464114667608
SC_std_abs=0.005051050685625021
---
run_2
TV=12134.803
FD=12.773235
IGSD=[25.026,23.209,22.749,26.11,22.471,24.223]
SC_pos=0.2563598435322384
SC_neg=0.7436401564677616
SC_avg=-0.0015699902718981796
SC_std=0.007501986054416407
SC_avg_abs=0.005239448345697958
SC_std_abs=0.005594000826535157
---
run_3
TV=10912.431
FD=11.138263
IGSD=[26.878,31.005,28.032,21.647,28.38,26.655]
SC_pos=0.279000059873925
SC_neg=0.720999940126075
SC_avg=-0.0010134033692161934
SC_std=0.005417509686052513
SC_avg_abs=0.0037630558036347976
SC_std_abs=0.004026885720496924
---
run_4
TV=10863.085
FD=9.973815
IGSD=[20.682,28.006,26.185,19.218,39.789,35.504]
SC_pos=0.2713867484708842
SC_neg=0.7286132515291158
SC_avg=-0.0010152132089967332
SC_std=0.005003399676465393
SC_avg_abs=0.003430411173372931
SC_std_abs=0.0037811301701704972
---
combined
TV_avg=11076.734799999998
TV_std=655.6910898916958
FD_avg=10.722724800000002
FD_std=1.2460787942300275
IGSD_avg=26.699666666666662
IGSD_std=4.988251693284488
SC_pos_avg=0.26379353316031356
SC_neg_avg=0.7362064668396864
SC_avg=-0.0011458164355239425
SC_std=0.006088761005240242
SC_avg_abs=0.004049248761854644
SC_std_abs=0.004689295293268452