conf_id=227
---
run_0
TV=13534.075
FD=14.220438
IGSD=[23.153,20.313,20.892,23.806,20.468,21.173]
SC_pos=0.23586079333157786
SC_neg=0.7641392066684222
SC_avg=-0.0020847301932044237
SC_std=0.008296991220739902
SC_avg_abs=0.006021841273425652
SC_std_abs=0.00607647850100372
---
run_1
TV=11995.881
FD=14.215449
IGSD=[26.061,22.68,22.28,25.062,23.926,24.499]
SC_pos=0.24297066654180846
SC_neg=0.7570293334581916
SC_avg=-0.001465736122825169
SC_std=0.007232775127953261
SC_avg_abs=0.004810591186464444
SC_std_abs=0.00559639445268152
---
run_2
TV=9061.525
FD=8.29823
IGSD=[26.301,35.947,39.694,33.346,29.188,30.479]
SC_pos=0.25937736504593406
SC_neg=0.7406226349540659
SC_avg=-0.0008818257466270431
SC_std=0.0035439435201603145
SC_avg_abs=0.0025835492182771503
SC_std_abs=0.002581167518438145
---
run_3
TV=10355.918
FD=10.664021
IGSD=[27.646,25.193,26.021,25.895,28.601,26.982]
SC_pos=0.23266510027639378
SC_neg=0.7673348997236062
SC_avg=-0.0012975213405367087
SC_std=0.007024431630635156
SC_avg_abs=0.004291528453093118
SC_std_abs=0.005710427733445895
---
run_4
TV=11139.66
FD=12.436679
IGSD=[20.504,26.647,31.729,22.328,30.912,27.892]
SC_pos=0.2676598556106115
SC_neg=0.7323401443893885
SC_avg=-0.0009965580505676005
SC_std=0.005903308337018921
SC_avg_abs=0.00379604932289657
SC_std_abs=0.004629490988025001
---
combined
TV_avg=11217.411799999998
TV_std=1507.912960474762
FD_avg=11.9669634
FD_std=2.258837385432125
IGSD_avg=26.320600000000006
IGSD_std=4.6222545119598655
SC_pos_avg=0.24770675616126514
SC_neg_avg=0.7522932438387349
SC_avg=-0.001345274290752188
SC_std=0.00661519913677854
SC_avg_abs=0.00430071189083139
SC_std_abs=0.005203316228008432