conf_id=273
---
run_0
TV=7270.143
FD=6.14065
IGSD=[42.381,38.672,37.902,40.04,40.647,37.668]
SC_pos=0.25667723748754095
SC_neg=0.7433227625124591
SC_avg=-0.0005755317119042424
SC_std=0.0032019978085039012
SC_avg_abs=0.002070880408436888
SC_std_abs=0.002509079721934615
---
run_1
TV=10300.953
FD=9.118026
IGSD=[27.096,30.485,28.914,29.503,27.56,27.612]
SC_pos=0.24031508186878744
SC_neg=0.7596849181312125
SC_avg=-0.0010829129114911637
SC_std=0.005088009767685529
SC_avg_abs=0.003549902467581042
SC_std_abs=0.0038024644956395903
---
run_2
TV=10938.333
FD=10.635262
IGSD=[24.81,26.977,35.754,29.693,22.78,24.172]
SC_pos=0.26714129355439586
SC_neg=0.7328587064456041
SC_avg=-0.0010122807864401116
SC_std=0.005502040057740305
SC_avg_abs=0.0038727075964280692
SC_std_abs=0.004037238296180082
---
run_3
TV=9427.109
FD=8.927623
IGSD=[34.506,30.515,30.558,28.092,32.344,27.991]
SC_pos=0.2606218725456093
SC_neg=0.7393781274543907
SC_avg=-0.0008816233167491908
SC_std=0.004904381498064161
SC_avg_abs=0.0032655088470392507
SC_std_abs=0.003763863642734459
---
run_4
TV=11536.598
FD=13.054044
IGSD=[26.071,24.177,26.015,27.543,24.464,25.086]
SC_pos=0.2706498226882398
SC_neg=0.7293501773117602
SC_avg=-0.0012958057122139219
SC_std=0.006260286709851091
SC_avg_abs=0.004515144567214174
SC_std_abs=0.004525900095064043
---
combined
TV_avg=9894.627199999999
TV_std=1487.076403157067
FD_avg=9.575121
FD_std=2.264976146835988
IGSD_avg=30.334266666666668
IGSD_std=5.4704380259313385
SC_pos_avg=0.2590810616289147
SC_neg_avg=0.7409189383710854
SC_avg=-0.0009696308877597268
SC_std=0.005097868712837342
SC_avg_abs=0.0034548287773398826
SC_std_abs=0.0038720288727084368