conf_id=159
---
run_0
TV=7649.123
FD=6.296583
IGSD=[40.847,31.776,31.21,37.016,35.929,43.08]
SC_pos=0.2341441312469584
SC_neg=0.7658558687530416
SC_avg=-0.0005802195606370192
SC_std=0.003362314901283748
SC_avg_abs=0.0020639734280408334
SC_std_abs=0.0027169523224160447
---
run_1
TV=7018.827
FD=5.954387
IGSD=[40.662,38.686,39.017,40.101,39.714,41.134]
SC_pos=0.22933287809813896
SC_neg=0.770667121901861
SC_avg=-0.0005152495486257755
SC_std=0.0032723722510977844
SC_avg_abs=0.0019073464530301259
SC_std_abs=0.0027084925244916683
---
run_2
TV=8833.81
FD=7.746347
IGSD=[33.331,31.15,32.488,33.615,33.283,33.044]
SC_pos=0.25505090423093185
SC_neg=0.7449490957690681
SC_avg=-0.0008475616971240867
SC_std=0.0038381087266024533
SC_avg_abs=0.002698854740782529
SC_std_abs=0.0028575553390633433
---
run_3
TV=8754.385
FD=7.519097
IGSD=[26.078,31.895,51.428,34.816,32.139,29.082]
SC_pos=0.265064144862579
SC_neg=0.734935855137421
SC_avg=-0.0006844249419330312
SC_std=0.0037152351597600987
SC_avg_abs=0.002511149005192594
SC_std_abs=0.0028223289083977986
---
run_4
TV=8383.479
FD=7.454215
IGSD=[33.899,31.99,32.003,33.756,32.742,33.476]
SC_pos=0.22554673284151083
SC_neg=0.7744532671584892
SC_avg=-0.0008524750775620117
SC_std=0.004870611758977979
SC_avg_abs=0.0029156067419798533
SC_std_abs=0.003993596122629398
---
combined
TV_avg=8127.924800000001
TV_std=695.0371703080058
FD_avg=6.994125799999999
FD_std=0.7239801511882492
IGSD_avg=35.312900000000006
IGSD_std=4.9567089441147
SC_pos_avg=0.24182775825602382
SC_neg_avg=0.7581722417439762
SC_avg=-0.0006959861651763854
SC_std=0.0038565309970526604
SC_avg_abs=0.002419386073805188
SC_std_abs=0.003082823235156773