conf_id=281
---
run_0
TV=11365.005
FD=12.699105
IGSD=[27.145,24.763,24.674,23.634,27.634,29.942]
SC_pos=0.2757589952285247
SC_neg=0.7242410047714753
SC_avg=-0.0012376059745631775
SC_std=0.005766040283929346
SC_avg_abs=0.004414534107022167
SC_std_abs=0.0039103424047145134
---
run_1
TV=13483.383
FD=15.444356
IGSD=[26.52,19.155,19.452,24.707,20.572,21.867]
SC_pos=0.2729774474191956
SC_neg=0.7270225525808044
SC_avg=-0.0016996977270157933
SC_std=0.007839491309012278
SC_avg_abs=0.005911818201450193
SC_std_abs=0.0054219002112086065
---
run_2
TV=10733.798
FD=11.852347
IGSD=[24.2,28.835,25.577,25.524,28.996,33.595]
SC_pos=0.27643459685270333
SC_neg=0.7235654031472967
SC_avg=-0.0010188148850433607
SC_std=0.0058288070500682725
SC_avg_abs=0.0042303576765089605
SC_std_abs=0.004137275592187838
---
run_3
TV=12565.276
FD=15.010893
IGSD=[25.855,23.45,22.424,26.713,20.912,20.903]
SC_pos=0.2709951854320318
SC_neg=0.7290048145679682
SC_avg=-0.0013607493525526944
SC_std=0.007983342545097197
SC_avg_abs=0.005500076766356157
SC_std_abs=0.005944287388495011
---
run_4
TV=9996.647
FD=9.876241
IGSD=[29.193,26.706,28.926,26.122,37.046,32.783]
SC_pos=0.2689344036608865
SC_neg=0.7310655963391135
SC_avg=-0.0008106127544709149
SC_std=0.00407139485251924
SC_avg_abs=0.0030246467832374738
SC_std_abs=0.002843388984905557
---
combined
TV_avg=11628.8218
TV_std=1253.0766295424073
FD_avg=12.976588400000002
FD_std=2.0582197111400524
IGSD_avg=25.927500000000006
IGSD_std=4.097923675472739
SC_pos_avg=0.2730201257186684
SC_neg_avg=0.7269798742813316
SC_avg=-0.0012254961387291891
SC_std=0.0064722175951345455
SC_avg_abs=0.004616286706914983
SC_std_abs=0.004699078465440772