conf_id=60
---
run_0
TV=9986.606
FD=10.377585
IGSD=[31.553,31.036,28.442,27.951,28.093,32.376]
SC_pos=0.2841245634538263
SC_neg=0.7158754365461737
SC_avg=-0.0008227699785680734
SC_std=0.0045574021048734965
SC_avg_abs=0.003429306936792097
SC_std_abs=0.0031123493242899212
---
run_1
TV=10255.693
FD=10.758046
IGSD=[29.078,27.107,28.716,29.282,31.394,28.308]
SC_pos=0.27098026874483744
SC_neg=0.7290197312551626
SC_avg=-0.0010214987466804582
SC_std=0.004908402657125424
SC_avg_abs=0.0036430088132187576
SC_std_abs=0.0034444684816029433
---
run_2
TV=9180.094
FD=9.79832
IGSD=[27.26,31.574,38.786,31.899,34.543,32.392]
SC_pos=0.2818986622424877
SC_neg=0.7181013377575123
SC_avg=-0.0006790682339255233
SC_std=0.003935925765624991
SC_avg_abs=0.0029228370649422857
SC_std_abs=0.002722070680683544
---
run_3
TV=9139.896
FD=9.097337
IGSD=[24.737,46.381,33.081,28.099,34.743,33.364]
SC_pos=0.27454846462745885
SC_neg=0.7254515353725411
SC_avg=-0.0005971396525047885
SC_std=0.0033396633193946146
SC_avg_abs=0.0024733449929343165
SC_std_abs=0.002322173851680824
---
run_4
TV=9504.744
FD=9.961218
IGSD=[29.05,30.615,30.007,31.136,34.427,34.937]
SC_pos=0.27907567919095205
SC_neg=0.720924320809048
SC_avg=-0.0008437268084885833
SC_std=0.004024984931263627
SC_avg_abs=0.0031426714484456236
SC_std_abs=0.0026525449650074352
---
combined
TV_avg=9613.406599999998
TV_std=441.72146654995134
FD_avg=9.998501200000002
FD_std=0.5611011131385859
IGSD_avg=31.345566666666667
IGSD_std=4.032826177618977
SC_pos_avg=0.27812552765191245
SC_neg_avg=0.7218744723480875
SC_avg=-0.0007928406840334853
SC_std=0.004190816382052379
SC_avg_abs=0.0031222338512666118
SC_std_abs=0.0029057174804757143