conf_id=12
---
run_0
TV=13470.811
FD=14.333352
IGSD=[22.868,20.83,20.227,21.077,22.508,23.418]
SC_pos=0.24846373660113752
SC_neg=0.7515362633988625
SC_avg=-0.0018407546310942895
SC_std=0.008652765232934621
SC_avg_abs=0.005868696560585404
SC_std_abs=0.00661945046570713
---
run_1
TV=14698.847
FD=14.761205
IGSD=[13.038,34.604,36.038,19.233,16.5,14.638]
SC_pos=0.26591895390930115
SC_neg=0.7340810460906988
SC_avg=-0.002080372075654062
SC_std=0.007298488998519465
SC_avg_abs=0.005549514518543133
SC_std_abs=0.005176753639410505
---
run_2
TV=8530.165
FD=7.566471
IGSD=[35.874,33.075,32.609,32.447,32.723,31.448]
SC_pos=0.24131595014428786
SC_neg=0.7586840498557121
SC_avg=-0.0007777500352963631
SC_std=0.00442499982988257
SC_avg_abs=0.002779877216951737
SC_std_abs=0.003529561059188087
---
run_3
TV=14279.79
FD=16.626288
IGSD=[20.261,18.645,19.715,18.967,22.155,20.379]
SC_pos=0.20990969396137282
SC_neg=0.7900903060386272
SC_avg=-0.002149286261044154
SC_std=0.01165343680908203
SC_avg_abs=0.007330392811974102
SC_std_abs=0.00931060482016821
---
run_4
TV=8830.589
FD=7.928946
IGSD=[30.532,29.861,29.302,29.587,32.767,30.88]
SC_pos=0.21388043322203137
SC_neg=0.7861195667779687
SC_avg=-0.001029716979041532
SC_std=0.005445892992484511
SC_avg_abs=0.0030713774351704957
SC_std_abs=0.004613535324807198
---
combined
TV_avg=11962.040400000002
TV_std=2710.063428380052
FD_avg=12.2432524
FD_std=3.752469231881887
IGSD_avg=25.540200000000006
IGSD_std=6.766174898714932
SC_pos_avg=0.23589775356762616
SC_neg_avg=0.7641022464323739
SC_avg=-0.0015755759964260802
SC_std=0.007934330745183762
SC_avg_abs=0.004919971708644971
SC_std_abs=0.006421053066329189