conf_id=81
---
run_0
TV=16882.068
FD=19.282249
IGSD=[13.526,19.695,25.714,17.258,15.535,14.359]
SC_pos=0.2752292456569133
SC_neg=0.7247707543430867
SC_avg=-0.00215699886336721
SC_std=0.01124222752443997
SC_avg_abs=0.00784431040283567
SC_std_abs=0.008337092905312211
---
run_1
TV=18291.969
FD=26.353194
IGSD=[16.327,18.423,16.29,18.94,14.18,15.126]
SC_pos=0.2800438136251093
SC_neg=0.7199561863748908
SC_avg=-0.0032346775943635593
SC_std=0.01248996379395198
SC_avg_abs=0.009760626654546588
SC_std_abs=0.008437564934521299
---
run_2
TV=17331.222
FD=24.499664
IGSD=[16.508,15.054,19.616,16.31,15.534,18.734]
SC_pos=0.2826931830117993
SC_neg=0.7173068169882006
SC_avg=-0.002335784628941274
SC_std=0.012393412288757887
SC_avg_abs=0.008717768352746328
SC_std_abs=0.009113345869645682
---
run_3
TV=18456.126
FD=23.478958
IGSD=[15.977,18.031,14.703,17.69,13.732,14.902]
SC_pos=0.2694610455893324
SC_neg=0.7305389544106676
SC_avg=-0.003072039495291189
SC_std=0.014045325136544759
SC_avg_abs=0.009882371097953792
SC_std_abs=0.010442572783285375
---
run_4
TV=18410.152
FD=22.626409
IGSD=[15.665,16.519,18.6,17.044,16.529,14.943]
SC_pos=0.27849869344322514
SC_neg=0.7215013065567749
SC_avg=-0.0034020988169949666
SC_std=0.012259782080131124
SC_avg_abs=0.009860691249371428
SC_std_abs=0.008040105788947828
---
combined
TV_avg=17874.307399999998
TV_std=644.9130653623322
FD_avg=23.248094799999997
FD_std=2.339905573506879
IGSD_avg=16.715466666666668
IGSD_std=2.3714307317641716
SC_pos_avg=0.2771851962652759
SC_neg_avg=0.7228148037347242
SC_avg=-0.0028403198797916362
SC_std=0.012528393746052
SC_avg_abs=0.009213153551490778
SC_std_abs=0.008952422494068728