conf_id=279
---
run_0
TV=9431.127
FD=8.623038
IGSD=[32.318,28.507,28.429,30.047,31.551,33.085]
SC_pos=0.24227268988683828
SC_neg=0.7577273101131617
SC_avg=-0.0009763662305296685
SC_std=0.004750658887188278
SC_avg_abs=0.0031626914496618048
SC_std_abs=0.0036768782510134593
---
run_1
TV=6837.057
FD=5.783493
IGSD=[39.43,39.51,39.069,40.962,39.56,39.997]
SC_pos=0.22059895056962064
SC_neg=0.7794010494303794
SC_avg=-0.0006125832706739138
SC_std=0.0030483252214730007
SC_avg_abs=0.001871977013988296
SC_std_abs=0.0024825887654779696
---
run_2
TV=7087.088
FD=5.761757
IGSD=[39.139,37.451,39.225,36.663,36.331,44.891]
SC_pos=0.24190163729287817
SC_neg=0.7580983627071218
SC_avg=-0.0005213767252244889
SC_std=0.0031064395339861295
SC_avg_abs=0.0018584073847521848
SC_std_abs=0.0025432503337690362
---
run_3
TV=6529.517
FD=5.445126
IGSD=[40.143,41.709,40.423,40.863,42.8,41.512]
SC_pos=0.22597434454108295
SC_neg=0.7740256554589171
SC_avg=-0.0004745694129244
SC_std=0.003053737402599208
SC_avg_abs=0.0017514543751071022
SC_std_abs=0.0025461609971945873
---
run_4
TV=8329.609
FD=6.815795
IGSD=[37.058,29.559,29.364,34.024,35.657,42.291]
SC_pos=0.2554936397939094
SC_neg=0.7445063602060906
SC_avg=-0.0006762900107335993
SC_std=0.003349535767614165
SC_avg_abs=0.00229222736443503
SC_std_abs=0.0025342556593366647
---
combined
TV_avg=7642.8796
TV_std=1083.2595881700013
FD_avg=6.4858418
FD_std=1.1642301080376505
IGSD_avg=37.05226666666666
IGSD_std=4.640756712242328
SC_pos_avg=0.2372482524168659
SC_neg_avg=0.7627517475831341
SC_avg=-0.0006522371300172146
SC_std=0.003527367743398221
SC_avg_abs=0.0021873515175888794
SC_std_abs=0.0028431021454462355