conf_id=129
---
run_0
TV=9192.095
FD=8.573275
IGSD=[32.084,29.247,28.595,34.76,29.344,29.575]
SC_pos=0.24795926252727216
SC_neg=0.7520407374727278
SC_avg=-0.000925799667919789
SC_std=0.0049736600587134685
SC_avg_abs=0.003179727311591988
SC_std_abs=0.003934937563504411
---
run_1
TV=12650.343
FD=14.759447
IGSD=[21.281,23.859,22.733,21.972,23.031,23.869]
SC_pos=0.26840030338884346
SC_neg=0.7315996966111565
SC_avg=-0.0019029824539539824
SC_std=0.009466914810400006
SC_avg_abs=0.006687716294888106
SC_std_abs=0.006965505653325956
---
run_2
TV=11221.794
FD=12.970958
IGSD=[24.035,25.043,28.235,26.569,27.773,28.036]
SC_pos=0.277192447432662
SC_neg=0.722807552567338
SC_avg=-0.0011795733147513948
SC_std=0.005618631825320466
SC_avg_abs=0.004329270877552899
SC_std_abs=0.003770653850746567
---
run_3
TV=11179.871
FD=10.994058
IGSD=[28.187,26.584,25.769,29.44,22.729,23.884]
SC_pos=0.25737127779450153
SC_neg=0.7426287222054985
SC_avg=-0.0013591346122809557
SC_std=0.006625925404260539
SC_avg_abs=0.004524723498789454
SC_std_abs=0.005027624848437664
---
run_4
TV=9693.933
FD=8.423792
IGSD=[30.654,27.175,25.782,37.633,27.092,27.329]
SC_pos=0.24671206173685348
SC_neg=0.7532879382631466
SC_avg=-0.0009006867288863221
SC_std=0.005034822778274361
SC_avg_abs=0.003263733553444983
SC_std_abs=0.0039381112585019345
---
combined
TV_avg=10787.607200000002
TV_std=1229.1424785419142
FD_avg=11.144306
FD_std=2.4673821458236254
IGSD_avg=27.076633333333334
IGSD_std=3.643585848065368
SC_pos_avg=0.25952707057602653
SC_neg_avg=0.7404729294239735
SC_avg=-0.001253635355558493
SC_std=0.006570409998948075
SC_avg_abs=0.004397034307253476
SC_std_abs=0.005040632743993443