conf_id=84
---
run_0
TV=17250.929
FD=15.968122
IGSD=[16.217,17.784,21.345,19.282,17.476,14.522]
SC_pos=0.29548569251445417
SC_neg=0.7045143074855459
SC_avg=-0.0028513159941606506
SC_std=0.010301854248242625
SC_avg_abs=0.008385263439812362
SC_std_abs=0.006629144808762077
---
run_1
TV=19172.23
FD=29.125681
IGSD=[15.322,15.299,15.853,16.184,14.,15.406]
SC_pos=0.26171472705880844
SC_neg=0.7382852729411916
SC_avg=-0.003381652191516607
SC_std=0.014984796438186355
SC_avg_abs=0.010730182014292256
SC_std_abs=0.0109928563066398
---
run_2
TV=17116.727
FD=18.395361
IGSD=[19.695,12.788,13.097,13.973,31.696,16.205]
SC_pos=0.25148726622495315
SC_neg=0.7485127337750468
SC_avg=-0.002637079575088783
SC_std=0.012827004009442125
SC_avg_abs=0.008656184730666467
SC_std_abs=0.0098263261930475
---
run_3
TV=19056.369
FD=24.106799
IGSD=[17.913,13.737,13.918,16.051,16.412,14.762]
SC_pos=0.2560805699997659
SC_neg=0.7439194300002341
SC_avg=-0.0033872966390184308
SC_std=0.01495349005826865
SC_avg_abs=0.010667118192866983
SC_std_abs=0.011013320702805808
---
run_4
TV=19126.811
FD=28.693614
IGSD=[13.437,16.434,20.315,16.165,13.77,13.954]
SC_pos=0.2536319543615668
SC_neg=0.7463680456384332
SC_avg=-0.0034798697544862344
SC_std=0.014692092331020406
SC_avg_abs=0.010599805398923554
SC_std_abs=0.010752264695233634
---
combined
TV_avg=18344.6132
TV_std=949.4449888519927
FD_avg=23.257915399999998
FD_std=5.3194664935607445
IGSD_avg=16.433733333333336
IGSD_std=3.5540811839661495
SC_pos_avg=0.2636800420319097
SC_neg_avg=0.7363199579680904
SC_avg=-0.0031474428308541445
SC_std=0.013676548193018917
SC_avg_abs=0.009807710755312326
SC_std_abs=0.010038086301162931