conf_id=48
---
run_0
TV=10736.329
FD=11.291547
IGSD=[29.999,28.022,30.356,29.896,24.015,25.393]
SC_pos=0.2747722149353745
SC_neg=0.7252277850646255
SC_avg=-0.0012151148506535099
SC_std=0.00534332235485946
SC_avg_abs=0.0040486891466933565
SC_std_abs=0.00369265677821091
---
run_1
TV=8626.732
FD=7.683217
IGSD=[33.582,39.772,31.865,26.854,32.256,32.619]
SC_pos=0.25687509076907744
SC_neg=0.7431249092309226
SC_avg=-0.0008170937715421617
SC_std=0.004249371697670097
SC_avg_abs=0.0027196520797307675
SC_std_abs=0.0033657532027272503
---
run_2
TV=8315.713
FD=7.361593
IGSD=[37.038,36.525,34.549,34.348,32.431,35.002]
SC_pos=0.2735859239509995
SC_neg=0.7264140760490004
SC_avg=-0.0005730778777157031
SC_std=0.003330946350140416
SC_avg_abs=0.0023058368045394107
SC_std_abs=0.0024711815943536785
---
run_3
TV=10012.262
FD=9.278225
IGSD=[31.598,37.884,28.961,29.882,26.543,25.818]
SC_pos=0.27682553836292256
SC_neg=0.7231744616370774
SC_avg=-0.0009078533316440763
SC_std=0.004173137857989881
SC_avg_abs=0.0031492231298715393
SC_std_abs=0.0028847306515249736
---
run_4
TV=9857.18
FD=9.329913
IGSD=[30.35,27.527,28.669,32.846,27.817,28.347]
SC_pos=0.24953794525534365
SC_neg=0.7504620547446563
SC_avg=-0.0010044231372777158
SC_std=0.004993715700089035
SC_avg_abs=0.0034060108855299954
SC_std_abs=0.003787499462662102
---
combined
TV_avg=9509.6432
TV_std=903.6777132304194
FD_avg=8.988899
FD_std=1.4039314938511778
IGSD_avg=31.02546666666667
IGSD_std=3.85003645639305
SC_pos_avg=0.26631934265474355
SC_neg_avg=0.7336806573452564
SC_avg=-0.000903512593766635
SC_std=0.004478385564826207
SC_avg_abs=0.0031258824092730156
SC_std_abs=0.0033318360460467098