conf_id=143
---
run_0
TV=8412.402
FD=8.585513
IGSD=[34.167,31.582,37.042,36.223,31.738,38.505]
SC_pos=0.26945047960256974
SC_neg=0.7305495203974303
SC_avg=-0.0006590574976956128
SC_std=0.004186602303865333
SC_avg_abs=0.003063229207592401
SC_std_abs=0.002928928551151796
---
run_1
TV=12785.224
FD=15.667173
IGSD=[22.435,21.236,21.815,21.896,22.203,22.664]
SC_pos=0.2610140571130948
SC_neg=0.7389859428869052
SC_avg=-0.0020342990488631117
SC_std=0.011741155805724015
SC_avg_abs=0.007853057581123809
SC_std_abs=0.008962287593134128
---
run_2
TV=11772.741
FD=13.972202
IGSD=[25.477,24.497,26.041,24.46,24.721,22.414]
SC_pos=0.2698300264211822
SC_neg=0.7301699735788179
SC_avg=-0.0012456302583296638
SC_std=0.008108686674668589
SC_avg_abs=0.005312838504420267
SC_std_abs=0.006251091213089426
---
run_3
TV=10041.981
FD=11.738095
IGSD=[28.098,29.552,30.293,29.415,29.784,28.514]
SC_pos=0.272522074107345
SC_neg=0.7274779258926549
SC_avg=-0.000924757143926674
SC_std=0.005543699220732772
SC_avg_abs=0.00402980634174461
SC_std_abs=0.003917708216959438
---
run_4
TV=11529.151
FD=13.845139
IGSD=[26.663,23.45,22.285,24.001,27.573,24.773]
SC_pos=0.2664605125249414
SC_neg=0.7335394874750586
SC_avg=-0.0012853703121110038
SC_std=0.008531336822527507
SC_avg_abs=0.005743176390235638
SC_std_abs=0.006438307989628179
---
combined
TV_avg=10908.299799999999
TV_std=1525.488337852689
FD_avg=12.761624399999999
FD_std=2.43184018960421
IGSD_avg=27.11723333333333
IGSD_std=4.786526142435892
SC_pos_avg=0.26785542995382666
SC_neg_avg=0.7321445700461734
SC_avg=-0.0012298228521852147
SC_std=0.008071168969164096
SC_avg_abs=0.005200421605023346
SC_std_abs=0.006293794396591049