conf_id=61
---
run_0
TV=9803.115
FD=9.353837
IGSD=[32.995,26.184,24.38,31.821,35.366,35.428]
SC_pos=0.28001128695997707
SC_neg=0.7199887130400229
SC_avg=-0.0008134854993509373
SC_std=0.004105174313397446
SC_avg_abs=0.003166581583693302
SC_std_abs=0.0027362338852603297
---
run_1
TV=9658.787
FD=8.976149
IGSD=[27.135,33.833,32.729,29.019,35.136,25.225]
SC_pos=0.2813216764947608
SC_neg=0.7186783235052392
SC_avg=-0.0006613258796892191
SC_std=0.004581778017270924
SC_avg_abs=0.0031528854849992025
SC_std_abs=0.003389595084545516
---
run_2
TV=11359.387
FD=13.685325
IGSD=[24.808,28.005,26.234,26.192,25.291,24.744]
SC_pos=0.2754488524406083
SC_neg=0.7245511475593918
SC_avg=-0.0013732389835451652
SC_std=0.006680840363080391
SC_avg_abs=0.0048533278602881135
SC_std_abs=0.004792141686495038
---
run_3
TV=9287.86
FD=9.852935
IGSD=[29.984,31.928,31.608,31.429,31.81,33.044]
SC_pos=0.2655984523108331
SC_neg=0.7344015476891669
SC_avg=-0.0008280215929581564
SC_std=0.003924994697116844
SC_avg_abs=0.002893627246533924
SC_std_abs=0.0027781512717843172
---
run_4
TV=10427.938
FD=11.09793
IGSD=[21.234,30.1,32.949,26.308,31.983,29.978]
SC_pos=0.2796021139431869
SC_neg=0.7203978860568131
SC_avg=-0.0007630819712662945
SC_std=0.00461959153229361
SC_avg_abs=0.0033087758672593302
SC_std_abs=0.0033128420246599033
---
combined
TV_avg=10107.417400000002
TV_std=726.0447441712116
FD_avg=10.593235199999999
FD_std=1.7038108014051796
IGSD_avg=29.56266666666666
IGSD_std=3.7632503090930434
SC_pos_avg=0.27639647642987325
SC_neg_avg=0.7236035235701268
SC_avg=-0.0008878307853619527
SC_std=0.004889510720232589
SC_avg_abs=0.0034750396085547783
SC_std_abs=0.003552415840759825