conf_id=179
---
run_0
TV=12088.65
FD=13.065965
IGSD=[20.06,20.386,20.499,20.417,22.393,22.143]
SC_pos=0.1547353541439075
SC_neg=0.8452646458560925
SC_avg=-0.0019252255514012793
SC_std=0.011657407052654386
SC_avg_abs=0.0064008863863081016
SC_std_abs=0.009931278169733248
---
run_1
TV=18697.725
FD=23.554468
IGSD=[14.449,16.288,17.01,15.093,14.667,17.201]
SC_pos=0.23582433031843605
SC_neg=0.7641756696815639
SC_avg=-0.0034047987854627275
SC_std=0.014793936758762586
SC_avg_abs=0.01062046317719577
SC_std_abs=0.010847072484941917
---
run_2
TV=7435.148
FD=6.120723
IGSD=[38.815,35.745,35.723,38.499,35.351,36.541]
SC_pos=0.2117444464862811
SC_neg=0.7882555535137189
SC_avg=-0.0006573239550705811
SC_std=0.0036978254950237616
SC_avg_abs=0.0022409990987296846
SC_std_abs=0.0030139527556101624
---
run_3
TV=9863.516
FD=8.115073
IGSD=[26.688,28.628,32.134,26.706,30.503,31.323]
SC_pos=0.25668987523641396
SC_neg=0.743310124763586
SC_avg=-0.0009670430073727578
SC_std=0.0048793648848428585
SC_avg_abs=0.0032830159570428376
SC_std_abs=0.0037370014829202648
---
run_4
TV=7576.717
FD=6.455166
IGSD=[34.665,35.586,34.879,34.467,36.614,36.219]
SC_pos=0.23147342271053195
SC_neg=0.768526577289468
SC_avg=-0.0007325187597552043
SC_std=0.003932997733339601
SC_avg_abs=0.002388396994146042
SC_std_abs=0.0032094570728087206
---
combined
TV_avg=11132.351200000001
TV_std=4149.004144603059
FD_avg=11.462278999999999
FD_std=6.536054355659199
IGSD_avg=27.6564
IGSD_std=8.25510905883946
SC_pos_avg=0.2180934857791141
SC_neg_avg=0.7819065142208859
SC_avg=-0.0015373820118125122
SC_std=0.00908946150099695
SC_avg_abs=0.004986752322684483
SC_std_abs=0.00775333187091531