conf_id=19
---
run_0
TV=8984.918
FD=8.128295
IGSD=[36.193,29.603,30.391,27.633,27.404,27.502]
SC_pos=0.18726098339503386
SC_neg=0.8127390166049662
SC_avg=-0.000850462268442013
SC_std=0.006239816338190478
SC_avg_abs=0.0032561038786811146
SC_std_abs=0.005390397159359426
---
run_1
TV=8570.476
FD=7.583525
IGSD=[31.627,29.877,29.703,34.654,30.971,31.927]
SC_pos=0.19786529775675815
SC_neg=0.8021347022432419
SC_avg=-0.0008519836246673412
SC_std=0.005127401807675826
SC_avg_abs=0.002917601749982128
SC_std_abs=0.004301595683297056
---
run_2
TV=7457.737
FD=6.045425
IGSD=[36.498,35.95,35.318,38.069,35.897,36.387]
SC_pos=0.20778820956039487
SC_neg=0.7922117904396051
SC_avg=-0.0007168309286969696
SC_std=0.0036982104458849288
SC_avg_abs=0.0022683555721025343
SC_std_abs=0.0030075189244459194
---
run_3
TV=7777.249
FD=6.612446
IGSD=[34.828,32.953,32.98,34.015,31.992,32.408]
SC_pos=0.19149566514854846
SC_neg=0.8085043348514516
SC_avg=-0.0009407779928119861
SC_std=0.004541146236321978
SC_avg_abs=0.0025878049095455773
SC_std_abs=0.0038484202111453984
---
run_4
TV=13629.385
FD=13.97668
IGSD=[23.294,17.47,18.35,18.451,20.066,40.08]
SC_pos=0.2711603048722251
SC_neg=0.7288396951277749
SC_avg=-0.0015803379059486935
SC_std=0.008455122869395504
SC_avg_abs=0.005761677262639749
SC_std_abs=0.006386677207651361
---
combined
TV_avg=9283.953000000001
TV_std=2239.9318047498678
FD_avg=8.4692742
FD_std=2.84798851875013
IGSD_avg=30.749700000000004
IGSD_std=5.927889462251018
SC_pos_avg=0.21111409214659208
SC_neg_avg=0.788885907853408
SC_avg=-0.0009880785441133998
SC_std=0.005856235538964041
SC_avg_abs=0.003358308674590218
SC_std_abs=0.004898321829293664