conf_id=0
---
run_0
TV=17769.364
FD=19.859645
IGSD=[14.501,23.165,17.22,17.375,14.209,16.105]
SC_pos=0.27806051575689034
SC_neg=0.7219394842431097
SC_avg=-0.0026478798579498476
SC_std=0.012829524888396721
SC_avg_abs=0.009391764244622845
SC_std_abs=0.009132510113739334
---
run_1
TV=20747.774
FD=22.390756
IGSD=[15.981,14.056,13.121,15.985,13.986,13.157]
SC_pos=0.2464234652748845
SC_neg=0.7535765347251155
SC_avg=-0.004635607042586665
SC_std=0.017443795589951173
SC_avg_abs=0.013213748152358743
SC_std_abs=0.012295190807926265
---
run_2
TV=17588.048
FD=26.309097
IGSD=[17.095,15.833,15.555,14.622,19.059,20.41]
SC_pos=0.279138246406684
SC_neg=0.720861753593316
SC_avg=-0.002360654553139859
SC_std=0.011914429081538027
SC_avg_abs=0.008761935310050468
SC_std_abs=0.00841158723908573
---
run_3
TV=18410.169
FD=22.728613
IGSD=[19.33,14.313,13.101,18.286,13.904,14.637]
SC_pos=0.26350472952213355
SC_neg=0.7364952704778664
SC_avg=-0.0031612557095161086
SC_std=0.014750228995427321
SC_avg_abs=0.010541938233307046
SC_std_abs=0.010790288752560424
---
run_4
TV=18159.62
FD=24.305455
IGSD=[13.601,17.854,19.455,14.523,15.912,17.681]
SC_pos=0.259916851899464
SC_neg=0.740083148100536
SC_avg=-0.00266691650943195
SC_std=0.013468495069433933
SC_avg_abs=0.009460768891834637
SC_std_abs=0.009950208795745997
---
combined
TV_avg=18534.995000000003
TV_std=1143.3090809323617
FD_avg=23.118713199999995
FD_std=2.139650918934806
IGSD_avg=16.1344
IGSD_std=2.421687395185431
SC_pos_avg=0.2654087617720113
SC_neg_avg=0.7345912382279888
SC_avg=-0.003094462734524883
SC_std=0.014234509069195104
SC_avg_abs=0.010274030966434781
SC_std_abs=0.010326724347880149