conf_id=36
---
run_0
TV=7189.897
FD=6.213401
IGSD=[38.365,39.831,39.513,38.999,38.026,37.142]
SC_pos=0.24325491230334575
SC_neg=0.7567450876966543
SC_avg=-0.0005252284088551213
SC_std=0.00397201058857179
SC_avg_abs=0.002131864146240779
SC_std_abs=0.0033923278525472716
---
run_1
TV=7006.551
FD=5.913558
IGSD=[39.209,37.957,36.488,41.303,40.773,41.551]
SC_pos=0.23889074541793553
SC_neg=0.7611092545820645
SC_avg=-0.000584119844839088
SC_std=0.0034561757801358215
SC_avg_abs=0.0019961278150549947
SC_std_abs=0.0028812880387590655
---
run_2
TV=10235.795
FD=9.62102
IGSD=[29.638,26.479,27.461,30.71,26.86,28.695]
SC_pos=0.24034015019032243
SC_neg=0.7596598498096776
SC_avg=-0.0011107282905659316
SC_std=0.005143442818459684
SC_avg_abs=0.0035800854652718985
SC_std_abs=0.003856385538762548
---
run_3
TV=7024.28
FD=5.947375
IGSD=[38.73,39.781,39.763,39.93,38.672,40.748]
SC_pos=0.23700191990194763
SC_neg=0.7629980800980524
SC_avg=-0.0005285312628868107
SC_std=0.0033022682076874438
SC_avg_abs=0.001869045025467411
SC_std_abs=0.0027732636557182056
---
run_4
TV=8547.873
FD=7.179613
IGSD=[37.11,31.06,30.178,37.436,32.306,32.36]
SC_pos=0.24837734412113677
SC_neg=0.7516226558788632
SC_avg=-0.0008753963729495423
SC_std=0.004123186348278184
SC_avg_abs=0.0026757285952478237
SC_std_abs=0.003256909725026764
---
combined
TV_avg=8000.8792
TV_std=1256.5172140325656
FD_avg=6.9749934
FD_std=1.400428050043357
IGSD_avg=35.90246666666666
IGSD_std=4.76536984037499
SC_pos_avg=0.24157301438693762
SC_neg_avg=0.7584269856130624
SC_avg=-0.0007248008360192972
SC_std=0.004058384535749081
SC_avg_abs=0.0024505702094565858
SC_std_abs=0.0033151963652890185