conf_id=286
---
run_0
TV=8726.877
FD=7.761706
IGSD=[39.529,33.687,32.658,34.341,29.468,29.575]
SC_pos=0.26278769265574836
SC_neg=0.7372123073442517
SC_avg=-0.0008428289321158066
SC_std=0.0038618673311757445
SC_avg_abs=0.002719312441829473
SC_std_abs=0.0028687488102176785
---
run_1
TV=9344.369
FD=9.010657
IGSD=[30.729,29.009,32.11,28.073,34.547,34.844]
SC_pos=0.268554235313641
SC_neg=0.731445764686359
SC_avg=-0.0007962593714117823
SC_std=0.004417538467763273
SC_avg_abs=0.003085600735776948
SC_std_abs=0.0032600219631318617
---
run_2
TV=10361.012
FD=10.589851
IGSD=[29.768,32.095,28.117,31.,25.134,25.042]
SC_pos=0.26012547834397426
SC_neg=0.7398745216560257
SC_avg=-0.0011073181081958435
SC_std=0.005420093631181549
SC_avg_abs=0.003844908556723017
SC_std_abs=0.003977467354228235
---
run_3
TV=9775.197
FD=10.383561
IGSD=[31.568,31.828,31.403,28.341,28.556,29.644]
SC_pos=0.27527689618545087
SC_neg=0.7247231038145491
SC_avg=-0.0009657027633436895
SC_std=0.00475154920304693
SC_avg_abs=0.0034932108632059027
SC_std_abs=0.003362629851959003
---
run_4
TV=10631.718
FD=10.359921
IGSD=[24.883,30.327,37.522,28.351,26.201,24.309]
SC_pos=0.27853039140351316
SC_neg=0.7214696085964868
SC_avg=-0.0010939714723859537
SC_std=0.00521152277815227
SC_avg_abs=0.003928038041881308
SC_std_abs=0.00359544995669909
---
combined
TV_avg=9767.8346
TV_std=687.186146685336
FD_avg=9.621139199999998
FD_std=1.0858792237044412
IGSD_avg=30.42196666666667
IGSD_std=3.566682571459865
SC_pos_avg=0.26905493878046555
SC_neg_avg=0.7309450612195345
SC_avg=-0.0009612161294906152
SC_std=0.004767042815507141
SC_avg_abs=0.00341421412788333
SC_std_abs=0.0034629143133252877