conf_id=42
---
run_0
TV=12806.843
FD=13.276177
IGSD=[27.417,20.879,21.483,23.64,25.724,21.228]
SC_pos=0.26035979463865255
SC_neg=0.7396402053613474
SC_avg=-0.0017340103726676236
SC_std=0.00839084086898385
SC_avg_abs=0.006096710199838062
SC_std_abs=0.006020226507393142
---
run_1
TV=11188.019
FD=12.172692
IGSD=[23.908,22.447,26.812,26.414,31.74,31.37]
SC_pos=0.2837742284809695
SC_neg=0.7162257715190304
SC_avg=-0.0011194119715795749
SC_std=0.004890377983264379
SC_avg_abs=0.0038855311611598925
SC_std_abs=0.003173567011576737
---
run_2
TV=12095.882
FD=12.995613
IGSD=[26.537,21.724,22.309,25.586,25.774,27.174]
SC_pos=0.2833134685876321
SC_neg=0.7166865314123679
SC_avg=-0.0014841337193395624
SC_std=0.006180475378208651
SC_avg_abs=0.004851864382869246
SC_std_abs=0.0041061345335691194
---
run_3
TV=10771.675
FD=11.483632
IGSD=[25.253,28.539,31.258,27.916,25.298,28.488]
SC_pos=0.27823640836005736
SC_neg=0.7217635916399426
SC_avg=-0.0010292493269943056
SC_std=0.004766439744386226
SC_avg_abs=0.003701530543161831
SC_std_abs=0.003174424932491386
---
run_4
TV=13527.385
FD=17.131953
IGSD=[22.917,21.667,20.884,21.579,22.69,23.418]
SC_pos=0.27739817341021783
SC_neg=0.7226018265897822
SC_avg=-0.0019898957903150293
SC_std=0.008463378259316003
SC_avg_abs=0.006556480193789385
SC_std_abs=0.005709730666592238
---
combined
TV_avg=12077.960799999999
TV_std=1012.9955519251605
FD_avg=13.412013400000001
FD_std=1.9638922477924898
IGSD_avg=25.069100000000002
IGSD_std=3.1680436586848564
SC_pos_avg=0.27661641469550585
SC_neg_avg=0.7233835853044941
SC_avg=-0.0014713402361792183
SC_std=0.006745744727122794
SC_avg_abs=0.005018423296163695
SC_std_abs=0.004741871111136035