conf_id=67
---
run_0
TV=7768.963
FD=7.203639
IGSD=[38.708,35.037,35.274,36.168,41.263,35.2]
SC_pos=0.2521823424129689
SC_neg=0.7478176575870311
SC_avg=-0.0006528206486495183
SC_std=0.0034639225188134795
SC_avg_abs=0.002307548241722769
SC_std_abs=0.0026646116279428885
---
run_1
TV=10510.327
FD=9.64075
IGSD=[27.314,28.016,26.641,27.889,28.779,27.008]
SC_pos=0.24789980295470568
SC_neg=0.7521001970452943
SC_avg=-0.0013355068366326065
SC_std=0.005663817037784179
SC_avg_abs=0.004094052253193142
SC_std_abs=0.004135352233644789
---
run_2
TV=8097.009
FD=7.540128
IGSD=[40.376,34.715,33.34,35.851,34.934,39.557]
SC_pos=0.27192664967683616
SC_neg=0.7280733503231638
SC_avg=-0.0006141549206320262
SC_std=0.0031803213891420856
SC_avg_abs=0.002344469032366679
SC_std_abs=0.002234970997808436
---
run_3
TV=7742.275
FD=7.078224
IGSD=[35.841,36.99,37.746,37.002,41.556,41.892]
SC_pos=0.2769954228559697
SC_neg=0.7230045771440303
SC_avg=-0.0005323459330840135
SC_std=0.0027204837685973694
SC_avg_abs=0.0020320293573253736
SC_std_abs=0.00188554523113095
---
run_4
TV=7251.344
FD=6.288824
IGSD=[36.95,38.966,40.083,39.201,43.861,46.215]
SC_pos=0.27493215497029194
SC_neg=0.725067845029708
SC_avg=-0.0005256139559443096
SC_std=0.0025539284806003525
SC_avg_abs=0.0018813587794106938
SC_std_abs=0.001805355881215491
---
combined
TV_avg=8273.9836
TV_std=1150.3132968887387
FD_avg=7.550313
FD_std=1.1228923339761478
IGSD_avg=36.079100000000004
IGSD_std=5.091249213765386
SC_pos_avg=0.26478727457415446
SC_neg_avg=0.7352127254258455
SC_avg=-0.0007320884589884966
SC_std=0.003703577828318488
SC_avg_abs=0.0025318915328037266
SC_std_abs=0.0028003513187300666