conf_id=249
---
run_0
TV=11434.963
FD=11.687668
IGSD=[23.17,24.011,23.137,27.025,22.792,24.423]
SC_pos=0.21908242070485906
SC_neg=0.7809175792951409
SC_avg=-0.0014190695686286483
SC_std=0.00846084181511154
SC_avg_abs=0.005080273602271015
SC_std_abs=0.006913061752003681
---
run_1
TV=21146.214
FD=34.492365
IGSD=[13.531,13.721,15.011,14.239,13.191,13.576]
SC_pos=0.226878668702242
SC_neg=0.773121331297758
SC_avg=-0.004352608989427688
SC_std=0.01986611550158067
SC_avg_abs=0.0142137284900521
SC_std_abs=0.01454570976432816
---
run_2
TV=13343.059
FD=14.605381
IGSD=[20.025,20.761,21.085,22.402,18.541,18.795]
SC_pos=0.20192823043132638
SC_neg=0.7980717695686737
SC_avg=-0.0020007689182257467
SC_std=0.011410331934064781
SC_avg_abs=0.006725114361785601
SC_std_abs=0.00943247517519032
---
run_3
TV=12178.972
FD=11.968591
IGSD=[25.308,21.143,21.967,24.956,22.347,21.709]
SC_pos=0.2271417824902539
SC_neg=0.772858217509746
SC_avg=-0.0016681579339847563
SC_std=0.008767580841442886
SC_avg_abs=0.00521329861501562
SC_std_abs=0.007243945213392284
---
run_4
TV=18141.738
FD=18.017564
IGSD=[15.645,18.192,14.566,14.581,19.551,16.142]
SC_pos=0.2679948595438518
SC_neg=0.7320051404561482
SC_avg=-0.0029758530978893066
SC_std=0.013586597169342842
SC_avg_abs=0.00975853260444883
SC_std_abs=0.009910719737240151
---
combined
TV_avg=15248.9892
TV_std=3761.638668226676
FD_avg=18.1543138
FD_std=8.480875143540727
IGSD_avg=19.518100000000004
IGSD_std=4.10839125327664
SC_pos_avg=0.22860519237450663
SC_neg_avg=0.7713948076254934
SC_avg=-0.002483291701631227
SC_std=0.013142883736355804
SC_avg_abs=0.00819818953471462
SC_std_abs=0.010568435027744226