conf_id=59
---
run_0
TV=7186.271
FD=6.140155
IGSD=[37.843,40.864,38.207,37.663,36.194,39.159]
SC_pos=0.22895415998437063
SC_neg=0.7710458400156294
SC_avg=-0.0006050286138103491
SC_std=0.0034175257787853732
SC_avg_abs=0.0019932434637257982
SC_std_abs=0.0028412185003104298
---
run_1
TV=6517.369
FD=5.336035
IGSD=[42.088,42.529,40.208,41.721,43.489,43.698]
SC_pos=0.23354124847285235
SC_neg=0.7664587515271476
SC_avg=-0.000500781840951675
SC_std=0.0029407637344726722
SC_avg_abs=0.0017483573274365157
SC_std_abs=0.0024170478790904505
---
run_2
TV=7350.197
FD=6.108054
IGSD=[37.949,39.817,41.591,37.469,35.859,35.041]
SC_pos=0.23130540280338419
SC_neg=0.7686945971966158
SC_avg=-0.000576612539141867
SC_std=0.003758495124685613
SC_avg_abs=0.002151769276997152
SC_std_abs=0.0031350688351537525
---
run_3
TV=7974.242
FD=7.37215
IGSD=[35.116,34.295,32.814,36.527,33.365,34.273]
SC_pos=0.23244445761164365
SC_neg=0.7675555423883563
SC_avg=-0.0008103589615397577
SC_std=0.004570489597432614
SC_avg_abs=0.002782136241452947
SC_std_abs=0.003715612296887501
---
run_4
TV=5942.44
FD=4.865195
IGSD=[45.301,43.763,42.988,46.45,43.681,44.175]
SC_pos=0.21070670084521678
SC_neg=0.7892932991547832
SC_avg=-0.00047891874331908185
SC_std=0.002870293488261381
SC_avg_abs=0.0016203131029876468
SC_std_abs=0.0024171332854736323
---
combined
TV_avg=6994.1038
TV_std=701.0954726287713
FD_avg=5.9643178
FD_std=0.852804845871176
IGSD_avg=39.47123333333334
IGSD_std=3.812702118649653
SC_pos_avg=0.22739039394349353
SC_neg_avg=0.7726096060565065
SC_avg=-0.0005943401397525473
SC_std=0.003567940222555016
SC_avg_abs=0.002059163882520013
SC_std_abs=0.0029737655822832