conf_id=73
---
run_0
TV=7075.332
FD=5.934547
IGSD=[44.294,40.881,41.425,43.186,40.063,36.437]
SC_pos=0.25777713599191515
SC_neg=0.7422228640080848
SC_avg=-0.0005194267439116322
SC_std=0.0029989223791395524
SC_avg_abs=0.0019720599627263712
SC_std_abs=0.002318257768628487
---
run_1
TV=6907.406
FD=5.798912
IGSD=[39.469,46.581,46.033,39.534,39.552,37.658]
SC_pos=0.25366675996502036
SC_neg=0.7463332400349796
SC_avg=-0.0004789530578159731
SC_std=0.002982393300873801
SC_avg_abs=0.0018237056657208989
SC_std_abs=0.0024079375983413094
---
run_2
TV=6779.302
FD=5.985323
IGSD=[41.824,42.491,38.236,38.806,44.001,38.658]
SC_pos=0.234844801192672
SC_neg=0.765155198807328
SC_avg=-0.0005013547049110417
SC_std=0.003527154311793114
SC_avg_abs=0.0019481577582645456
SC_std_abs=0.0029827597000514233
---
run_3
TV=7819.284
FD=6.658697
IGSD=[37.51,40.104,38.571,33.402,36.934,31.368]
SC_pos=0.25313928933173035
SC_neg=0.7468607106682696
SC_avg=-0.0005385283422792058
SC_std=0.0036641360452028234
SC_avg_abs=0.0022514399645100153
SC_std_abs=0.0029405652210756543
---
run_4
TV=6871.375
FD=5.806431
IGSD=[36.059,51.173,45.499,41.401,38.201,35.188]
SC_pos=0.23683700763796536
SC_neg=0.7631629923620347
SC_avg=-0.0003585977195120557
SC_std=0.0030376931772027856
SC_avg_abs=0.0016872601088975723
SC_std_abs=0.00255133797999923
---
combined
TV_avg=7090.5398000000005
TV_std=376.7597517317368
FD_avg=6.0367820000000005
FD_std=0.3192246892807636
IGSD_avg=40.151300000000006
IGSD_std=4.065452382781856
SC_pos_avg=0.24725299882386065
SC_neg_avg=0.7527470011761394
SC_avg=-0.0004793721136859825
SC_std=0.003255846104163322
SC_avg_abs=0.001936524692023882
SC_std_abs=0.0026608651966150178