conf_id=5
---
run_0
TV=14822.206
FD=16.405185
IGSD=[24.116,16.144,16.139,18.236,23.963,18.323]
SC_pos=0.2515790452864408
SC_neg=0.7484209547135592
SC_avg=-0.0019196033651593097
SC_std=0.011116174716774408
SC_avg_abs=0.007081391797163827
SC_std_abs=0.00878112223058343
---
run_1
TV=13230.275
FD=14.723901
IGSD=[21.829,19.568,22.191,19.374,26.915,22.669]
SC_pos=0.2529308700634311
SC_neg=0.7470691299365688
SC_avg=-0.0016213914542212466
SC_std=0.008624906696261548
SC_avg_abs=0.005752955493634972
SC_std_abs=0.006627324411502299
---
run_2
TV=11201.47
FD=10.389362
IGSD=[27.913,23.414,22.844,24.948,24.998,25.052]
SC_pos=0.2334517483496861
SC_neg=0.7665482516503139
SC_avg=-0.0012324023132309976
SC_std=0.007676987259839155
SC_avg_abs=0.00444009737192979
SC_std_abs=0.006382827287117519
---
run_3
TV=10428.626
FD=9.680144
IGSD=[29.761,27.536,25.576,26.904,25.993,29.014]
SC_pos=0.2511957692960297
SC_neg=0.7488042307039703
SC_avg=-0.0012497361903630242
SC_std=0.005878443204725056
SC_avg_abs=0.003832087371566808
SC_std_abs=0.004629583289385711
---
run_4
TV=13841.096
FD=14.114162
IGSD=[25.544,19.137,18.676,24.309,19.526,18.719]
SC_pos=0.24731142251537197
SC_neg=0.752688577484628
SC_avg=-0.0020493086508591024
SC_std=0.00879108529807561
SC_avg_abs=0.006172815961791288
SC_std_abs=0.006586288011192789
---
combined
TV_avg=12704.7346
TV_std=1642.660639929453
FD_avg=13.0625508
FD_std=2.593290886851947
IGSD_avg=22.977699999999995
IGSD_std=3.7639348307323286
SC_pos_avg=0.24729377110219194
SC_neg_avg=0.752706228897808
SC_avg=-0.0016144883947667328
SC_std=0.008594126015678856
SC_avg_abs=0.005455869599217334
SC_std_abs=0.006833671170501307