conf_id=280
---
run_0
TV=12258.375
FD=14.839544
IGSD=[24.601,24.903,24.873,24.941,23.978,22.466]
SC_pos=0.274674842116189
SC_neg=0.725325157883811
SC_avg=-0.001474302366476256
SC_std=0.007077511537361351
SC_avg_abs=0.005331429041429771
SC_std_abs=0.004882683832225846
---
run_1
TV=13459.151
FD=13.564163
IGSD=[23.58,20.979,22.627,24.472,19.942,21.014]
SC_pos=0.25172469016279697
SC_neg=0.748275309837203
SC_avg=-0.0019874129986772312
SC_std=0.007469188092339335
SC_avg_abs=0.0058164885408511086
SC_std_abs=0.005089896093261894
---
run_2
TV=13298.642
FD=14.034324
IGSD=[21.71,22.934,22.078,21.988,23.133,20.872]
SC_pos=0.25591192856398504
SC_neg=0.744088071436015
SC_avg=-0.001891141071926542
SC_std=0.008435289452947439
SC_avg_abs=0.006018818518499097
SC_std_abs=0.006205187051999812
---
run_3
TV=11122.805
FD=12.480704
IGSD=[28.08,25.142,26.676,24.574,25.302,30.95]
SC_pos=0.2804357910163837
SC_neg=0.7195642089836163
SC_avg=-0.0011214095979073288
SC_std=0.006213878968642657
SC_avg_abs=0.004591158458580585
SC_std_abs=0.00433487200865518
---
run_4
TV=10426.357
FD=10.971796
IGSD=[28.96,25.919,26.374,23.212,35.673,33.672]
SC_pos=0.2731891815068713
SC_neg=0.7268108184931287
SC_avg=-0.0008826783022976159
SC_std=0.005136827570017079
SC_avg_abs=0.0037221707741165863
SC_std_abs=0.0036485015003076137
---
combined
TV_avg=12113.066
TV_std=1188.6340129143198
FD_avg=13.178106199999998
FD_std=1.34139471180714
IGSD_avg=24.85416666666667
IGSD_std=3.5801728271442737
SC_pos_avg=0.2671872866732452
SC_neg_avg=0.7328127133267548
SC_avg=-0.0014713888674569913
SC_std=0.006970579383674505
SC_avg_abs=0.005096013066695417
SC_std_abs=0.004978414704246107