conf_id=247
---
run_0
TV=10775.308
FD=9.755339
IGSD=[19.846,37.083,27.28,19.861,31.596,29.067]
SC_pos=0.24974677887606492
SC_neg=0.7502532211239351
SC_avg=-0.0008901801366449057
SC_std=0.006363192744039964
SC_avg_abs=0.003666011991289171
SC_std_abs=0.005276646534798784
---
run_1
TV=15079.936
FD=15.430634
IGSD=[19.077,18.475,18.21,19.419,19.353,18.783]
SC_pos=0.18869982218065806
SC_neg=0.8113001778193419
SC_avg=-0.0024850639813890243
SC_std=0.012379936720904747
SC_avg_abs=0.007873827466995187
SC_std_abs=0.009871231798777436
---
run_2
TV=13173.509
FD=14.483541
IGSD=[20.464,22.647,24.837,23.291,19.625,24.296]
SC_pos=0.281203586054472
SC_neg=0.718796413945528
SC_avg=-0.001621454094669668
SC_std=0.007390859786163614
SC_avg_abs=0.005436029617108034
SC_std_abs=0.005263411798612736
---
run_3
TV=16387.368
FD=21.779663
IGSD=[14.125,21.169,23.272,15.837,16.879,19.341]
SC_pos=0.27536453172271785
SC_neg=0.7246354682772822
SC_avg=-0.0022608678063618143
SC_std=0.010096223945601454
SC_avg_abs=0.007311011054814995
SC_std_abs=0.007320818161513949
---
run_4
TV=17785.099
FD=22.317136
IGSD=[15.079,17.379,20.873,18.782,14.392,14.139]
SC_pos=0.2524245314036665
SC_neg=0.7475754685963335
SC_avg=-0.0028009862116024544
SC_std=0.013319988662763524
SC_avg_abs=0.009414183787092889
SC_std_abs=0.00983060350927516
---
combined
TV_avg=14640.244
TV_std=2458.655166613894
FD_avg=16.7532626
FD_std=4.7348348536950935
IGSD_avg=20.815900000000003
IGSD_std=5.110341595562212
SC_pos_avg=0.24948785004751586
SC_neg_avg=0.7505121499524842
SC_avg=-0.002011710446133574
SC_std=0.0102961442188271
SC_avg_abs=0.006740212783460067
SC_std_abs=0.008039097979727053