conf_id=29
---
run_0
TV=12714.292
FD=13.485643
IGSD=[21.931,24.616,25.986,24.757,21.269,21.335]
SC_pos=0.2603587587575974
SC_neg=0.7396412412424026
SC_avg=-0.0016145887788081693
SC_std=0.00822105084140382
SC_avg_abs=0.0057248675579292365
SC_std_abs=0.0061170634544501015
---
run_1
TV=9481.932
FD=9.071325
IGSD=[30.236,27.652,26.54,28.663,31.767,35.347]
SC_pos=0.24522267195573721
SC_neg=0.7547773280442628
SC_avg=-0.001092926682538156
SC_std=0.0050001210821518285
SC_avg_abs=0.0033237603986325135
SC_std_abs=0.0038920838097432162
---
run_2
TV=10948.583
FD=10.986025
IGSD=[25.409,28.481,25.657,33.419,23.768,24.185]
SC_pos=0.2603952217707392
SC_neg=0.7396047782292607
SC_avg=-0.0013550773365363412
SC_std=0.006061532704749534
SC_avg_abs=0.004172735796328903
SC_std_abs=0.004600727039586028
---
run_3
TV=8321.275
FD=6.937039
IGSD=[35.602,38.117,36.991,38.37,30.374,31.075]
SC_pos=0.262044758762984
SC_neg=0.7379552412370161
SC_avg=-0.0006395143619600493
SC_std=0.0029729823352158897
SC_avg_abs=0.002126318602667433
SC_std_abs=0.002174022029467345
---
run_4
TV=12886.044
FD=14.586833
IGSD=[22.683,27.505,22.609,22.86,23.118,19.522]
SC_pos=0.27754796181079466
SC_neg=0.7224520381892053
SC_avg=-0.0014892084415365802
SC_std=0.007512227059703612
SC_avg_abs=0.005470088658008906
SC_std_abs=0.005359983885461719
---
combined
TV_avg=10870.425200000001
TV_std=1782.9611702649497
FD_avg=11.013372999999998
FD_std=2.80251788759551
IGSD_avg=27.661466666666673
IGSD_std=5.299658635128199
SC_pos_avg=0.2611138746115705
SC_neg_avg=0.7388861253884295
SC_avg=-0.0012382631202758614
SC_std=0.006248185476413039
SC_avg_abs=0.0041635542027134145
SC_std_abs=0.0048205740014817654