conf_id=16
---
run_0
TV=5661.504
FD=4.504348
IGSD=[50.296,47.36,46.341,51.273,47.176,47.58]
SC_pos=0.24112514085392647
SC_neg=0.7588748591460736
SC_avg=-0.0003686325378512895
SC_std=0.0027110052684873177
SC_avg_abs=0.0013645492554853053
SC_std_abs=0.002371380366597308
---
run_1
TV=7446.708
FD=5.802336
IGSD=[40.677,36.398,35.837,40.788,36.625,36.911]
SC_pos=0.23803572919500232
SC_neg=0.7619642708049976
SC_avg=-0.0006523707276425122
SC_std=0.0035036702013512048
SC_avg_abs=0.0020782923955504125
SC_std_abs=0.0028951672084213983
---
run_2
TV=9724.394
FD=8.824546
IGSD=[29.132,28.488,34.384,30.279,25.641,27.61]
SC_pos=0.2544349693555307
SC_neg=0.7455650306444692
SC_avg=-0.0008308028172928924
SC_std=0.005877273102756944
SC_avg_abs=0.003417269346243083
SC_std_abs=0.004853333149582812
---
run_3
TV=7206.366
FD=5.922383
IGSD=[36.693,36.987,35.539,36.413,35.879,36.432]
SC_pos=0.22021070235014478
SC_neg=0.7797892976498552
SC_avg=-0.0006359817727102967
SC_std=0.004500456469267807
SC_avg_abs=0.0023458386818016007
SC_std_abs=0.003893022235482031
---
run_4
TV=8723.916
FD=8.277186
IGSD=[33.655,31.148,31.468,30.891,30.682,32.826]
SC_pos=0.22768458416316037
SC_neg=0.7723154158368396
SC_avg=-0.0007122888915428401
SC_std=0.005172617529469291
SC_avg_abs=0.0028374486147824435
SC_std_abs=0.004383173842052985
---
combined
TV_avg=7752.5776
TV_std=1385.3555736646963
FD_avg=6.6661598
FD_std=1.6264600917157972
IGSD_avg=36.713633333333334
IGSD_std=6.822193857713385
SC_pos_avg=0.23629822518355295
SC_neg_avg=0.7637017748164471
SC_avg=-0.0006400153494079655
SC_std=0.004500958008830014
SC_avg_abs=0.002408679658772569
SC_std_abs=0.0038557106927444846