conf_id=149
---
run_0
TV=11884.959
FD=13.194746
IGSD=[22.489,26.35,26.576,24.821,23.159,24.961]
SC_pos=0.2635277260815582
SC_neg=0.7364722739184417
SC_avg=-0.0014856525563324665
SC_std=0.006779428804827708
SC_avg_abs=0.0048350032018518885
SC_std_abs=0.004979012198814822
---
run_1
TV=9388.758
FD=8.907971
IGSD=[35.55,28.939,28.013,32.057,27.938,31.145]
SC_pos=0.2624251342864406
SC_neg=0.7375748657135595
SC_avg=-0.0008887007709681841
SC_std=0.004671769339642308
SC_avg_abs=0.003258051587452302
SC_std_abs=0.0034641474675078283
---
run_2
TV=11617.976
FD=11.702932
IGSD=[24.294,26.227,24.56,23.85,26.163,24.954]
SC_pos=0.27002995146482905
SC_neg=0.729970048535171
SC_avg=-0.0015366603599234444
SC_std=0.00813265794875497
SC_avg_abs=0.0056782362807408625
SC_std_abs=0.006021551553651733
---
run_3
TV=9041.609
FD=8.699882
IGSD=[27.662,33.86,41.047,26.803,31.869,32.754]
SC_pos=0.2710650038151499
SC_neg=0.72893499618485
SC_avg=-0.0008327564479687346
SC_std=0.00424031040894807
SC_avg_abs=0.0029584399486265824
SC_std_abs=0.003149817254419246
---
run_4
TV=8540.793
FD=7.523485
IGSD=[34.055,31.207,29.809,31.929,37.541,31.956]
SC_pos=0.24538675551487535
SC_neg=0.7546132444851247
SC_avg=-0.0007042836806728753
SC_std=0.004804633626638267
SC_avg_abs=0.0027995613297593794
SC_std_abs=0.003967741945994119
---
combined
TV_avg=10094.819
TV_std=1381.8378135473067
FD_avg=10.0058032
FD_std=2.103433940559047
IGSD_avg=29.0846
IGSD_std=4.477541495061771
SC_pos_avg=0.26248691423257065
SC_neg_avg=0.7375130857674294
SC_avg=-0.0010896107631731416
SC_std=0.005926254534072119
SC_avg_abs=0.003905858469686205
SC_std_abs=0.004588247381366186