conf_id=155
---
run_0
TV=7625.391
FD=6.681913
IGSD=[38.95,35.449,36.532,40.204,40.75,36.552]
SC_pos=0.26463259681499723
SC_neg=0.7353674031850027
SC_avg=-0.000733772132584807
SC_std=0.0031020575294520535
SC_avg_abs=0.002214561169625255
SC_std_abs=0.002292793336647735
---
run_1
TV=6256.963
FD=5.112878
IGSD=[45.229,45.534,55.014,43.666,39.959,40.918]
SC_pos=0.23367218383822522
SC_neg=0.7663278161617748
SC_avg=-0.0003743759270979887
SC_std=0.0025503405337923717
SC_avg_abs=0.0014910051080576944
SC_std_abs=0.0021026882652549076
---
run_2
TV=6157.162
FD=4.898111
IGSD=[48.06,45.362,44.091,44.71,44.392,46.629]
SC_pos=0.2298176704319562
SC_neg=0.7701823295680438
SC_avg=-0.00046889533051910795
SC_std=0.002464324127956825
SC_avg_abs=0.0015340348157530125
SC_std_abs=0.0019848157150401673
---
run_3
TV=6177.621
FD=5.146783
IGSD=[44.982,43.407,44.778,44.258,41.634,42.315]
SC_pos=0.20969464505432056
SC_neg=0.7903053549456794
SC_avg=-0.00043204542387943344
SC_std=0.002932097354209228
SC_avg_abs=0.0016408194943309364
SC_std_abs=0.002468110518165565
---
run_4
TV=5810.68
FD=4.694055
IGSD=[47.565,46.846,46.418,47.821,47.36,47.507]
SC_pos=0.21704981489841424
SC_neg=0.7829501851015858
SC_avg=-0.0004119983762887162
SC_std=0.0023519853755621725
SC_avg_abs=0.001382130868729017
SC_std_abs=0.001947124066573377
---
combined
TV_avg=6405.5634
TV_std=628.9051924475101
FD_avg=5.306748
FD_std=0.7066300397475329
IGSD_avg=43.89639999999999
IGSD_std=4.0282891207062095
SC_pos_avg=0.23097338220758268
SC_neg_avg=0.7690266177924173
SC_avg=-0.00048421743807401034
SC_std=0.0026985713348140314
SC_avg_abs=0.0016525102912991877
SC_std_abs=0.0021876845096048957