conf_id=105
---
run_0
TV=10052.025
FD=10.332957
IGSD=[29.518,29.246,31.341,24.849,29.929,33.923]
SC_pos=0.28537590776846566
SC_neg=0.7146240922315343
SC_avg=-0.0008084935379597775
SC_std=0.004358063039270627
SC_avg_abs=0.0032747991335445327
SC_std_abs=0.002986982740177024
---
run_1
TV=8422.651
FD=7.199846
IGSD=[32.47,33.773,31.765,33.392,39.083,36.293]
SC_pos=0.26245123848903074
SC_neg=0.7375487615109693
SC_avg=-0.0008002989493265529
SC_std=0.004146531161872312
SC_avg_abs=0.0028667453458128514
SC_std_abs=0.0031009627870923714
---
run_2
TV=9084.337
FD=8.035627
IGSD=[32.857,32.084,29.94,31.451,32.819,34.381]
SC_pos=0.26524355946133354
SC_neg=0.7347564405386664
SC_avg=-0.0009100476970669423
SC_std=0.004144873117105531
SC_avg_abs=0.0030141582766786594
SC_std_abs=0.002987140748436629
---
run_3
TV=12577.831
FD=13.152981
IGSD=[23.901,22.357,23.166,24.754,22.426,23.355]
SC_pos=0.25016693223203984
SC_neg=0.7498330677679601
SC_avg=-0.001853320086362715
SC_std=0.00793030753996071
SC_avg_abs=0.005802770116024041
SC_std_abs=0.005714230657004628
---
run_4
TV=8725.676
FD=8.239104
IGSD=[33.203,32.169,36.374,29.95,29.249,30.391]
SC_pos=0.23822964612852923
SC_neg=0.7617703538714707
SC_avg=-0.0008082074071505308
SC_std=0.005210401598080328
SC_avg_abs=0.0030407744344537434
SC_std_abs=0.004307571806136669
---
combined
TV_avg=9772.503999999999
TV_std=1505.9559999848602
FD_avg=9.392103
FD_std=2.144986441301017
IGSD_avg=30.34696666666667
IGSD_std=4.348944894901393
SC_pos_avg=0.2602934568158798
SC_neg_avg=0.7397065431841202
SC_avg=-0.0010360735355733053
SC_std=0.00537117397780483
SC_avg_abs=0.0035998494613027725
SC_std_abs=0.00411874278474893