conf_id=216
---
run_0
TV=6316.041
FD=5.051553
IGSD=[48.292,46.369,52.815,42.816,39.646,40.788]
SC_pos=0.2486995031292931
SC_neg=0.7513004968707069
SC_avg=-0.0004080907605248046
SC_std=0.002701983528336653
SC_avg_abs=0.00151832057456701
SC_std_abs=0.00227199376959419
---
run_1
TV=6971.513
FD=5.710967
IGSD=[42.739,40.432,38.25,36.453,36.221,35.823]
SC_pos=0.20641442410503502
SC_neg=0.7935855758949649
SC_avg=-0.0005882466425064689
SC_std=0.0038932354112531336
SC_avg_abs=0.0020159066660237397
SC_std_abs=0.0033822235871888416
---
run_2
TV=7080.875
FD=5.790188
IGSD=[39.267,38.393,38.673,39.011,37.583,38.834]
SC_pos=0.21889451188145212
SC_neg=0.7811054881185479
SC_avg=-0.0006013653640969964
SC_std=0.003867172989714221
SC_avg_abs=0.002050820517517918
SC_std_abs=0.0033332870321108403
---
run_3
TV=10247.444
FD=10.219654
IGSD=[30.411,28.083,25.827,32.388,24.518,24.564]
SC_pos=0.24510727480619182
SC_neg=0.7548927251938081
SC_avg=-0.0011309186625565871
SC_std=0.006168880836134476
SC_avg_abs=0.004038544542060784
SC_std_abs=0.00479835657007032
---
run_4
TV=6500.919
FD=5.412384
IGSD=[42.982,42.347,39.766,43.775,43.227,46.618]
SC_pos=0.25443828417490727
SC_neg=0.7455617158250927
SC_avg=-0.00041932957215578084
SC_std=0.003340632804602288
SC_avg_abs=0.0017809586663040471
SC_std_abs=0.0028572453612152053
---
combined
TV_avg=7423.3584
TV_std=1440.4141690443898
FD_avg=6.436949200000001
FD_std=1.9090972886948847
IGSD_avg=38.563700000000004
IGSD_std=6.688582715593292
SC_pos_avg=0.23471079961937585
SC_neg_avg=0.7652892003806241
SC_avg=-0.0006295902003681282
SC_std=0.004170732546798268
SC_avg_abs=0.0022809101932947037
SC_std_abs=0.0035480758852434783