conf_id=269
---
run_0
TV=11008.705
FD=10.77467
IGSD=[23.965,32.704,26.612,26.191,26.723,26.157]
SC_pos=0.266300986842446
SC_neg=0.733699013157554
SC_avg=-0.0012052197324425252
SC_std=0.005287711921189876
SC_avg_abs=0.0039975388355813855
SC_std_abs=0.0036649877520915333
---
run_1
TV=8876.387
FD=8.247445
IGSD=[34.443,30.892,31.369,28.461,34.563,33.366]
SC_pos=0.2572080229402075
SC_neg=0.7427919770597925
SC_avg=-0.0006921627157211828
SC_std=0.0043256697420090695
SC_avg_abs=0.002805993095403512
SC_std_abs=0.0033640616359566266
---
run_2
TV=8234.777
FD=6.947549
IGSD=[30.321,40.395,36.665,37.014,32.904,33.631]
SC_pos=0.2522314431749837
SC_neg=0.7477685568250163
SC_avg=-0.0006802619944939782
SC_std=0.00350853952836818
SC_avg_abs=0.002366273057649025
SC_std_abs=0.002678312494821929
---
run_3
TV=12149.613
FD=11.732591
IGSD=[23.597,22.707,23.649,28.093,22.774,22.832]
SC_pos=0.23724473042127833
SC_neg=0.7627552695787216
SC_avg=-0.0016012895181915304
SC_std=0.007376309422542339
SC_avg_abs=0.0049895128724190005
SC_std_abs=0.005663817627194762
---
run_4
TV=13987.29
FD=15.067984
IGSD=[21.341,19.962,21.185,19.997,21.048,22.333]
SC_pos=0.2633644712272642
SC_neg=0.7366355287727357
SC_avg=-0.002232108028719942
SC_std=0.008152186727129885
SC_avg_abs=0.006267252458220125
SC_std_abs=0.005671155200733151
---
combined
TV_avg=10851.3544
TV_std=2111.459221126243
FD_avg=10.554047800000001
FD_std=2.833390489093898
IGSD_avg=27.86313333333333
IGSD_std=5.694278454339546
SC_pos_avg=0.25526993092123595
SC_neg_avg=0.744730069078764
SC_avg=-0.0012822083979138327
SC_std=0.006026106496500485
SC_avg_abs=0.004085314063854607
SC_std_abs=0.0046117487878805635