conf_id=1
---
run_0
TV=18073.04
FD=25.579495
IGSD=[15.785,14.823,16.736,14.115,16.476,22.794]
SC_pos=0.26985053686607446
SC_neg=0.7301494631339256
SC_avg=-0.002737220125979682
SC_std=0.013804679554873564
SC_avg_abs=0.009926955680973112
SC_std_abs=0.009975825907603236
---
run_1
TV=17432.529
FD=20.667426
IGSD=[15.053,25.365,15.712,17.095,14.244,17.345]
SC_pos=0.2831763179359283
SC_neg=0.7168236820640718
SC_avg=-0.0025798264667303825
SC_std=0.012629265977403374
SC_avg_abs=0.00900970386841211
SC_std_abs=0.009218410922168796
---
run_2
TV=19799.971
FD=18.723532
IGSD=[14.279,13.842,16.229,13.729,15.698,15.439]
SC_pos=0.24438340112484253
SC_neg=0.7556165988751575
SC_avg=-0.003952073549365316
SC_std=0.015535329122897507
SC_avg_abs=0.0113486747373455
SC_std_abs=0.011321347888050986
---
run_3
TV=20011.969
FD=22.054769
IGSD=[16.499,13.925,14.6,16.645,13.855,14.433]
SC_pos=0.24859114997092283
SC_neg=0.7514088500290772
SC_avg=-0.004305986468087707
SC_std=0.015251184944176325
SC_avg_abs=0.011820954741486166
SC_std_abs=0.010554865734084963
---
run_4
TV=21617.489
FD=21.501141
IGSD=[15.032,12.76,13.001,15.051,12.773,12.982]
SC_pos=0.2210168249872742
SC_neg=0.7789831750127258
SC_avg=-0.005234898045109708
SC_std=0.01838820367486935
SC_avg_abs=0.013701212201162213
SC_std_abs=0.013334428227333033
---
combined
TV_avg=19386.999600000003
TV_std=1488.8022197970563
FD_avg=21.705272599999997
FD_std=2.242379058911014
IGSD_avg=15.543833333333332
IGSD_std=2.6363880984323145
SC_pos_avg=0.25340364617700845
SC_neg_avg=0.7465963538229915
SC_avg=-0.0037620009310545557
SC_std=0.015278009361322668
SC_avg_abs=0.011161500245875833
SC_std_abs=0.011090136758004028