conf_id=96
---
run_0
TV=11987.722
FD=8.277547
IGSD=[27.52,24.347,23.091,27.325,23.984,22.858]
SC_pos=0.24670336033599008
SC_neg=0.75329663966401
SC_avg=-0.0017305472393438573
SC_std=0.005903779349170192
SC_avg_abs=0.004490366912841175
SC_std_abs=0.004205473735425086
---
run_1
TV=7084.136
FD=5.275027
IGSD=[37.318,38.528,39.079,43.098,37.646,40.402]
SC_pos=0.23335665446882195
SC_neg=0.7666433455311781
SC_avg=-0.0005356546106434605
SC_std=0.003368357588898906
SC_avg_abs=0.0019022527472029587
SC_std_abs=0.0028309350388794233
---
run_2
TV=9077.475
FD=7.986806
IGSD=[27.316,26.697,28.037,32.837,30.375,33.693]
SC_pos=0.21364093752207722
SC_neg=0.7863590624779228
SC_avg=-0.0009017708443133368
SC_std=0.005870264326676792
SC_avg_abs=0.003151235579427286
SC_std_abs=0.005034174037879427
---
run_3
TV=5820.378
FD=4.614315
IGSD=[49.346,46.592,45.559,49.067,45.608,45.866]
SC_pos=0.23201788179312668
SC_neg=0.7679821182068733
SC_avg=-0.0003774803627713949
SC_std=0.0028136082022240344
SC_avg_abs=0.0014174716355627147
SC_std_abs=0.002459604989073562
---
run_4
TV=7120.676
FD=6.211149
IGSD=[36.979,34.812,34.862,39.046,35.785,36.135]
SC_pos=0.191994959817138
SC_neg=0.808005040182862
SC_avg=-0.0006772669321120453
SC_std=0.0044348204625549595
SC_avg_abs=0.0022721152742553206
SC_std_abs=0.0038683090896313227
---
combined
TV_avg=8218.077399999998
TV_std=2153.5022632591404
FD_avg=6.472968800000001
FD_std=1.4495801916508655
IGSD_avg=35.460266666666676
IGSD_std=7.90665350167538
SC_pos_avg=0.2235427587874308
SC_neg_avg=0.7764572412125692
SC_avg=-0.0008445439978368162
SC_std=0.004677056547263697
SC_avg_abs=0.002646688429857892
SC_std_abs=0.003947550236012311