conf_id=137
---
run_0
TV=6006.488
FD=5.165045
IGSD=[48.892,45.55,44.777,46.52,47.278,45.704]
SC_pos=0.24367693024521997
SC_neg=0.75632306975478
SC_avg=-0.0004275154163134404
SC_std=0.0026273310220562515
SC_avg_abs=0.0015255569928012583
SC_std_abs=0.002181355906852429
---
run_1
TV=8034.989
FD=7.138515
IGSD=[35.782,32.483,34.576,32.866,40.582,35.215]
SC_pos=0.24742806272218354
SC_neg=0.7525719372778165
SC_avg=-0.0007418770156082075
SC_std=0.0034724538215153986
SC_avg_abs=0.002299117788518094
SC_std_abs=0.002705988625874892
---
run_2
TV=7866.404
FD=6.632236
IGSD=[38.024,34.26,37.332,41.076,34.4,35.691]
SC_pos=0.2553682981862344
SC_neg=0.7446317018137656
SC_avg=-0.0007063727922903086
SC_std=0.0033483024494979246
SC_avg_abs=0.0022370478897686206
SC_std_abs=0.0025895382897118124
---
run_3
TV=6992.192
FD=5.537138
IGSD=[42.46,39.577,37.96,41.33,42.666,42.296]
SC_pos=0.2471139835862575
SC_neg=0.7528860164137425
SC_avg=-0.0004943375423031108
SC_std=0.0027492748307462057
SC_avg_abs=0.001756882864454006
SC_std_abs=0.0021716915760053817
---
run_4
TV=7376.457
FD=6.355354
IGSD=[36.882,34.599,36.374,38.755,38.201,36.225]
SC_pos=0.21374224668927236
SC_neg=0.7862577533107277
SC_avg=-0.0006039996004581673
SC_std=0.004058229583638664
SC_avg_abs=0.0022259374632325507
SC_std_abs=0.003446628103038025
---
combined
TV_avg=7255.306
TV_std=724.541135480105
FD_avg=6.1656576
FD_std=0.7206100347784785
IGSD_avg=39.27776666666667
IGSD_std=4.522446120433302
SC_pos_avg=0.24146590428583356
SC_neg_avg=0.7585340957141664
SC_avg=-0.0005948204733946478
SC_std=0.0032945990404971174
SC_avg_abs=0.0020089085997549087
SC_std_abs=0.0026781487021905128