conf_id=201
---
run_0
TV=18390.879
FD=19.357559
IGSD=[18.469,15.448,13.395,18.331,14.516,14.011]
SC_pos=0.2615025786187106
SC_neg=0.7384974213812894
SC_avg=-0.003187955803166173
SC_std=0.014229706290970093
SC_avg_abs=0.010135553941563782
SC_std_abs=0.010484185692168259
---
run_1
TV=17612.899
FD=22.808306
IGSD=[16.33,21.941,14.892,17.308,17.315,14.449]
SC_pos=0.28817423685088844
SC_neg=0.7118257631491115
SC_avg=-0.002460444827786752
SC_std=0.013523285144757272
SC_avg_abs=0.009640293826576895
SC_std_abs=0.0097978449056034
---
run_2
TV=18443.343
FD=28.169592
IGSD=[15.985,17.959,14.575,16.634,16.34,14.181]
SC_pos=0.26961684210002923
SC_neg=0.7303831578999708
SC_avg=-0.002882050781056358
SC_std=0.014570785705902598
SC_avg_abs=0.010196224014250091
SC_std_abs=0.010800510573262399
---
run_3
TV=19011.511
FD=29.67711
IGSD=[13.863,17.137,16.281,14.473,17.648,14.526]
SC_pos=0.2530224419487077
SC_neg=0.7469775580512923
SC_avg=-0.0031567343140951275
SC_std=0.015499007199003562
SC_avg_abs=0.011107978322873994
SC_std_abs=0.01126041798793951
---
run_4
TV=17824.792
FD=25.805808
IGSD=[17.169,16.747,17.029,19.661,14.441,14.98]
SC_pos=0.2747734579926407
SC_neg=0.7252265420073594
SC_avg=-0.002886021282695979
SC_std=0.012033408950595315
SC_avg_abs=0.009207454963079734
SC_std_abs=0.008267697558528617
---
combined
TV_avg=18256.684800000003
TV_std=494.69253200766957
FD_avg=25.163674999999998
FD_std=3.716926510745673
IGSD_avg=16.201133333333335
IGSD_std=1.9039747325587653
SC_pos_avg=0.26941791150219535
SC_neg_avg=0.7305820884978047
SC_avg=-0.002914641401760079
SC_std=0.014021663374763014
SC_avg_abs=0.010057501013668903
SC_std_abs=0.010195530964892122