conf_id=9
---
run_0
TV=16673.206
FD=19.614262
IGSD=[18.732,18.102,16.79,20.008,16.658,16.078]
SC_pos=0.2421458980456861
SC_neg=0.7578541019543139
SC_avg=-0.0029150874434183192
SC_std=0.011989534411572163
SC_avg_abs=0.008635519807016892
SC_std_abs=0.00881331196949631
---
run_1
TV=10681.779
FD=9.245812
IGSD=[24.457,27.932,36.894,24.844,26.205,24.776]
SC_pos=0.2542719216774478
SC_neg=0.7457280783225523
SC_avg=-0.0011067574039844146
SC_std=0.00603809678890054
SC_avg_abs=0.003958038889265431
SC_std_abs=0.004692275880046671
---
run_2
TV=17849.048
FD=20.977901
IGSD=[15.998,16.63,20.688,18.77,16.123,14.284]
SC_pos=0.28322769763626443
SC_neg=0.7167723023637356
SC_avg=-0.0029902340028456725
SC_std=0.011990644226746538
SC_avg_abs=0.009343076785330381
SC_std_abs=0.008088508178125611
---
run_3
TV=13097.882
FD=13.490566
IGSD=[21.135,21.76,23.396,21.496,21.713,23.401]
SC_pos=0.2522552684392525
SC_neg=0.7477447315607475
SC_avg=-0.0017203602701455038
SC_std=0.008491249293549942
SC_avg_abs=0.0056362272345264475
SC_std_abs=0.006579809768153623
---
run_4
TV=11606.247
FD=12.624226
IGSD=[24.77,22.359,22.342,23.484,23.53,23.315]
SC_pos=0.1984080994296646
SC_neg=0.8015919005703354
SC_avg=-0.0015469997970729188
SC_std=0.009331331288777306
SC_avg_abs=0.005386298089645348
SC_std_abs=0.007775264939700823
---
combined
TV_avg=13981.632399999999
TV_std=2811.191025059136
FD_avg=15.190553399999999
FD_std=4.424444232171159
IGSD_avg=21.55566666666667
IGSD_std=4.477870061635206
SC_pos_avg=0.2460617770456631
SC_neg_avg=0.7539382229543369
SC_avg=-0.002055887783493368
SC_std=0.009859429765279704
SC_avg_abs=0.006591832161156916
SC_std_abs=0.0076146423838508795