conf_id=215
---
run_0
TV=8354.489
FD=6.959008
IGSD=[34.906,34.449,33.604,33.983,36.377,35.425]
SC_pos=0.24615890125339535
SC_neg=0.7538410987466047
SC_avg=-0.000795433735872798
SC_std=0.0036710244026342794
SC_avg_abs=0.0025285948915283376
SC_std_abs=0.0027776506021164227
---
run_1
TV=7838.961
FD=6.411426
IGSD=[34.303,37.451,41.347,36.382,34.561,34.798]
SC_pos=0.24367485848310966
SC_neg=0.7563251415168903
SC_avg=-0.0006439999459826813
SC_std=0.003208150713834968
SC_avg_abs=0.002098006939409614
SC_std_abs=0.002511042376244297
---
run_2
TV=8170.275
FD=6.622522
IGSD=[33.889,35.555,35.636,33.987,34.464,36.006]
SC_pos=0.24869494525265035
SC_neg=0.7513050547473497
SC_avg=-0.0007342962383906979
SC_std=0.004048805069179863
SC_avg_abs=0.0025757875750047747
SC_std_abs=0.003208945593552857
---
run_3
TV=7952.609
FD=6.596867
IGSD=[32.353,36.841,37.938,32.569,37.962,38.123]
SC_pos=0.24497799685050725
SC_neg=0.7550220031494927
SC_avg=-0.0006871065255203
SC_std=0.003555595399224996
SC_avg_abs=0.0023149771180596165
SC_std_abs=0.002784825840741734
---
run_4
TV=8422.912
FD=7.320351
IGSD=[39.363,30.871,30.555,38.457,33.926,35.999]
SC_pos=0.2691121608499528
SC_neg=0.7308878391500472
SC_avg=-0.0007372618460579565
SC_std=0.003624187098753109
SC_avg_abs=0.0025668149558903076
SC_std_abs=0.0026626580964590825
---
combined
TV_avg=8147.8492
TV_std=224.67448595192096
FD_avg=6.7820348
FD_std=0.3219273753065433
IGSD_avg=35.40266666666666
IGSD_std=2.3601576406860816
SC_pos_avg=0.2505237725379231
SC_neg_avg=0.7494762274620769
SC_avg=-0.0007196196583648871
SC_std=0.003631845654573869
SC_avg_abs=0.002416836295978532
SC_std_abs=0.002804827557942393