conf_id=121
---
run_0
TV=10381.839
FD=10.628284
IGSD=[26.849,30.668,30.805,29.972,30.584,26.448]
SC_pos=0.2864822287353819
SC_neg=0.7135177712646181
SC_avg=-0.0008903128255515358
SC_std=0.004232878234449742
SC_avg_abs=0.0032887964208060242
SC_std_abs=0.0028095788256451222
---
run_1
TV=12896.211
FD=14.431224
IGSD=[25.472,20.617,20.783,25.605,22.629,21.966]
SC_pos=0.2704735157326507
SC_neg=0.7295264842673493
SC_avg=-0.0015657877357958569
SC_std=0.00764189302108728
SC_avg_abs=0.005644835473837464
SC_std_abs=0.005383869672699867
---
run_2
TV=11424.188
FD=12.093324
IGSD=[26.246,32.45,34.276,21.562,19.698,25.455]
SC_pos=0.28273979765928176
SC_neg=0.7172602023407183
SC_avg=-0.0010199618991959818
SC_std=0.004983880213545585
SC_avg_abs=0.0037010212999226
SC_std_abs=0.0034902472113450492
---
run_3
TV=12221.101
FD=13.23977
IGSD=[26.173,21.89,21.729,27.544,25.84,23.545]
SC_pos=0.2721222240200513
SC_neg=0.7278777759799486
SC_avg=-0.0015656441948696778
SC_std=0.0068764233350467295
SC_avg_abs=0.005322820705090758
SC_std_abs=0.004626447813297085
---
run_4
TV=12049.311
FD=14.824469
IGSD=[24.603,22.316,24.723,22.791,26.768,24.831]
SC_pos=0.2678305688085027
SC_neg=0.7321694311914974
SC_avg=-0.0014888475745780437
SC_std=0.007507932227940913
SC_avg_abs=0.005385976508228434
SC_std_abs=0.005438471337838621
---
combined
TV_avg=11794.53
TV_std=847.7530607680516
FD_avg=13.0434142
FD_std=1.5409252488593208
IGSD_avg=25.494600000000002
IGSD_std=3.6608908715411523
SC_pos_avg=0.27592966699117366
SC_neg_avg=0.7240703330088263
SC_avg=-0.0013061108459982234
SC_std=0.0064067471445395435
SC_avg_abs=0.0046686900815770494
SC_std_abs=0.004577736060356014