conf_id=270
---
run_0
TV=8944.155
FD=8.885177
IGSD=[30.509,33.363,32.044,29.977,31.528,30.324]
SC_pos=0.2373588845135575
SC_neg=0.7626411154864425
SC_avg=-0.0009106025017308804
SC_std=0.0051071960427723105
SC_avg_abs=0.003099140466440077
SC_std_abs=0.004160285651820224
---
run_1
TV=12729.562
FD=13.589631
IGSD=[23.859,21.55,21.635,22.242,24.41,22.637]
SC_pos=0.23372729271036
SC_neg=0.76627270728964
SC_avg=-0.001850713189380255
SC_std=0.008176584079441464
SC_avg_abs=0.00567908995925778
SC_std_abs=0.006166814716867953
---
run_2
TV=8143.764
FD=6.848724
IGSD=[33.475,37.316,42.357,35.932,31.277,34.393]
SC_pos=0.2639248828781085
SC_neg=0.7360751171218916
SC_avg=-0.0005753602270025225
SC_std=0.0034110245081504565
SC_avg_abs=0.002299476671606588
SC_std_abs=0.0025842860953765425
---
run_3
TV=11017.948
FD=10.415226
IGSD=[28.575,24.921,25.921,28.124,26.03,25.146]
SC_pos=0.24781755399892558
SC_neg=0.7521824460010744
SC_avg=-0.0013341465422760392
SC_std=0.005872348294459969
SC_avg_abs=0.00413503968457891
SC_std_abs=0.004377883997397776
---
run_4
TV=9803.512
FD=9.560179
IGSD=[30.915,28.881,27.239,30.682,33.788,29.507]
SC_pos=0.27462574135417417
SC_neg=0.7253742586458258
SC_avg=-0.0008234860313996395
SC_std=0.00437221567915256
SC_avg_abs=0.0030777054698412063
SC_std_abs=0.0032128069082730955
---
combined
TV_avg=10127.7882
TV_std=1612.7061733692717
FD_avg=9.8597874
FD_std=2.205737008021999
IGSD_avg=29.285233333333334
IGSD_std=4.8788162067133545
SC_pos_avg=0.25149087109102514
SC_neg_avg=0.7485091289089748
SC_avg=-0.0010988616983578705
SC_std=0.005642371450995956
SC_avg_abs=0.0036580904503449234
SC_std_abs=0.004434210964785894