conf_id=204
---
run_0
TV=22404.307
FD=26.166038
IGSD=[13.818,13.093,12.486,13.839,13.077,12.484]
SC_pos=0.21520822555854188
SC_neg=0.7847917744414581
SC_avg=-0.005697563155606859
SC_std=0.020238207341134688
SC_avg_abs=0.0154218615911928
SC_std_abs=0.014290327055633807
---
run_1
TV=22064.015
FD=27.358772
IGSD=[13.601,12.747,12.715,12.852,13.126,14.463]
SC_pos=0.21038930688991422
SC_neg=0.7896106931100858
SC_avg=-0.005124459518955258
SC_std=0.02081378727892806
SC_avg_abs=0.01510369780991774
SC_std_abs=0.015210264255448178
---
run_2
TV=16915.94
FD=23.408649
IGSD=[15.467,16.941,21.403,15.512,19.645,17.448]
SC_pos=0.28944111938135525
SC_neg=0.7105588806186447
SC_avg=-0.0021034601379827256
SC_std=0.010757022381545824
SC_avg_abs=0.007896940239673383
SC_std_abs=0.007601079523343205
---
run_3
TV=17657.133
FD=22.90772
IGSD=[17.408,16.942,15.53,17.199,14.747,20.131]
SC_pos=0.28545028402822653
SC_neg=0.7145497159717735
SC_avg=-0.002822554089165378
SC_std=0.011859590576357775
SC_avg_abs=0.009042509172183
SC_std_abs=0.00817616830159975
---
run_4
TV=19264.357
FD=26.170821
IGSD=[17.35,13.64,15.316,17.031,14.578,14.562]
SC_pos=0.2626729170348361
SC_neg=0.7373270829651639
SC_avg=-0.0035719103463612237
SC_std=0.014999078761470623
SC_avg_abs=0.01107843944691551
SC_std_abs=0.010723762708875467
---
combined
TV_avg=19661.150400000002
TV_std=2236.442590370305
FD_avg=25.2024
FD_std=1.7320205878147052
IGSD_avg=15.305033333333332
IGSD_std=2.3556067510421927
SC_pos_avg=0.2526323705785748
SC_neg_avg=0.7473676294214252
SC_avg=-0.003863989449614278
SC_std=0.01633006245379739
SC_avg_abs=0.01170868965197646
SC_std_abs=0.012021145571256981