conf_id=276
---
run_0
TV=7515.565
FD=6.422228
IGSD=[37.184,38.777,36.748,38.52,39.776,38.222]
SC_pos=0.25070786931904704
SC_neg=0.749292130680953
SC_avg=-0.0006055786412832794
SC_std=0.003501748141102145
SC_avg_abs=0.0021421110668795353
SC_std_abs=0.002835546809989752
---
run_1
TV=6869.772
FD=5.589945
IGSD=[40.558,38.621,40.678,41.582,37.165,37.26]
SC_pos=0.22133753376195328
SC_neg=0.7786624662380467
SC_avg=-0.0004166065599763144
SC_std=0.003844787294238143
SC_avg_abs=0.001888911644486198
SC_std_abs=0.0033746056307478113
---
run_2
TV=6200.126
FD=5.180019
IGSD=[44.667,43.1,43.297,46.501,43.483,45.285]
SC_pos=0.244016077702681
SC_neg=0.755983922297319
SC_avg=-0.0004290913172733316
SC_std=0.00294670857089515
SC_avg_abs=0.0015947343585380653
SC_std_abs=0.0025147630278108683
---
run_3
TV=8539.127
FD=7.461793
IGSD=[35.685,33.023,33.399,31.719,32.972,30.352]
SC_pos=0.2525821925002626
SC_neg=0.7474178074997374
SC_avg=-0.0006919428294258902
SC_std=0.004224966411356799
SC_avg_abs=0.0024857255561112567
SC_std_abs=0.0034857272578304875
---
run_4
TV=9037.96
FD=7.449802
IGSD=[35.921,29.761,28.138,38.397,28.161,27.96]
SC_pos=0.2363304618019897
SC_neg=0.7636695381980103
SC_avg=-0.0009102236899054312
SC_std=0.004602634963535078
SC_avg_abs=0.0029353002349569563
SC_std_abs=0.0036601596008756583
---
combined
TV_avg=7632.51
TV_std=1043.4954144905475
FD_avg=6.420757399999999
FD_std=0.9351332624978325
IGSD_avg=37.2304
IGSD_std=5.203804426250727
SC_pos_avg=0.24099482701718672
SC_neg_avg=0.7590051729828133
SC_avg=-0.0006106886075728483
SC_std=0.0038711575945961896
SC_avg_abs=0.002209356572194409
SC_std_abs=0.0032369036492488385