conf_id=193
---
run_0
TV=9890.468
FD=9.322882
IGSD=[26.887,35.687,32.412,27.002,26.588,26.771]
SC_pos=0.25067037042485
SC_neg=0.7493296295751499
SC_avg=-0.0009462090462549327
SC_std=0.005353862875701314
SC_avg_abs=0.003528068652050099
SC_std_abs=0.004136652129131579
---
run_1
TV=9782.507
FD=9.269982
IGSD=[31.082,27.38,29.824,25.087,39.022,28.29]
SC_pos=0.27328779738332304
SC_neg=0.726712202616677
SC_avg=-0.0006867246161383189
SC_std=0.004676563504006903
SC_avg_abs=0.003103413110505198
SC_std_abs=0.0035652018134972566
---
run_2
TV=9365.997
FD=8.236015
IGSD=[34.499,29.911,28.568,29.962,27.96,29.283]
SC_pos=0.24080795407483493
SC_neg=0.7591920459251651
SC_avg=-0.0010288306247681746
SC_std=0.004625189799449767
SC_avg_abs=0.0031112577762305717
SC_std_abs=0.003573646343056328
---
run_3
TV=6114.071
FD=5.08048
IGSD=[42.759,46.33,43.465,42.756,52.213,46.856]
SC_pos=0.23859241167404802
SC_neg=0.761407588325952
SC_avg=-0.0003393570312887405
SC_std=0.002804380819788366
SC_avg_abs=0.0015499888167451801
SC_std_abs=0.0023616201314027737
---
run_4
TV=8925.613
FD=7.947939
IGSD=[28.772,29.64,31.244,34.88,30.178,33.632]
SC_pos=0.24856318118243337
SC_neg=0.7514368188175666
SC_avg=-0.0007969698198074826
SC_std=0.00498749190921105
SC_avg_abs=0.0030042694959599376
SC_std_abs=0.004060123302779644
---
combined
TV_avg=8815.731199999998
TV_std=1393.093603001952
FD_avg=7.9714596
FD_std=1.5453678366287558
IGSD_avg=33.298
IGSD_std=7.041190614282976
SC_pos_avg=0.25038434294789785
SC_neg_avg=0.7496156570521021
SC_avg=-0.0007596182276515288
SC_std=0.00458163118219159
SC_avg_abs=0.002859399570298196
SC_std_abs=0.0036595352490158186