conf_id=88
---
run_0
TV=10146.137
FD=9.595247
IGSD=[26.59,25.971,27.526,26.969,31.249,29.123]
SC_pos=0.25073542375511443
SC_neg=0.7492645762448856
SC_avg=-0.0009630448235989448
SC_std=0.005871831880388921
SC_avg_abs=0.0037630804923899155
SC_std_abs=0.004609239652221053
---
run_1
TV=19199.694
FD=18.024713
IGSD=[14.889,15.858,14.493,13.947,16.201,16.826]
SC_pos=0.24223684840232956
SC_neg=0.7577631515976704
SC_avg=-0.003537210886315843
SC_std=0.014892777174518599
SC_avg_abs=0.010744961985255212
SC_std_abs=0.010901947750725737
---
run_2
TV=16931.509
FD=20.406137
IGSD=[18.306,17.25,15.596,15.758,18.275,23.246]
SC_pos=0.2740512417209796
SC_neg=0.7259487582790204
SC_avg=-0.0028255877510773146
SC_std=0.011022418957396383
SC_avg_abs=0.008576946666151448
SC_std_abs=0.007477543159180229
---
run_3
TV=10616.445
FD=10.088023
IGSD=[27.152,31.523,27.628,25.1,25.745,24.891]
SC_pos=0.25124238394351217
SC_neg=0.7487576160564878
SC_avg=-0.001079893209644128
SC_std=0.006390354280970253
SC_avg_abs=0.004181584402541716
SC_std_abs=0.004951479482434543
---
run_4
TV=12092.942
FD=12.205389
IGSD=[21.923,21.574,22.089,24.71,22.344,22.752]
SC_pos=0.2038939183216075
SC_neg=0.7961060816783925
SC_avg=-0.0016494313663739978
SC_std=0.00966020967495352
SC_avg_abs=0.005672754710674137
SC_std_abs=0.0079912532677277
---
combined
TV_avg=13797.3454
TV_std=3615.5993404239134
FD_avg=14.0639018
FD_std=4.362167591365119
IGSD_avg=22.18346666666667
IGSD_std=5.221628652271456
SC_pos_avg=0.24443196322870867
SC_neg_avg=0.7555680367712914
SC_avg=-0.0020110336074020472
SC_std=0.010168697013146252
SC_avg_abs=0.006587865651402487
SC_std_abs=0.008002917047823322