conf_id=258
---
run_0
TV=8768.731
FD=8.1917
IGSD=[29.075,35.232,40.278,28.958,29.603,30.393]
SC_pos=0.2315981427895738
SC_neg=0.7684018572104262
SC_avg=-0.0007630013870130207
SC_std=0.004805913011147249
SC_avg_abs=0.002796504504666194
SC_std_abs=0.003982277431656406
---
run_1
TV=11067.12
FD=10.205344
IGSD=[23.178,22.923,22.969,25.171,24.075,26.264]
SC_pos=0.1767527987952289
SC_neg=0.8232472012047711
SC_avg=-0.0013015214487842434
SC_std=0.009479741254358484
SC_avg_abs=0.0049991205972677805
SC_std_abs=0.008158936547443206
---
run_2
TV=9831.538
FD=8.49451
IGSD=[23.239,32.899,48.024,25.603,26.375,29.846]
SC_pos=0.26662687502240096
SC_neg=0.7333731249775991
SC_avg=-0.0008755158632161732
SC_std=0.004775694733895307
SC_avg_abs=0.0031556455758348268
SC_std_abs=0.0036899443380371743
---
run_3
TV=6906.483
FD=5.501597
IGSD=[40.144,40.857,38.925,40.072,40.541,39.648]
SC_pos=0.22856011083098585
SC_neg=0.7714398891690142
SC_avg=-0.000503516481046415
SC_std=0.0036357053969821853
SC_avg_abs=0.0019837612934742056
SC_std_abs=0.003088134341450234
---
run_4
TV=8738.997
FD=7.3777
IGSD=[34.846,30.31,32.23,31.354,32.621,28.195]
SC_pos=0.2326087483469928
SC_neg=0.7673912516530071
SC_avg=-0.0007681027471104011
SC_std=0.004783245905711203
SC_avg_abs=0.002788732993773801
SC_std_abs=0.003961362330569994
---
combined
TV_avg=9062.573800000002
TV_std=1374.7206613178405
FD_avg=7.9541702
FD_std=1.5338581535464613
IGSD_avg=31.794933333333333
IGSD_std=6.620967315699086
SC_pos_avg=0.22722933515703647
SC_neg_avg=0.7727706648429635
SC_avg=-0.0008423315854340516
SC_std=0.005868660917832638
SC_avg_abs=0.0031447529930033677
SC_std_abs=0.005026055320160377