conf_id=285
---
run_0
TV=10173.783
FD=9.990597
IGSD=[28.112,28.044,26.64,30.61,29.625,27.902]
SC_pos=0.26666520262144205
SC_neg=0.733334797378558
SC_avg=-0.0010964797829839561
SC_std=0.005348494659360938
SC_avg_abs=0.0037227111133355346
SC_std_abs=0.003993755751464171
---
run_1
TV=10017.668
FD=9.390476
IGSD=[29.484,27.433,25.59,33.533,30.371,30.784]
SC_pos=0.26583774083457623
SC_neg=0.7341622591654238
SC_avg=-0.0010098914437895316
SC_std=0.004468709627559969
SC_avg_abs=0.0032304692395936038
SC_std_abs=0.0032485866089310266
---
run_2
TV=10274.001
FD=11.214509
IGSD=[24.13,28.324,31.12,26.175,31.947,28.109]
SC_pos=0.26856604435766984
SC_neg=0.7314339556423302
SC_avg=-0.0009474681059954921
SC_std=0.005784505712148156
SC_avg_abs=0.003928445404265651
SC_std_abs=0.00435034698058183
---
run_3
TV=9562.785
FD=9.571501
IGSD=[29.408,29.177,30.025,29.242,30.34,33.314]
SC_pos=0.26228093964356164
SC_neg=0.7377190603564384
SC_avg=-0.0009276899438913865
SC_std=0.004775784177615306
SC_avg_abs=0.003304959391001247
SC_std_abs=0.003570149376005238
---
run_4
TV=11646.463
FD=12.483297
IGSD=[25.038,26.427,24.478,25.857,25.907,25.423]
SC_pos=0.27108655014109734
SC_neg=0.7289134498589026
SC_avg=-0.0013570208363965083
SC_std=0.006666593086669613
SC_avg_abs=0.004733560288430445
SC_std_abs=0.004886550514364876
---
combined
TV_avg=10334.939999999999
TV_std=699.5230640812352
FD_avg=10.530076
FD_std=1.1655138427660139
IGSD_avg=28.41896666666667
IGSD_std=2.4772814465771864
SC_pos_avg=0.2668872955196694
SC_neg_avg=0.7331127044803306
SC_avg=-0.0010677100226113756
SC_std=0.005466439065059157
SC_avg_abs=0.003784029087325303
SC_std_abs=0.004086940739803517