conf_id=134
---
run_0
TV=7728.496
FD=6.514625
IGSD=[40.822,34.052,33.435,43.713,36.284,36.417]
SC_pos=0.2501383419149173
SC_neg=0.7498616580850828
SC_avg=-0.0006179615096956863
SC_std=0.00327325098046382
SC_avg_abs=0.002169325933627182
SC_std_abs=0.002527859450654902
---
run_1
TV=7779.229
FD=6.55336
IGSD=[40.837,33.749,33.77,38.855,36.047,36.229]
SC_pos=0.23930468348757947
SC_neg=0.7606953165124205
SC_avg=-0.0007113260290607449
SC_std=0.003500364524015156
SC_avg_abs=0.002286891051477707
SC_std_abs=0.0027438414384352394
---
run_2
TV=6778.515
FD=5.612176
IGSD=[37.406,47.269,47.382,37.178,39.779,39.881]
SC_pos=0.24399328831946737
SC_neg=0.7560067116805326
SC_avg=-0.00048552264317707194
SC_std=0.002909565869824685
SC_avg_abs=0.001829607826363315
SC_std_abs=0.002313836854576494
---
run_3
TV=7791.817
FD=7.057008
IGSD=[39.754,36.268,35.82,33.838,34.835,34.711]
SC_pos=0.23262200762449892
SC_neg=0.7673779923755011
SC_avg=-0.0006585083913611289
SC_std=0.0037231142930111553
SC_avg_abs=0.002337984488736743
SC_std_abs=0.002971370369163591
---
run_4
TV=8202.989
FD=7.362614
IGSD=[32.89,32.649,31.448,36.153,35.412,33.608]
SC_pos=0.24397733575121783
SC_neg=0.7560226642487822
SC_avg=-0.0007888659426951818
SC_std=0.0045740982807459685
SC_avg_abs=0.002827546680844031
SC_std_abs=0.003680986868370421
---
combined
TV_avg=7656.2092
TV_std=470.75768426416556
FD_avg=6.619956599999999
FD_std=0.5956014658885923
IGSD_avg=37.01636666666666
IGSD_std=3.9279892861643884
SC_pos_avg=0.24200713141953617
SC_neg_avg=0.7579928685804638
SC_avg=-0.0006524369031979621
SC_std=0.0036405334513385248
SC_avg_abs=0.0022902711962097927
SC_std_abs=0.002904103230049017