conf_id=40
---
run_0
TV=11452.953
FD=13.327063
IGSD=[24.128,25.295,30.778,20.466,25.848,31.935]
SC_pos=0.28744621964531847
SC_neg=0.7125537803546815
SC_avg=-0.0009856667648592905
SC_std=0.0060992908283376505
SC_avg_abs=0.004428740914675739
SC_std_abs=0.004308032206317524
---
run_1
TV=10309.348
FD=11.030868
IGSD=[28.495,28.377,26.741,26.172,31.797,32.639]
SC_pos=0.2737651313735431
SC_neg=0.7262348686264569
SC_avg=-0.0010455606490978983
SC_std=0.005318998452254097
SC_avg_abs=0.004016426216200355
SC_std_abs=0.00364050299489534
---
run_2
TV=12422.448
FD=15.035822
IGSD=[21.415,27.602,24.205,22.527,25.526,23.365]
SC_pos=0.28319807143808673
SC_neg=0.7168019285619133
SC_avg=-0.0014909811652628205
SC_std=0.007279761635659146
SC_avg_abs=0.005463714009913686
SC_std_abs=0.00503644552487726
---
run_3
TV=11782.921
FD=13.462212
IGSD=[25.275,22.216,22.603,29.323,27.331,25.526]
SC_pos=0.26133248694945255
SC_neg=0.7386675130505475
SC_avg=-0.0013429828598133977
SC_std=0.00599678685303338
SC_avg_abs=0.004495270818540647
SC_std_abs=0.004190178491477825
---
run_4
TV=11316.304
FD=12.148432
IGSD=[24.683,26.63,28.733,22.382,23.622,30.006]
SC_pos=0.2736379251799688
SC_neg=0.7263620748200312
SC_avg=-0.0011726455825063285
SC_std=0.005764923955038082
SC_avg_abs=0.004105795799684162
SC_std_abs=0.004213298793206983
---
combined
TV_avg=11456.7948
TV_std=689.2359514910407
FD_avg=13.000879400000002
FD_std=1.346686777236875
IGSD_avg=26.18803333333333
IGSD_std=3.2230114953082136
SC_pos_avg=0.2758759669172739
SC_neg_avg=0.7241240330827261
SC_avg=-0.0012075674043079464
SC_std=0.006129587093850177
SC_avg_abs=0.004501989551802903
SC_std_abs=0.004331529412632344