conf_id=112
---
run_0
TV=8724.628
FD=7.844776
IGSD=[34.388,32.156,32.035,32.86,32.747,32.535]
SC_pos=0.2323493637307795
SC_neg=0.7676506362692205
SC_avg=-0.0008727528965054749
SC_std=0.004185623074182372
SC_avg_abs=0.0028211287700591714
SC_std_abs=0.0032128446274650464
---
run_1
TV=8062.997
FD=6.607481
IGSD=[35.214,32.949,33.713,34.166,35.615,37.23]
SC_pos=0.23396409511957073
SC_neg=0.7660359048804293
SC_avg=-0.0007456363051135291
SC_std=0.004086030137988233
SC_avg_abs=0.0024766066073376213
SC_std_abs=0.0033343718299768395
---
run_2
TV=12464.148
FD=12.55326
IGSD=[24.673,24.405,21.514,23.582,24.337,23.843]
SC_pos=0.2644699634893363
SC_neg=0.7355300365106636
SC_avg=-0.0016239766864126885
SC_std=0.007958823080055683
SC_avg_abs=0.005552500301122818
SC_std_abs=0.005928735573768661
---
run_3
TV=6839.664
FD=5.697888
IGSD=[43.182,39.305,38.894,42.344,42.722,43.417]
SC_pos=0.2550567051648408
SC_neg=0.7449432948351592
SC_avg=-0.00048526689120630915
SC_std=0.002825253100215351
SC_avg_abs=0.001764073551706002
SC_std_abs=0.0022595538365236733
---
run_4
TV=9422.237
FD=8.360689
IGSD=[34.341,31.117,34.657,34.613,26.949,26.861]
SC_pos=0.2800622523078912
SC_neg=0.7199377476921088
SC_avg=-0.0009071655725093066
SC_std=0.004172024001709198
SC_avg_abs=0.0031709966431345085
SC_std_abs=0.0028589358048080465
---
combined
TV_avg=9102.7348
TV_std=1883.9686434602245
FD_avg=8.212818799999999
FD_std=2.362148906831862
IGSD_avg=32.8788
IGSD_std=6.0859702014825325
SC_pos_avg=0.2531804759624837
SC_neg_avg=0.7468195240375163
SC_avg=-0.000926959670349462
SC_std=0.004973186514774332
SC_avg_abs=0.003157061174672028
SC_std_abs=0.003952822166574934