conf_id=205
---
run_0
TV=12202.068
FD=14.297661
IGSD=[22.346,22.852,22.405,23.348,22.743,22.828]
SC_pos=0.21755035262427
SC_neg=0.78244964737573
SC_avg=-0.0017683034911123842
SC_std=0.00896340177238788
SC_avg_abs=0.005567686387042574
SC_std_abs=0.007243641133122721
---
run_1
TV=12127.995
FD=12.899176
IGSD=[27.572,20.472,20.889,23.993,24.843,23.134]
SC_pos=0.2504395761257593
SC_neg=0.7495604238742407
SC_avg=-0.001564782641641499
SC_std=0.008035058025959644
SC_avg_abs=0.005330471676443585
SC_std_abs=0.0062126301920164065
---
run_2
TV=10285.6
FD=10.773984
IGSD=[22.94,32.733,31.549,23.759,29.91,33.115]
SC_pos=0.2743686356762822
SC_neg=0.7256313643237178
SC_avg=-0.0007853549658963919
SC_std=0.0047322305147516844
SC_avg_abs=0.0032884523820512516
SC_std_abs=0.0034924016089485695
---
run_3
TV=14203.044
FD=16.842741
IGSD=[21.042,21.159,20.131,21.268,19.216,20.681]
SC_pos=0.24227704058726998
SC_neg=0.75772295941273
SC_avg=-0.002358799814578745
SC_std=0.008552402904797423
SC_avg_abs=0.006456755880581854
SC_std_abs=0.006084228423540308
---
run_4
TV=10724.877
FD=11.21365
IGSD=[27.299,27.214,28.146,26.262,24.814,25.589]
SC_pos=0.2551099494510763
SC_neg=0.7448900505489238
SC_avg=-0.0011242982399454948
SC_std=0.006556655599576269
SC_avg_abs=0.004224668778775495
SC_std_abs=0.005138672288971046
---
combined
TV_avg=11908.7168
TV_std=1373.6127529040198
FD_avg=13.2054424
FD_std=2.2088869866584484
IGSD_avg=24.475066666666656
IGSD_std=3.705219255170858
SC_pos_avg=0.24794911089293153
SC_neg_avg=0.7520508891070684
SC_avg=-0.0015203078306349003
SC_std=0.007548451371358854
SC_avg_abs=0.004973607020978957
SC_std_abs=0.00587823844417085