conf_id=99
---
run_0
TV=15702.439
FD=17.21676
IGSD=[20.061,17.18,19.842,21.941,16.463,16.838]
SC_pos=0.24364626816598708
SC_neg=0.7563537318340129
SC_avg=-0.002552483901952104
SC_std=0.010871803052789689
SC_avg_abs=0.007710315634295065
SC_std_abs=0.00807850905228909
---
run_1
TV=15643.64
FD=19.149981
IGSD=[19.327,20.02,17.368,20.652,17.309,16.853]
SC_pos=0.24010438366216688
SC_neg=0.7598956163378331
SC_avg=-0.002442040707989027
SC_std=0.011600443282267295
SC_avg_abs=0.007881329673351718
SC_std_abs=0.008855421488812456
---
run_2
TV=7991.546
FD=6.546842
IGSD=[33.772,32.894,33.555,39.087,33.633,34.14]
SC_pos=0.22769204250675756
SC_neg=0.7723079574932424
SC_avg=-0.0008421885144130179
SC_std=0.003927847894130629
SC_avg_abs=0.0024430118962579825
SC_std_abs=0.003188881221992691
---
run_3
TV=7455.329
FD=6.187718
IGSD=[35.034,37.113,37.1,36.205,35.656,35.884]
SC_pos=0.22007873110371676
SC_neg=0.7799212688962832
SC_avg=-0.0005829389205850388
SC_std=0.004105195689010302
SC_avg_abs=0.002404602912593691
SC_std_abs=0.003377918628822718
---
run_4
TV=7834.081
FD=6.431548
IGSD=[40.586,34.716,34.401,34.211,33.545,34.186]
SC_pos=0.21628015527442665
SC_neg=0.7837198447255733
SC_avg=-0.0008000432017929885
SC_std=0.003752912082595886
SC_avg_abs=0.0023612375590113563
SC_std_abs=0.003024727328924618
---
combined
TV_avg=10925.407
TV_std=3880.3874936143684
FD_avg=11.1065698
FD_std=5.811590788818373
IGSD_avg=28.652399999999997
IGSD_std=8.384022887214307
SC_pos_avg=0.229560316142611
SC_neg_avg=0.770439683857389
SC_avg=-0.0014439390493464369
SC_std=0.00778298735948706
SC_avg_abs=0.004560099535101973
SC_std_abs=0.006470343456581402