conf_id=166
---
run_0
TV=17639.678
FD=16.552364
IGSD=[21.176,13.82,13.491,20.754,13.596,13.86]
SC_pos=0.2457692028004423
SC_neg=0.7542307971995578
SC_avg=-0.002965660603132602
SC_std=0.0153535098135699
SC_avg_abs=0.010367055665064299
SC_std_abs=0.011706816956193453
---
run_1
TV=10919.691
FD=10.834523
IGSD=[26.445,25.972,26.146,25.383,24.874,24.107]
SC_pos=0.24205246157451019
SC_neg=0.7579475384254898
SC_avg=-0.0014018665452039515
SC_std=0.007264287238021027
SC_avg_abs=0.004622786813332681
SC_std_abs=0.005776239344548897
---
run_2
TV=15823.034
FD=17.367779
IGSD=[15.751,33.748,19.277,19.886,15.239,18.002]
SC_pos=0.29327532951894303
SC_neg=0.7067246704810569
SC_avg=-0.0020947222710869596
SC_std=0.009881382091888873
SC_avg_abs=0.007535471419722616
SC_std_abs=0.006726532830621843
---
run_3
TV=12768.717
FD=12.978183
IGSD=[22.309,22.698,21.794,25.05,21.962,20.97]
SC_pos=0.24499809294297745
SC_neg=0.7550019070570225
SC_avg=-0.0018792110076483494
SC_std=0.008183456950133923
SC_avg_abs=0.00542372115590266
SC_std_abs=0.006409652914860214
---
run_4
TV=13487.179
FD=13.872984
IGSD=[19.928,20.025,23.39,19.435,30.284,19.51]
SC_pos=0.27825049634240756
SC_neg=0.7217495036575924
SC_avg=-0.0014182776271285766
SC_std=0.008279272273878566
SC_avg_abs=0.005550323803455856
SC_std_abs=0.006304900196626356
---
combined
TV_avg=14127.6598
TV_std=2356.122684656756
FD_avg=14.321166600000002
FD_std=2.3841663171781113
IGSD_avg=21.296066666666665
IGSD_std=4.8083277545894845
SC_pos_avg=0.2608691166358561
SC_neg_avg=0.7391308833641439
SC_avg=-0.001951947610840083
SC_std=0.010230325936504213
SC_avg_abs=0.00669987177149564
SC_std_abs=0.00797379373247713