conf_id=17
---
run_0
TV=8077.358
FD=6.576815
IGSD=[39.867,34.046,35.391,34.911,35.407,32.906]
SC_pos=0.24973642006551325
SC_neg=0.7502635799344868
SC_avg=-0.0007433556103995111
SC_std=0.003562579254284099
SC_avg_abs=0.0023455178864285513
SC_std_abs=0.0027826416138287736
---
run_1
TV=7621.36
FD=6.219103
IGSD=[35.707,36.446,37.922,34.631,37.952,35.79]
SC_pos=0.2249595954594433
SC_neg=0.7750404045405567
SC_avg=-0.0006820560586244308
SC_std=0.003752792685335414
SC_avg_abs=0.002204101534912809
SC_std_abs=0.003112971222161917
---
run_2
TV=12773.106
FD=12.090708
IGSD=[24.839,23.746,21.429,22.332,22.993,24.087]
SC_pos=0.25096373193967275
SC_neg=0.7490362680603272
SC_avg=-0.0017467467007470402
SC_std=0.0070349211143402755
SC_avg_abs=0.005242214370786882
SC_std_abs=0.005006039114137717
---
run_3
TV=8422.127
FD=7.672195
IGSD=[33.269,33.681,31.274,32.682,32.379,31.598]
SC_pos=0.22063789969729483
SC_neg=0.7793621003027051
SC_avg=-0.0009075677552872392
SC_std=0.004567403736623054
SC_avg_abs=0.0027646512159516757
SC_std_abs=0.0037472069302204613
---
run_4
TV=19670.284
FD=28.898392
IGSD=[15.742,14.218,13.861,14.615,15.621,15.22]
SC_pos=0.2207568188424278
SC_neg=0.7792431811575722
SC_avg=-0.003984935017862443
SC_std=0.01695114783559498
SC_avg_abs=0.012233945547271603
SC_std_abs=0.012391597814130994
---
combined
TV_avg=11312.847
TV_std=4570.138663426746
FD_avg=12.2914426
FD_std=8.563863473553432
IGSD_avg=28.485399999999995
IGSD_std=8.34449853336516
SC_pos_avg=0.23341089320087038
SC_neg_avg=0.7665891067991296
SC_avg=-0.0016129322285841309
SC_std=0.008857004745723618
SC_avg_abs=0.004958086111070309
SC_std_abs=0.007514350640939499