conf_id=223
---
run_0
TV=18020.537
FD=21.505498
IGSD=[18.575,17.459,14.266,20.126,15.111,13.792]
SC_pos=0.2788281036187676
SC_neg=0.7211718963812324
SC_avg=-0.0034023618307308674
SC_std=0.012690081632141853
SC_avg_abs=0.009974554079731832
SC_std_abs=0.008551170023344368
---
run_1
TV=18701.074
FD=17.967622
IGSD=[13.431,20.964,15.615,13.932,17.756,15.314]
SC_pos=0.2537581246740859
SC_neg=0.7462418753259141
SC_avg=-0.003207132118214896
SC_std=0.014952375339818547
SC_avg_abs=0.010764206755611001
SC_std_abs=0.010862369798941559
---
run_2
TV=17354.144
FD=19.271685
IGSD=[13.671,17.857,20.276,13.158,21.124,19.701]
SC_pos=0.2685337248687487
SC_neg=0.7314662751312513
SC_avg=-0.00243927013299488
SC_std=0.01127681876270696
SC_avg_abs=0.00822772125007838
SC_std_abs=0.008088342427201583
---
run_3
TV=17060.022
FD=21.321434
IGSD=[16.095,18.248,15.393,16.325,20.197,14.512]
SC_pos=0.267757228429797
SC_neg=0.732242771570203
SC_avg=-0.0021078522604825473
SC_std=0.012654517945369427
SC_avg_abs=0.008457602805726093
SC_std_abs=0.009646181646759113
---
run_4
TV=19441.634
FD=29.567039
IGSD=[17.222,13.474,14.528,16.343,15.273,14.2]
SC_pos=0.25818962382808186
SC_neg=0.7418103761719181
SC_avg=-0.003765006366316975
SC_std=0.015545697907316303
SC_avg_abs=0.01137121038450475
SC_std_abs=0.011248980876296177
---
combined
TV_avg=18115.4822
TV_std=872.266362120745
FD_avg=21.926655599999997
FD_std=4.040840044865256
IGSD_avg=16.4646
IGSD_std=2.4608877205864825
SC_pos_avg=0.26541336108389624
SC_neg_avg=0.7345866389161038
SC_avg=-0.002984324541748033
SC_std=0.013531319520771391
SC_avg_abs=0.00975905905513039
SC_std_abs=0.009836847427004521