conf_id=68
---
run_0
TV=10306.399
FD=11.49454
IGSD=[24.825,32.553,32.051,28.534,28.644,26.005]
SC_pos=0.26236484600903
SC_neg=0.73763515399097
SC_avg=-0.0009342831365601124
SC_std=0.004884348696238911
SC_avg_abs=0.003489886222880338
SC_std_abs=0.0035426602034433654
---
run_1
TV=7814.398
FD=7.195459
IGSD=[35.191,37.69,36.589,37.718,40.033,34.211]
SC_pos=0.25731989809416533
SC_neg=0.7426801019058347
SC_avg=-0.000640157155997207
SC_std=0.0037611079788748996
SC_avg_abs=0.0024189902222784775
SC_std_abs=0.0029502916326444727
---
run_2
TV=7488.878
FD=7.091443
IGSD=[35.687,38.124,36.765,34.283,46.504,42.297]
SC_pos=0.2677101994298925
SC_neg=0.7322898005701075
SC_avg=-0.0004641030850562117
SC_std=0.0033743328890827934
SC_avg_abs=0.0020945482720709932
SC_std_abs=0.0026859600994558596
---
run_3
TV=8480.424
FD=8.041883
IGSD=[34.322,35.378,36.227,32.262,32.149,30.086]
SC_pos=0.25631136429885665
SC_neg=0.7436886357011433
SC_avg=-0.0007545503062486191
SC_std=0.004553893135141925
SC_avg_abs=0.002837337943900939
SC_std_abs=0.0036409891846931703
---
run_4
TV=8850.532
FD=8.350918
IGSD=[31.902,32.309,30.781,35.929,32.479,31.4]
SC_pos=0.24282585037029641
SC_neg=0.7571741496297036
SC_avg=-0.0009345367902090513
SC_std=0.004478452519597049
SC_avg_abs=0.002983385982484561
SC_std_abs=0.0034683287130913678
---
combined
TV_avg=8588.1262
TV_std=983.8617703373577
FD_avg=8.434848599999999
FD_std=1.603995196896375
IGSD_avg=34.09759999999999
IGSD_std=4.45790894628113
SC_pos_avg=0.2573064316404482
SC_neg_avg=0.7426935683595518
SC_avg=-0.0007455260948142419
SC_std=0.004250767806926036
SC_avg_abs=0.0027648297287230636
SC_std_abs=0.0033136916992407314