conf_id=173
---
run_0
TV=15296.377
FD=15.610788
IGSD=[17.743,24.019,16.596,18.887,19.56,15.779]
SC_pos=0.2752657086700551
SC_neg=0.7247342913299449
SC_avg=-0.0014577582034016744
SC_std=0.011436801653299704
SC_avg_abs=0.007237894621661326
SC_std_abs=0.008974317382521633
---
run_1
TV=11393.752
FD=10.1659
IGSD=[24.645,25.157,26.137,26.914,27.18,24.576]
SC_pos=0.26390002173278454
SC_neg=0.7360999782672155
SC_avg=-0.0014234514680829366
SC_std=0.0061391221258865316
SC_avg_abs=0.00444391546771906
SC_std_abs=0.004468405741906651
---
run_2
TV=16063.16
FD=19.794565
IGSD=[16.603,22.112,18.808,19.73,15.712,16.102]
SC_pos=0.24778419862894926
SC_neg=0.7522158013710507
SC_avg=-0.0022256785390761535
SC_std=0.01231637118092843
SC_avg_abs=0.008081058784620213
SC_std_abs=0.009557360145208567
---
run_3
TV=11181.728
FD=9.909156
IGSD=[24.981,27.61,22.823,22.302,23.552,28.437]
SC_pos=0.23486821210451875
SC_neg=0.7651317878954813
SC_avg=-0.0011602567090890415
SC_std=0.008293351287755645
SC_avg_abs=0.004576590443853376
SC_std_abs=0.007012894632199617
---
run_4
TV=11398.392
FD=10.07437
IGSD=[25.863,21.413,28.289,22.466,25.082,27.006]
SC_pos=0.26638924390834606
SC_neg=0.7336107560916539
SC_avg=-0.0011654833202840852
SC_std=0.006352071943568986
SC_avg_abs=0.004104211051278996
SC_std_abs=0.004986243174244126
---
combined
TV_avg=13066.681800000002
TV_std=2148.737214673996
FD_avg=13.1109558
FD_std=3.976569423803306
IGSD_avg=22.536133333333332
IGSD_std=4.0091120773668685
SC_pos_avg=0.25764147700893075
SC_neg_avg=0.7423585229910693
SC_avg=-0.001486525647986778
SC_std=0.009274388580056131
SC_avg_abs=0.005688734073826603
SC_std_abs=0.007474111764837497