conf_id=110
---
run_0
TV=8195.336
FD=7.23069
IGSD=[30.513,39.303,38.951,37.568,35.335,32.513]
SC_pos=0.2712421394755831
SC_neg=0.7287578605244168
SC_avg=-0.0007415354515740232
SC_std=0.003528639344765338
SC_avg_abs=0.0024303726911034914
SC_std_abs=0.0026635425721593816
---
run_1
TV=9242.973
FD=7.05807
IGSD=[30.744,31.545,32.175,29.624,33.606,32.015]
SC_pos=0.2506902593411092
SC_neg=0.7493097406588908
SC_avg=-0.0009350213419663799
SC_std=0.003794089519624428
SC_avg_abs=0.0027821150509658257
SC_std_abs=0.0027439416969108413
---
run_2
TV=7646.679
FD=6.620183
IGSD=[35.559,36.504,37.387,39.043,37.864,36.867]
SC_pos=0.24950873340958798
SC_neg=0.750491266590412
SC_avg=-0.0006763084207700381
SC_std=0.003461241138399936
SC_avg_abs=0.0022462868686549575
SC_std_abs=0.0027187825587686922
---
run_3
TV=6887.543
FD=5.68182
IGSD=[41.121,40.821,40.959,43.705,41.819,43.219]
SC_pos=0.2654180018310234
SC_neg=0.7345819981689766
SC_avg=-0.0005196910251110684
SC_std=0.002719596000386737
SC_avg_abs=0.0018674711435838333
SC_std_abs=0.0020442193362705022
---
run_4
TV=7801.74
FD=6.857959
IGSD=[33.185,32.914,34.566,35.036,35.792,39.66]
SC_pos=0.22567870408793883
SC_neg=0.7743212959120611
SC_avg=-0.0006561218093270232
SC_std=0.004233774664740345
SC_avg_abs=0.0024191681966570684
SC_std_abs=0.0035359537577229166
---
combined
TV_avg=7954.8542
TV_std=771.3171395511447
FD_avg=6.6897444
FD_std=0.5435682893460949
IGSD_avg=36.33043333333333
IGSD_std=3.8944763506221936
SC_pos_avg=0.2525075676290485
SC_neg_avg=0.7474924323709515
SC_avg=-0.0007057356097497069
SC_std=0.003584395209666713
SC_avg_abs=0.0023490827901930344
SC_std_abs=0.002797813756269239