conf_id=27
---
run_0
TV=12242.46
FD=12.23811
IGSD=[26.475,20.333,21.111,24.054,29.895,23.594]
SC_pos=0.27062123237111724
SC_neg=0.7293787676288828
SC_avg=-0.0014960300025420596
SC_std=0.007020454439470993
SC_avg_abs=0.005024540709422467
SC_std_abs=0.005126292711555824
---
run_1
TV=11217.209
FD=12.412492
IGSD=[24.677,24.093,25.824,25.486,25.371,26.526]
SC_pos=0.22934841631396644
SC_neg=0.7706515836860336
SC_avg=-0.0012933934755372128
SC_std=0.007215119691080775
SC_avg_abs=0.004648090896119092
SC_std_abs=0.005667986402647643
---
run_2
TV=8025.283
FD=7.027545
IGSD=[31.754,37.707,39.508,38.958,37.276,34.834]
SC_pos=0.2831224521210597
SC_neg=0.7168775478789403
SC_avg=-0.0005151067028163515
SC_std=0.0032357739596999536
SC_avg_abs=0.002194757245152749
SC_std_abs=0.0024328190784372295
---
run_3
TV=13660.644
FD=13.367625
IGSD=[20.975,20.003,18.077,19.917,32.173,20.218]
SC_pos=0.27850014367670234
SC_neg=0.7214998563232976
SC_avg=-0.0012335096429206146
SC_std=0.008122953701089876
SC_avg_abs=0.005463044485423767
SC_std_abs=0.006136698446193093
---
run_4
TV=13657.402
FD=17.19134
IGSD=[21.447,21.711,22.949,22.017,21.355,20.207]
SC_pos=0.26573125226210526
SC_neg=0.7342687477378947
SC_avg=-0.0018687544351693413
SC_std=0.008636929247924823
SC_avg_abs=0.006358332250986472
SC_std_abs=0.006136807065460796
---
combined
TV_avg=11760.599600000001
TV_std=2082.694454696089
FD_avg=12.447422399999999
FD_std=3.248742214005451
IGSD_avg=25.950833333333335
IGSD_std=6.23153133177463
SC_pos_avg=0.2654646993489902
SC_neg_avg=0.7345353006510098
SC_avg=-0.0012813588517971175
SC_std=0.007118631659025405
SC_avg_abs=0.004737753117420917
SC_std_abs=0.005465390434573376