conf_id=168
---
run_0
TV=11024.908
FD=11.094983
IGSD=[25.659,25.359,25.673,26.218,27.657,28.044]
SC_pos=0.26086861941294964
SC_neg=0.7391313805870504
SC_avg=-0.0012201686882643665
SC_std=0.006349071644758847
SC_avg_abs=0.004368891171491474
SC_std_abs=0.004765743626105524
---
run_1
TV=10473.812
FD=10.393675
IGSD=[24.524,24.262,25.897,27.976,31.6,28.003]
SC_pos=0.24567162280504573
SC_neg=0.7543283771949543
SC_avg=-0.001034156202412487
SC_std=0.006370188366696482
SC_avg_abs=0.003921054177680358
SC_std_abs=0.005125828032023593
---
run_2
TV=11505.16
FD=11.753652
IGSD=[24.171,24.5,23.279,19.881,28.554,32.536]
SC_pos=0.2673749883204411
SC_neg=0.7326250116795588
SC_avg=-0.001258466599693829
SC_std=0.006235373390237114
SC_avg_abs=0.004147730813009099
SC_std_abs=0.004822856892033695
---
run_3
TV=12836.481
FD=12.735515
IGSD=[21.602,23.858,22.125,21.611,20.358,20.081]
SC_pos=0.19802337320577632
SC_neg=0.8019766267942237
SC_avg=-0.001653895903168217
SC_std=0.010811102831314017
SC_avg_abs=0.006124450193082735
SC_std_abs=0.009061259621057739
---
run_4
TV=14521.623
FD=14.246066
IGSD=[21.11,21.147,17.989,19.093,20.836,21.944]
SC_pos=0.2722566813810118
SC_neg=0.7277433186189882
SC_avg=-0.0020974645101336986
SC_std=0.008241792159009552
SC_avg_abs=0.006184630794164298
SC_std_abs=0.005837536920950182
---
combined
TV_avg=12072.3968
TV_std=1453.0655442647314
FD_avg=12.0447782
FD_std=1.3443059524247303
IGSD_avg=24.184900000000003
IGSD_std=3.5612646569254958
SC_pos_avg=0.2488390570250449
SC_neg_avg=0.7511609429749551
SC_avg=-0.0014528303807345199
SC_std=0.007814091778702448
SC_avg_abs=0.004949351429885585
SC_std_abs=0.006218895952229757