conf_id=131
---
run_0
TV=6615.348
FD=5.047714
IGSD=[48.147,40.934,40.698,43.298,39.328,42.813]
SC_pos=0.2437919130423433
SC_neg=0.7562080869576567
SC_avg=-0.0004766572239471092
SC_std=0.002842610615326166
SC_avg_abs=0.0016468804945960192
SC_std_abs=0.0023654644059941275
---
run_1
TV=10549.998
FD=9.407944
IGSD=[31.567,28.429,26.558,32.125,27.985,26.477]
SC_pos=0.28359999328749075
SC_neg=0.7164000067125093
SC_avg=-0.0012398979923052991
SC_std=0.0048973809027431725
SC_avg_abs=0.003958850489821793
SC_std_abs=0.0031383418451650484
---
run_2
TV=9387.635
FD=7.957082
IGSD=[30.938,29.829,29.591,30.703,28.949,30.042]
SC_pos=0.24754760339594958
SC_neg=0.7524523966040504
SC_avg=-0.0010757583362765773
SC_std=0.005766260198885539
SC_avg_abs=0.0036138936373928563
SC_std_abs=0.00462025815912179
---
run_3
TV=7963.343
FD=6.757136
IGSD=[35.554,33.512,32.19,36.644,41.992,37.254]
SC_pos=0.2645225862469387
SC_neg=0.7354774137530613
SC_avg=-0.0005734425197520285
SC_std=0.003918812107510384
SC_avg_abs=0.002388005600639446
SC_std_abs=0.0031596445858267353
---
run_4
TV=7295.849
FD=5.787495
IGSD=[40.006,37.637,40.808,45.058,40.145,37.525]
SC_pos=0.26878440808409865
SC_neg=0.7312155919159014
SC_avg=-0.00051354895456978
SC_std=0.0027890064291429244
SC_avg_abs=0.0018517072666875771
SC_std_abs=0.002147898877749302
---
combined
TV_avg=8362.4346
TV_std=1427.2813334726409
FD_avg=6.991474199999999
FD_std=1.5527014354890514
IGSD_avg=35.55786666666667
IGSD_std=5.930622343584375
SC_pos_avg=0.26164930081136417
SC_neg_avg=0.7383506991886358
SC_avg=-0.0007758610053701609
SC_std=0.004217931938436233
SC_avg_abs=0.002691867497827545
SC_std_abs=0.0033386763112158878