conf_id=239
---
run_0
TV=8725.504
FD=7.808748
IGSD=[33.273,32.822,32.357,31.031,32.245,32.766]
SC_pos=0.24555954047487688
SC_neg=0.7544404595251232
SC_avg=-0.0009541072156057216
SC_std=0.0043204744944405
SC_avg_abs=0.0029416129270756707
SC_std_abs=0.003305107233244197
---
run_1
TV=7424.197
FD=6.309274
IGSD=[36.072,35.865,38.25,38.116,39.426,42.413]
SC_pos=0.24755319715364746
SC_neg=0.7524468028463526
SC_avg=-0.000533014027226523
SC_std=0.003081722173400272
SC_avg_abs=0.0020211359858443765
SC_std_abs=0.002386655575061474
---
run_2
TV=7921.642
FD=6.859947
IGSD=[34.773,34.919,34.64,36.137,35.046,34.208]
SC_pos=0.2352910587512371
SC_neg=0.7647089412487629
SC_avg=-0.0007242965298520186
SC_std=0.004185717823889547
SC_avg_abs=0.0026433746539407475
SC_std_abs=0.0033252683505675088
---
run_3
TV=7008.328
FD=5.854755
IGSD=[39.377,40.573,38.831,42.868,38.75,38.997]
SC_pos=0.23625981471402743
SC_neg=0.7637401852859725
SC_avg=-0.0005624698577983749
SC_std=0.003091243091146143
SC_avg_abs=0.0019082521694947074
SC_std_abs=0.002496142994122982
---
run_4
TV=6122.88
FD=5.018142
IGSD=[42.952,41.228,41.536,44.35,43.394,44.794]
SC_pos=0.2072277979095506
SC_neg=0.7927722020904494
SC_avg=-0.0005010903528290188
SC_std=0.0028671864910974
SC_avg_abs=0.0016633743066593774
SC_std_abs=0.002388521683463469
---
combined
TV_avg=7440.5102
TV_std=872.455591242649
FD_avg=6.370173200000001
FD_std=0.9388001735818756
IGSD_avg=37.73363333333332
IGSD_std=3.971006694221952
SC_pos_avg=0.2343782818006679
SC_neg_avg=0.7656217181993321
SC_avg=-0.0006549955966623314
SC_std=0.003566558146316873
SC_avg_abs=0.0022355500086029766
SC_std_abs=0.002855113378088781