conf_id=114
---
run_0
TV=8491.302
FD=7.588745
IGSD=[34.871,36.424,32.449,31.073,36.817,34.222]
SC_pos=0.2653291232364902
SC_neg=0.7346708767635098
SC_avg=-0.0007566202665564172
SC_std=0.003639584709191334
SC_avg_abs=0.0026047999226715096
SC_std_abs=0.0026521818274759705
---
run_1
TV=8609.716
FD=7.429705
IGSD=[34.259,28.907,28.933,33.98,30.11,34.046]
SC_pos=0.23097412804194242
SC_neg=0.7690258719580576
SC_avg=-0.0007779232027407491
SC_std=0.004666791575067196
SC_avg_abs=0.002743426690666273
SC_std_abs=0.003854571066593591
---
run_2
TV=9700.736
FD=8.464534
IGSD=[25.907,27.55,26.187,29.607,28.934,41.472]
SC_pos=0.2598271446000867
SC_neg=0.7401728553999133
SC_avg=-0.0007757006446371023
SC_std=0.0047418594232321734
SC_avg_abs=0.0029217605761981545
SC_std_abs=0.003814479966543328
---
run_3
TV=13260.756
FD=13.74541
IGSD=[25.488,18.182,19.189,21.852,26.596,20.413]
SC_pos=0.25898373024497134
SC_neg=0.7410162697550287
SC_avg=-0.0016115521353650792
SC_std=0.007927524672050117
SC_avg_abs=0.0054295617979595485
SC_std_abs=0.005996883056480376
---
run_4
TV=9515.302
FD=9.520338
IGSD=[26.6,30.777,32.324,31.332,29.893,32.493]
SC_pos=0.2704733085564397
SC_neg=0.7295266914435603
SC_avg=-0.0008898300094315959
SC_std=0.004287459278992342
SC_avg_abs=0.003066296339228801
SC_std_abs=0.0031260088411158766
---
combined
TV_avg=9915.5624
TV_std=1739.564974286801
FD_avg=9.3497464
FD_std=2.3204415907316087
IGSD_avg=29.69623333333334
IGSD_std=5.256464405430285
SC_pos_avg=0.2571174869359861
SC_neg_avg=0.7428825130640139
SC_avg=-0.000962325251746189
SC_std=0.005277814021966552
SC_avg_abs=0.0033531690653448485
SC_std_abs=0.004187797507023162