conf_id=63
---
run_0
TV=10108.418
FD=11.269315
IGSD=[30.496,30.216,28.949,29.891,26.524,30.002]
SC_pos=0.2731206061810194
SC_neg=0.7268793938189806
SC_avg=-0.0009193201257042322
SC_std=0.005164818115797702
SC_avg_abs=0.0037155430780434467
SC_std_abs=0.0037034086053256963
---
run_1
TV=9253.774
FD=10.301541
IGSD=[30.867,33.1,30.72,30.213,34.023,32.647]
SC_pos=0.2730435366305151
SC_neg=0.7269564633694849
SC_avg=-0.0006898683899050596
SC_std=0.004139990227467348
SC_avg_abs=0.002989328224851112
SC_std_abs=0.002946074378393025
---
run_2
TV=10427.579
FD=10.974171
IGSD=[30.14,25.564,26.445,29.547,30.832,28.834]
SC_pos=0.2674910069986196
SC_neg=0.7325089930013804
SC_avg=-0.0011168790128639596
SC_std=0.005096633443172053
SC_avg_abs=0.0038816364518974677
SC_std_abs=0.0034865440824312873
---
run_3
TV=11498.259
FD=12.838405
IGSD=[24.46,30.491,23.501,26.906,25.319,23.256]
SC_pos=0.27195275387942636
SC_neg=0.7280472461205737
SC_avg=-0.0010923152119081975
SC_std=0.0063031656734583085
SC_avg_abs=0.004443526733641711
SC_std_abs=0.004601969165111887
---
run_4
TV=10251.041
FD=10.282301
IGSD=[28.812,26.483,27.199,25.983,33.141,32.943]
SC_pos=0.2727054250541093
SC_neg=0.7272945749458908
SC_avg=-0.0010647565239769823
SC_std=0.004243340585242845
SC_avg_abs=0.0033582571837019377
SC_std_abs=0.002803882034935659
---
combined
TV_avg=10307.814199999999
TV_std=719.0945992280572
FD_avg=11.1331466
FD_std=0.9345830508109162
IGSD_avg=28.91679999999999
IGSD_std=2.9064688816500337
SC_pos_avg=0.27166266574873793
SC_neg_avg=0.728337334251262
SC_avg=-0.0009766278528716876
SC_std=0.00505277567911092
SC_avg_abs=0.003677658334427126
SC_std_abs=0.003599885165062664