conf_id=282
---
run_0
TV=10484.311
FD=11.490775
IGSD=[30.349,26.267,25.462,25.499,28.246,37.267]
SC_pos=0.27276882097468536
SC_neg=0.7272311790253146
SC_avg=-0.0010470684097055808
SC_std=0.004786853093063286
SC_avg_abs=0.003629674366676639
SC_std_abs=0.003291774412237792
---
run_1
TV=11032.245
FD=13.26666
IGSD=[26.878,25.235,26.273,25.909,28.871,28.021]
SC_pos=0.2674941146417851
SC_neg=0.7325058853582149
SC_avg=-0.0011657358163604714
SC_std=0.006262448511611786
SC_avg_abs=0.004581397777244604
SC_std_abs=0.004425832775963473
---
run_2
TV=10713.341
FD=10.905116
IGSD=[27.331,29.222,26.236,29.418,27.519,27.866]
SC_pos=0.2796385769563287
SC_neg=0.7203614230436713
SC_avg=-0.001024537944219663
SC_std=0.004518779921934567
SC_avg_abs=0.003533138922778579
SC_std_abs=0.0029976623115974678
---
run_3
TV=10957.367
FD=12.142773
IGSD=[24.724,26.75,29.416,24.482,31.593,26.112]
SC_pos=0.275760859814424
SC_neg=0.724239140185576
SC_avg=-0.0011516648052162402
SC_std=0.005960184415502325
SC_avg_abs=0.004445751704035652
SC_std_abs=0.004133451569382992
---
run_4
TV=11263.36
FD=12.790357
IGSD=[26.047,27.243,26.127,24.011,26.786,27.359]
SC_pos=0.28345041206312493
SC_neg=0.7165495879368751
SC_avg=-0.0011232383801106345
SC_std=0.006912802014341994
SC_avg_abs=0.005018710468352058
SC_std_abs=0.004884776492624587
---
combined
TV_avg=10890.124800000001
TV_std=268.31382053140715
FD_avg=12.1191362
FD_std=0.8528293822221186
IGSD_avg=27.417300000000004
IGSD_std=2.517552901132368
SC_pos_avg=0.2758225568900696
SC_neg_avg=0.7241774431099304
SC_avg=-0.0011024490711225227
SC_std=0.005759830250826022
SC_avg_abs=0.004241734647817518
SC_std_abs=0.004049534004086637