conf_id=217
---
run_0
TV=8536.124
FD=7.395935
IGSD=[35.867,33.322,32.101,35.295,33.71,32.113]
SC_pos=0.25698613721819114
SC_neg=0.7430138627818088
SC_avg=-0.0008618615574621344
SC_std=0.0039801664880028745
SC_avg_abs=0.002789776201917725
SC_std_abs=0.0029667624373491226
---
run_1
TV=6808.515
FD=5.910766
IGSD=[44.225,42.444,42.124,39.848,39.743,37.929]
SC_pos=0.2368113177877973
SC_neg=0.7631886822122027
SC_avg=-0.0004911186980984787
SC_std=0.003022041656384473
SC_avg_abs=0.0018642962799341764
SC_std_abs=0.0024286483337792085
---
run_2
TV=6806.322
FD=5.529263
IGSD=[38.688,47.631,46.009,40.139,41.453,43.07]
SC_pos=0.26216989319444794
SC_neg=0.737830106805552
SC_avg=-0.0004945028069523097
SC_std=0.0024619777380199487
SC_avg_abs=0.0016949763230636383
SC_std_abs=0.0018528147972323647
---
run_3
TV=8668.526
FD=7.421762
IGSD=[36.959,32.735,31.605,32.85,33.964,33.14]
SC_pos=0.24618562698461863
SC_neg=0.7538143730153813
SC_avg=-0.0009083636970315987
SC_std=0.003941174795956866
SC_avg_abs=0.0027221461630131502
SC_std_abs=0.0029913046728080608
---
run_4
TV=7484.743
FD=6.070686
IGSD=[37.092,34.926,33.88,39.016,46.087,41.562]
SC_pos=0.25023115685746006
SC_neg=0.7497688431425399
SC_avg=-0.0006088712930981346
SC_std=0.002812603438368908
SC_avg_abs=0.0018975563840461568
SC_std_abs=0.0021635022815909557
---
combined
TV_avg=7660.8460000000005
TV_std=808.6064835790025
FD_avg=6.4656824
FD_std=0.7899738933713188
IGSD_avg=37.98423333333333
IGSD_std=4.639122378807823
SC_pos_avg=0.250476826408503
SC_neg_avg=0.749523173591497
SC_avg=-0.0006729436105285314
SC_std=0.0033057377872506726
SC_avg_abs=0.0021937502703949633
SC_std_abs=0.002562852936114388