conf_id=300
---
run_0
TV=11119.426
FD=11.877093
IGSD=[24.624,23.941,29.755,27.319,26.552,24.63]
SC_pos=0.24844674815183282
SC_neg=0.7515532518481672
SC_avg=-0.0012320295715598048
SC_std=0.00642759406821938
SC_avg_abs=0.004388557186224852
SC_std_abs=0.004855144508069861
---
run_1
TV=11510.9
FD=13.784554
IGSD=[24.336,27.042,27.047,26.22,24.979,25.632]
SC_pos=0.2766724351429692
SC_neg=0.7233275648570308
SC_avg=-0.0012180428558114737
SC_std=0.005636037863072385
SC_avg_abs=0.004230603423396186
SC_std_abs=0.003917977267229536
---
run_2
TV=10644.753
FD=10.5259
IGSD=[29.825,27.622,27.185,30.736,23.763,26.348]
SC_pos=0.2675028160426485
SC_neg=0.7324971839573515
SC_avg=-0.0008788402046445606
SC_std=0.004936251564903903
SC_avg_abs=0.00344544523768748
SC_std_abs=0.0036425055568128665
---
run_3
TV=10712.508
FD=11.358482
IGSD=[23.451,31.604,26.854,23.804,32.912,30.858]
SC_pos=0.28393769051147455
SC_neg=0.7160623094885255
SC_avg=-0.0010453707388183061
SC_std=0.005231936993996376
SC_avg_abs=0.003882540115499866
SC_std_abs=0.0036594872512771
---
run_4
TV=10709.374
FD=12.398919
IGSD=[25.97,31.115,28.558,26.501,27.324,26.873]
SC_pos=0.2706253758953379
SC_neg=0.7293746241046621
SC_avg=-0.0011954068464163309
SC_std=0.005109820788176472
SC_avg_abs=0.003976280107940953
SC_std_abs=0.00342468429478289
---
combined
TV_avg=10939.392199999998
TV_std=331.73194157958295
FD_avg=11.9889896
FD_std=1.090209657626385
IGSD_avg=27.112666666666666
IGSD_std=2.5147214734218357
SC_pos_avg=0.2694370131488526
SC_neg_avg=0.7305629868511474
SC_avg=-0.0011139380434500928
SC_std=0.005495821941514106
SC_avg_abs=0.0039846852141498645
SC_std_abs=0.003945529181441793