conf_id=190
---
run_0
TV=8996.921
FD=7.494039
IGSD=[28.097,30.022,38.678,37.404,28.071,29.632]
SC_pos=0.2639199106490437
SC_neg=0.7360800893509563
SC_avg=-0.0007441253684543002
SC_std=0.004270893121780679
SC_avg_abs=0.0027896790668952773
SC_std_abs=0.0033184245245864883
---
run_1
TV=9853.015
FD=9.020686
IGSD=[26.793,31.876,28.112,23.323,28.88,32.659]
SC_pos=0.24347224014871938
SC_neg=0.7565277598512806
SC_avg=-0.0009200574403080215
SC_std=0.006078522168642292
SC_avg_abs=0.0033855470023323488
SC_std_abs=0.005131569832238512
---
run_2
TV=10612.302
FD=9.468655
IGSD=[28.733,26.532,28.29,27.332,23.694,23.454]
SC_pos=0.21026873033509302
SC_neg=0.789731269664907
SC_avg=-0.001181287867373848
SC_std=0.006695119514147089
SC_avg_abs=0.004027581627616668
SC_std_abs=0.0054771025704474915
---
run_3
TV=9330.47
FD=8.233966
IGSD=[30.24,28.777,29.959,29.852,32.735,31.73]
SC_pos=0.24898374889083036
SC_neg=0.7510162511091696
SC_avg=-0.001043068748553865
SC_std=0.004800048088539758
SC_avg_abs=0.003077285401691746
SC_std_abs=0.0038286771374769625
---
run_4
TV=8849.786
FD=8.106498
IGSD=[34.744,30.063,30.902,32.003,34.808,35.309]
SC_pos=0.2593970467859822
SC_neg=0.7406029532140178
SC_avg=-0.0009280799553453128
SC_std=0.00426233878944162
SC_avg_abs=0.0029938675657492056
SC_std_abs=0.0031726363419477006
---
combined
TV_avg=9528.4988
TV_std=642.2431888870132
FD_avg=8.4647688
FD_std=0.6986809971703538
IGSD_avg=30.090133333333334
IGSD_std=3.6724887450096046
SC_pos_avg=0.24520833536193373
SC_neg_avg=0.7547916646380662
SC_avg=-0.0009633238760070725
SC_std=0.00531651405301783
SC_avg_abs=0.003254792132857045
SC_std_abs=0.004312730311289269