conf_id=135
---
run_0
TV=8251.199
FD=6.392868
IGSD=[33.469,37.636,33.887,37.41,35.557,33.416]
SC_pos=0.24946564075769312
SC_neg=0.7505343592423068
SC_avg=-0.0007167712230013256
SC_std=0.0034947412139389586
SC_avg_abs=0.0023723412286793606
SC_std_abs=0.002664390030238531
---
run_1
TV=8716.671
FD=7.890669
IGSD=[30.73,36.976,34.509,33.367,31.909,34.908]
SC_pos=0.27422899891004593
SC_neg=0.7257710010899541
SC_avg=-0.0007816097298867696
SC_std=0.0035147332332447962
SC_avg_abs=0.0024366370855571115
SC_std_abs=0.0026508608382970348
---
run_2
TV=7017.363
FD=5.518702
IGSD=[39.723,39.162,38.873,42.058,40.372,43.949]
SC_pos=0.24476522688177635
SC_neg=0.7552347731182236
SC_avg=-0.0005546683498320322
SC_std=0.0029094645846094707
SC_avg_abs=0.0018445465268629164
SC_std_abs=0.0023173884563534235
---
run_3
TV=6819.791
FD=5.611141
IGSD=[43.177,42.76,40.935,42.401,42.581,42.681]
SC_pos=0.24810739351816075
SC_neg=0.7518926064818392
SC_avg=-0.0005381731121669493
SC_std=0.0025455495239782976
SC_avg_abs=0.001738332918986849
SC_std_abs=0.001935885156834531
---
run_4
TV=7946.486
FD=7.417491
IGSD=[34.621,35.56,35.631,35.813,34.059,34.738]
SC_pos=0.2389100128055616
SC_neg=0.7610899871944384
SC_avg=-0.0007933282729221064
SC_std=0.004199892500684838
SC_avg_abs=0.0026484717382310487
SC_std_abs=0.003354707769347083
---
combined
TV_avg=7750.302000000001
TV_std=724.7489647413097
FD_avg=6.566174200000001
FD_std=0.9506154039381857
IGSD_avg=37.42893333333333
IGSD_std=3.7690950809032246
SC_pos_avg=0.25109545457464755
SC_neg_avg=0.7489045454253525
SC_avg=-0.0006769101375618366
SC_std=0.003382625150045436
SC_avg_abs=0.0022080658996634535
SC_std_abs=0.0026504349120092174