conf_id=189
---
run_0
TV=11264.28
FD=12.094698
IGSD=[22.698,23.473,23.537,26.406,25.717,25.147]
SC_pos=0.24070933819838325
SC_neg=0.7592906618016168
SC_avg=-0.0012305699313065355
SC_std=0.00786412102787501
SC_avg_abs=0.004531167153166402
SC_std_abs=0.006544251380178456
---
run_1
TV=10481.701
FD=10.529654
IGSD=[29.578,25.956,27.341,27.622,26.178,25.973]
SC_pos=0.24929016250694816
SC_neg=0.7507098374930519
SC_avg=-0.0010627121454843246
SC_std=0.006267141549983057
SC_avg_abs=0.003961476226925085
SC_std_abs=0.004971229869478105
---
run_2
TV=12346.124
FD=11.877768
IGSD=[21.222,22.514,26.623,23.445,23.979,24.478]
SC_pos=0.280927212988954
SC_neg=0.719072787011046
SC_avg=-0.0011384602653908245
SC_std=0.00638263947731893
SC_avg_abs=0.004584619233508198
SC_std_abs=0.00458426056818878
---
run_3
TV=12686.491
FD=14.822088
IGSD=[24.749,21.298,21.374,22.186,27.58,23.688]
SC_pos=0.2710194250487227
SC_neg=0.7289805749512773
SC_avg=-0.0017882679598832342
SC_std=0.007775506893188898
SC_avg_abs=0.00602892381083998
SC_std_abs=0.00522575233104859
---
run_4
TV=13339.203
FD=17.232399
IGSD=[21.227,20.349,20.306,19.763,23.553,23.825]
SC_pos=0.23900800715338022
SC_neg=0.7609919928466198
SC_avg=-0.001648502506221665
SC_std=0.010606877127768947
SC_avg_abs=0.0064043344957250056
SC_std_abs=0.008614400883606117
---
combined
TV_avg=12023.559799999999
TV_std=1022.5729159905225
FD_avg=13.311321400000002
FD_std=2.4054183269111094
IGSD_avg=24.059500000000003
IGSD_std=2.4572571124460434
SC_pos_avg=0.25619082917927766
SC_neg_avg=0.7438091708207224
SC_avg=-0.001373702561657317
SC_std=0.00794032517849679
SC_avg_abs=0.005102104184032926
SC_std_abs=0.006237335614142269