conf_id=18
---
run_0
TV=13347.918
FD=12.969478
IGSD=[19.43,19.841,29.382,22.173,19.994,17.319]
SC_pos=0.2666509074628808
SC_neg=0.7333490925371192
SC_avg=-0.0011450024154629652
SC_std=0.009831995969884138
SC_avg_abs=0.005876608968679613
SC_std_abs=0.007965214517667936
---
run_1
TV=7380.623
FD=6.410321
IGSD=[33.182,36.177,36.017,35.149,38.665,35.877]
SC_pos=0.21418456789982782
SC_neg=0.7858154321001721
SC_avg=-0.0005174379803438092
SC_std=0.004877958083627818
SC_avg_abs=0.002421270830602422
SC_std_abs=0.004266106502890674
---
run_2
TV=12357.686
FD=11.404231
IGSD=[24.925,23.457,22.277,23.863,23.433,24.533]
SC_pos=0.24707959233522603
SC_neg=0.752920407664774
SC_avg=-0.0016416991065891845
SC_std=0.006822496063447154
SC_avg_abs=0.0049550764888503926
SC_std_abs=0.004968787123833102
---
run_3
TV=10020.715
FD=7.79438
IGSD=[29.376,29.431,27.068,29.555,28.137,27.309]
SC_pos=0.22514191052515234
SC_neg=0.7748580894748477
SC_avg=-0.0011426982408120384
SC_std=0.0057991971347984
SC_avg_abs=0.0035733902146866067
SC_std_abs=0.004708219307911529
---
run_4
TV=7339.744
FD=6.34162
IGSD=[33.609,35.714,33.963,37.453,45.664,38.574]
SC_pos=0.23224246080588645
SC_neg=0.7677575391941135
SC_avg=-0.0005496076759486801
SC_std=0.0038612678403923562
SC_avg_abs=0.002145338921436145
SC_std_abs=0.0032571427424786204
---
combined
TV_avg=10089.337199999998
TV_std=2476.5241568654565
FD_avg=8.984005999999999
FD_std=2.7115583853388077
IGSD_avg=29.3849
IGSD_std=6.932240861126124
SC_pos_avg=0.23705988780579468
SC_neg_avg=0.7629401121942053
SC_avg=-0.0009992890838313357
SC_std=0.006579331761659238
SC_avg_abs=0.0037943370848510195
SC_std_abs=0.005467100802945439