conf_id=151
---
run_0
TV=10954.98
FD=10.803496
IGSD=[27.703,26.016,25.562,26.35,26.035,27.907]
SC_pos=0.2452170781980393
SC_neg=0.7547829218019607
SC_avg=-0.0012458619440575385
SC_std=0.006300774758967263
SC_avg_abs=0.004300206651036199
SC_std_abs=0.004770760663172475
---
run_1
TV=7255.685
FD=6.268633
IGSD=[39.295,39.219,36.762,39.338,36.75,38.697]
SC_pos=0.2314241147723061
SC_neg=0.7685758852276939
SC_avg=-0.0006119260158448733
SC_std=0.003950077647484668
SC_avg_abs=0.0021644148076198073
SC_std_abs=0.0033604873769413107
---
run_2
TV=8008.658
FD=6.877953
IGSD=[37.162,34.437,31.949,34.787,39.912,37.713]
SC_pos=0.24876310622608022
SC_neg=0.7512368937739198
SC_avg=-0.0006793104385101578
SC_std=0.0035168140839309915
SC_avg_abs=0.002248381952258518
SC_std_abs=0.0027882292892734625
---
run_3
TV=7056.833
FD=5.972503
IGSD=[41.359,44.189,45.135,36.758,35.857,37.857]
SC_pos=0.2514244918330102
SC_neg=0.7485755081669898
SC_avg=-0.00046934665109998945
SC_std=0.003146027014081948
SC_avg_abs=0.001847435151999171
SC_std_abs=0.0025893542846412423
---
run_4
TV=8599.619
FD=7.784818
IGSD=[35.007,37.357,33.108,35.616,31.312,32.632]
SC_pos=0.2685244019392522
SC_neg=0.7314755980607478
SC_avg=-0.0007801132026688484
SC_std=0.0038408783494592626
SC_avg_abs=0.0027654007990884424
SC_std_abs=0.0027773155248772435
---
combined
TV_avg=8375.155
TV_std=1402.240146730509
FD_avg=7.5414806
FD_std=1.7448242409002235
IGSD_avg=35.05936666666666
IGSD_std=5.22005780608691
SC_pos_avg=0.2490706385937376
SC_neg_avg=0.7509293614062624
SC_avg=-0.0007573116504362808
SC_std=0.00430511407669628
SC_avg_abs=0.002665167872400426
SC_std_abs=0.0034647378488393012