conf_id=136
---
run_0
TV=7443.364
FD=6.328254
IGSD=[39.715,37.829,36.995,39.294,41.005,38.946]
SC_pos=0.26229585633075597
SC_neg=0.737704143669244
SC_avg=-0.0005320731534184096
SC_std=0.003443229151610102
SC_avg_abs=0.002162829579970075
SC_std_abs=0.0027315008766413936
---
run_1
TV=5573.045
FD=4.555905
IGSD=[49.904,48.574,46.752,50.114,46.277,49.115]
SC_pos=0.23643239249781792
SC_neg=0.7635676075021821
SC_avg=-0.0003504968770077067
SC_std=0.0028755422893450107
SC_avg_abs=0.0014095815840124435
SC_std_abs=0.0025307452018361438
---
run_2
TV=6839.277
FD=5.687699
IGSD=[42.885,38.276,38.278,43.885,44.668,42.203]
SC_pos=0.2524195591746017
SC_neg=0.7475804408253983
SC_avg=-0.00047734560745345614
SC_std=0.003009106382207591
SC_avg_abs=0.0017852189719570147
SC_std_abs=0.0024689214792217064
---
run_3
TV=7287.59
FD=6.054843
IGSD=[39.445,35.839,36.303,40.841,39.005,36.65]
SC_pos=0.22920981542878535
SC_neg=0.7707901845712146
SC_avg=-0.0005560490601920899
SC_std=0.003481326066714393
SC_avg_abs=0.002014725930430909
SC_std_abs=0.0028930435816584043
---
run_4
TV=7493.481
FD=6.80688
IGSD=[36.297,35.132,34.759,36.693,35.93,35.233]
SC_pos=0.2167274487140469
SC_neg=0.7832725512859531
SC_avg=-0.0007200789755330997
SC_std=0.004266495554016073
SC_avg_abs=0.0024080376969837568
SC_std_abs=0.0035948369216626357
---
combined
TV_avg=6927.3514
TV_std=715.3246118093797
FD_avg=5.8867161999999995
FD_std=0.7590243691053403
IGSD_avg=40.561400000000006
IGSD_std=4.705556896549724
SC_pos_avg=0.23941701442920157
SC_neg_avg=0.7605829855707984
SC_avg=-0.000527208734720951
SC_std=0.003451772730984077
SC_avg_abs=0.0019560787526708423
SC_std_abs=0.002892479896158494