conf_id=54
---
run_0
TV=8900.519
FD=8.585437
IGSD=[32.648,30.044,30.758,30.237,36.307,33.082]
SC_pos=0.24475279630911437
SC_neg=0.7552472036908856
SC_avg=-0.0007763225387751594
SC_std=0.004808744067310527
SC_avg_abs=0.0030564562216451974
SC_std_abs=0.003792726137525728
---
run_1
TV=8512.519
FD=7.57799
IGSD=[28.611,37.924,37.635,31.266,38.616,36.06]
SC_pos=0.28308350299338547
SC_neg=0.7169164970066145
SC_avg=-0.0005105722204048124
SC_std=0.0028585283869393113
SC_avg_abs=0.002040969099368675
SC_std_abs=0.0020655056685008576
---
run_2
TV=8391.243
FD=7.102827
IGSD=[34.096,33.129,34.276,33.124,38.316,36.05]
SC_pos=0.25857849357619084
SC_neg=0.7414215064238092
SC_avg=-0.0007008465096980565
SC_std=0.0033964499542801577
SC_avg_abs=0.0023309454170874107
SC_std_abs=0.002567830131578958
---
run_3
TV=6880.906
FD=5.822903
IGSD=[42.094,38.823,39.389,41.273,38.527,39.77]
SC_pos=0.21822346813391622
SC_neg=0.7817765318660838
SC_avg=-0.0005901002565512302
SC_std=0.0031033545656519133
SC_avg_abs=0.0019116141374203245
SC_std_abs=0.002514907406356968
---
run_4
TV=7760.323
FD=6.397622
IGSD=[36.903,36.028,32.396,37.648,36.251,35.081]
SC_pos=0.22369809951046332
SC_neg=0.7763019004895366
SC_avg=-0.0006067340385270722
SC_std=0.004129773266339737
SC_avg_abs=0.0023012212620269292
SC_std_abs=0.0034824609298708497
---
combined
TV_avg=8089.102000000001
TV_std=706.6543558085524
FD_avg=7.0973558
FD_std=0.9549117400391307
IGSD_avg=35.5454
IGSD_std=3.4202374634909005
SC_pos_avg=0.24566727210461403
SC_neg_avg=0.754332727895386
SC_avg=-0.0006369151127912667
SC_std=0.003729865944928414
SC_avg_abs=0.002328241227509719
SC_std_abs=0.0029827593960228727