conf_id=46
---
run_0
TV=9297.653
FD=8.944799
IGSD=[32.162,32.578,34.484,33.016,28.642,29.434]
SC_pos=0.2697144220954258
SC_neg=0.7302855779045743
SC_avg=-0.0008715193108568479
SC_std=0.0040617348770349915
SC_avg_abs=0.00306126971737518
SC_std_abs=0.0028081780281884847
---
run_1
TV=8398.992
FD=7.469034
IGSD=[35.512,34.302,32.812,37.708,34.918,32.911]
SC_pos=0.2594515341294839
SC_neg=0.7405484658705161
SC_avg=-0.000805565660158491
SC_std=0.0037987560630144547
SC_avg_abs=0.0026419977192044405
SC_std_abs=0.00284593248529093
---
run_2
TV=9557.027
FD=9.052233
IGSD=[30.418,31.985,32.679,28.595,30.248,29.608]
SC_pos=0.2637473328652532
SC_neg=0.7362526671347468
SC_avg=-0.0008699501346170603
SC_std=0.004708003108811324
SC_avg_abs=0.0032364132057890603
SC_std_abs=0.0035281349280734016
---
run_3
TV=9260.093
FD=8.223906
IGSD=[35.486,28.204,31.264,25.82,35.01,30.325]
SC_pos=0.25475070590114507
SC_neg=0.745249294098855
SC_avg=-0.0007247321284936027
SC_std=0.0045191060907473326
SC_avg_abs=0.0027101876643532818
SC_std_abs=0.0036881484977543634
---
run_4
TV=8733.086
FD=7.357597
IGSD=[36.391,30.187,29.908,35.94,31.985,29.075]
SC_pos=0.24029809341948272
SC_neg=0.7597019065805173
SC_avg=-0.0007348768359968294
SC_std=0.004768975629189034
SC_avg_abs=0.002766506043755719
SC_std_abs=0.0039534310194749515
---
combined
TV_avg=9049.3702
TV_std=421.1392577299819
FD_avg=8.2095138
FD_std=0.7106475468386279
IGSD_avg=32.05356666666667
IGSD_std=2.811230213309152
SC_pos_avg=0.2575924176821581
SC_neg_avg=0.7424075823178419
SC_avg=-0.0008013288140245641
SC_std=0.004388141200585643
SC_avg_abs=0.002883274870095533
SC_std_abs=0.003403621172800927