conf_id=115
---
run_0
TV=6333.911
FD=5.09567
IGSD=[44.496,43.412,43.18,43.609,44.583,44.317]
SC_pos=0.23761143231480675
SC_neg=0.7623885676851933
SC_avg=-0.0004832103614718452
SC_std=0.0026547619730036606
SC_avg_abs=0.0016312110403953035
SC_std_abs=0.0021495124862239133
---
run_1
TV=7440.471
FD=6.150814
IGSD=[37.12,36.24,35.226,37.099,38.072,38.611]
SC_pos=0.22773865715424
SC_neg=0.77226134284576
SC_avg=-0.0006825530655479872
SC_std=0.0035282745014446597
SC_avg_abs=0.0021634955913008348
SC_std_abs=0.002869474946964228
---
run_2
TV=7400.724
FD=6.495772
IGSD=[37.552,36.034,37.459,36.936,36.647,36.733]
SC_pos=0.2341580120530976
SC_neg=0.7658419879469024
SC_avg=-0.000681889490549502
SC_std=0.003871648247331201
SC_avg_abs=0.002267378723239716
SC_std_abs=0.0032114836374773077
---
run_3
TV=9352.23
FD=8.547428
IGSD=[33.924,32.198,29.928,29.104,35.53,27.786]
SC_pos=0.2796021139431869
SC_neg=0.7203978860568131
SC_avg=-0.0007616397957863595
SC_std=0.003897582991517977
SC_avg_abs=0.002901424094203988
SC_std_abs=0.002711639094693143
---
run_4
TV=6181.328
FD=4.800987
IGSD=[43.34,44.228,43.001,43.839,47.504,47.428]
SC_pos=0.2277964593171182
SC_neg=0.7722035406828818
SC_avg=-0.00046645250179971236
SC_std=0.0024532833576750845
SC_avg_abs=0.0015070024951718435
SC_std_abs=0.0019912610700324007
---
combined
TV_avg=7341.7328
TV_std=1132.9229687355444
FD_avg=6.2181342
FD_std=1.3247985832408489
IGSD_avg=38.83786666666666
IGSD_std=5.241708059613986
SC_pos_avg=0.2413813349564899
SC_neg_avg=0.7586186650435102
SC_avg=-0.0006151490430310818
SC_std=0.0033396368143264964
SC_avg_abs=0.002094102388862336
SC_std_abs=0.0026732597295638853