conf_id=170
---
run_0
TV=11989.514
FD=12.379526
IGSD=[26.129,24.96,22.122,24.371,22.586,22.916]
SC_pos=0.23712291080919093
SC_neg=0.7628770891908091
SC_avg=-0.0014172180606060259
SC_std=0.007404787426491802
SC_avg_abs=0.004804631774658285
SC_std_abs=0.0058098965027600065
---
run_1
TV=15154.64
FD=17.07856
IGSD=[22.43,17.008,16.951,19.232,23.546,18.057]
SC_pos=0.26435580939705716
SC_neg=0.7356441906029428
SC_avg=-0.002198436062866234
SC_std=0.00996864702476245
SC_avg_abs=0.0070692202606101795
SC_std_abs=0.007364317316207568
---
run_2
TV=11831.084
FD=11.045338
IGSD=[29.355,21.146,21.623,25.35,25.192,21.826]
SC_pos=0.2561114392552098
SC_neg=0.7438885607447902
SC_avg=-0.0014130351962117348
SC_std=0.0070496391222553
SC_avg_abs=0.004663255443957394
SC_std_abs=0.005472488363091089
---
run_3
TV=12683.512
FD=12.759876
IGSD=[21.961,22.945,23.765,21.608,22.561,24.205]
SC_pos=0.22495607346385574
SC_neg=0.7750439265361443
SC_avg=-0.0017247683646366362
SC_std=0.00790000879976405
SC_avg_abs=0.00546426528750199
SC_std_abs=0.005960433693599948
---
run_4
TV=11363.245
FD=11.060122
IGSD=[22.423,32.099,23.663,21.273,27.964,25.21]
SC_pos=0.2656873309053663
SC_neg=0.7343126690946338
SC_avg=-0.0009432686596219336
SC_std=0.006930708369484357
SC_avg_abs=0.00425371358827494
SC_std_abs=0.005552512492195812
---
combined
TV_avg=12604.399000000001
TV_std=1343.6183184979277
FD_avg=12.864684399999998
FD_std=2.216735339401761
IGSD_avg=23.149233333333335
IGSD_std=3.195252568872903
SC_pos_avg=0.24964671276613598
SC_neg_avg=0.7503532872338641
SC_avg=-0.0015393452687885152
SC_std=0.007939798846844662
SC_avg_abs=0.005251017271000559
SC_std_abs=0.006151163077382302