conf_id=242
---
run_0
TV=18820.619
FD=27.656066
IGSD=[16.97,15.284,15.391,18.702,14.51,13.505]
SC_pos=0.2661464333890154
SC_neg=0.7338535666109846
SC_avg=-0.0035175735558787198
SC_std=0.01417237512218631
SC_avg_abs=0.010659084466982813
SC_std_abs=0.009980654219574408
---
run_1
TV=17206.627
FD=22.835914
IGSD=[16.235,18.365,15.106,14.782,16.168,26.345]
SC_pos=0.28529013681709803
SC_neg=0.714709863182902
SC_avg=-0.0021043845359163455
SC_std=0.012898217511025638
SC_avg_abs=0.008953652718553019
SC_std_abs=0.009519692864388033
---
run_2
TV=19768.915
FD=27.060634
IGSD=[17.414,13.897,13.285,16.678,13.933,14.417]
SC_pos=0.25204457023263194
SC_neg=0.7479554297673681
SC_avg=-0.004003460083005845
SC_std=0.01540468319746943
SC_avg_abs=0.01141615361691554
SC_std_abs=0.011090689502713715
---
run_3
TV=17943.265
FD=23.729547
IGSD=[18.761,13.948,13.696,15.642,22.165,14.755]
SC_pos=0.26323125692357
SC_neg=0.73676874307643
SC_avg=-0.0028907497507939762
SC_std=0.013696263242779413
SC_avg_abs=0.009550828654383234
SC_std_abs=0.010233559153678556
---
run_4
TV=17665.054
FD=23.38894
IGSD=[18.252,15.457,13.588,14.258,19.277,20.671]
SC_pos=0.27733643489932996
SC_neg=0.72266356510067
SC_avg=-0.0029147027982253646
SC_std=0.01152436260535162
SC_avg_abs=0.008657884090360555
SC_std_abs=0.008145395566790557
---
combined
TV_avg=18280.896
TV_std=911.3518976307671
FD_avg=24.934220200000002
FD_std=2.0085864448450703
IGSD_avg=16.381899999999998
IGSD_std=2.902917926845332
SC_pos_avg=0.26880976645232907
SC_neg_avg=0.731190233547671
SC_avg=-0.003086174144764053
SC_std=0.01361603524637122
SC_avg_abs=0.009847520709439048
SC_std_abs=0.009896828914324182