conf_id=125
---
run_0
TV=9509.086
FD=8.165299
IGSD=[33.054,31.874,27.572,28.811,26.232,37.694]
SC_pos=0.27546915570928954
SC_neg=0.7245308442907105
SC_avg=-0.0007821132982463282
SC_std=0.004136868545612363
SC_avg_abs=0.002933397642728372
SC_std_abs=0.0030200266297843044
---
run_1
TV=8992.267
FD=7.39411
IGSD=[30.75,31.125,37.99,30.801,30.097,34.974]
SC_pos=0.265434575927906
SC_neg=0.734565424072094
SC_avg=-0.0008404071777302429
SC_std=0.004119416656188699
SC_avg_abs=0.0028908484439523073
SC_std_abs=0.003052682932399611
---
run_2
TV=10267.924
FD=8.838475
IGSD=[19.104,32.802,49.071,32.4,24.621,24.743]
SC_pos=0.2721356904737685
SC_neg=0.7278643095262315
SC_avg=-0.00094154335145502
SC_std=0.003820698610962282
SC_avg_abs=0.0028510983406717827
SC_std_abs=0.0027120988201569784
---
run_3
TV=10252.792
FD=10.374519
IGSD=[29.487,28.194,29.106,29.337,24.69,26.647]
SC_pos=0.25603602711439377
SC_neg=0.7439639728856062
SC_avg=-0.0010437454533681568
SC_std=0.005808848642227028
SC_avg_abs=0.0038195812810363364
SC_std_abs=0.004499213926597212
---
run_4
TV=10077.439
FD=10.202038
IGSD=[29.018,25.731,26.117,29.132,28.278,27.528]
SC_pos=0.2518295213255797
SC_neg=0.7481704786744203
SC_avg=-0.0012622310717875186
SC_std=0.006900078954373371
SC_avg_abs=0.004286826940750382
SC_std_abs=0.005552245638949069
---
combined
TV_avg=9819.901600000001
TV_std=497.19795857046745
FD_avg=8.9948882
FD_std=1.1520213504475338
IGSD_avg=29.89933333333333
IGSD_std=5.244692525676685
SC_pos_avg=0.2641809941101875
SC_neg_avg=0.7358190058898125
SC_avg=-0.0009740080705174538
SC_std=0.005102518741030756
SC_avg_abs=0.003356350529827832
SC_std_abs=0.00396475728701362