conf_id=140
---
run_0
TV=11617.078
FD=12.114638
IGSD=[25.47,25.877,24.777,24.922,25.058,24.82]
SC_pos=0.26998416552219073
SC_neg=0.7300158344778093
SC_avg=-0.001335059921758012
SC_std=0.00713029819081974
SC_avg_abs=0.005072740329055965
SC_std_abs=0.005185638132251511
---
run_1
TV=10903.628
FD=12.950261
IGSD=[26.535,28.181,28.518,27.321,25.571,25.1]
SC_pos=0.2695118037610355
SC_neg=0.7304881962389645
SC_avg=-0.0011129350960543832
SC_std=0.007069220640521609
SC_avg_abs=0.004727917356144674
SC_std_abs=0.005372085485718963
---
run_2
TV=9984.649
FD=9.632714
IGSD=[26.679,29.038,25.093,27.752,40.035,31.896]
SC_pos=0.2687278489784866
SC_neg=0.7312721510215134
SC_avg=-0.0008475173314021903
SC_std=0.004972702276795002
SC_avg_abs=0.0034147885337484103
SC_std_abs=0.00371285238468346
---
run_3
TV=13326.849
FD=14.462547
IGSD=[22.514,20.208,19.837,22.607,20.413,21.317]
SC_pos=0.27145884579232366
SC_neg=0.7285411542076763
SC_avg=-0.0020141702841577395
SC_std=0.01161456156637299
SC_avg_abs=0.007762364342586628
SC_std_abs=0.008871337110356717
---
run_4
TV=11151.593
FD=12.5823
IGSD=[26.572,27.065,23.674,24.395,28.508,26.14]
SC_pos=0.2724002544952576
SC_neg=0.7275997455047424
SC_avg=-0.0011454488298548932
SC_std=0.006201427302193118
SC_avg_abs=0.0043927621183668395
SC_std_abs=0.004524753537778978
---
combined
TV_avg=11396.759399999999
TV_std=1101.9189691331392
FD_avg=12.348491999999998
FD_std=1.5694686038178656
IGSD_avg=25.8631
IGSD_std=3.7780830178808933
SC_pos_avg=0.2704165837098588
SC_neg_avg=0.7295834162901411
SC_avg=-0.0012910262926454446
SC_std=0.007741744342396138
SC_avg_abs=0.005074114535980491
SC_std_abs=0.0059878807625967125