conf_id=288
---
run_0
TV=8008.613
FD=7.568985
IGSD=[35.313,35.443,36.578,35.176,35.68,35.189]
SC_pos=0.2595690030411396
SC_neg=0.7404309969588604
SC_avg=-0.0006106386006289308
SC_std=0.004113634492401329
SC_avg_abs=0.002609156321986475
SC_std_abs=0.003238390267569677
---
run_1
TV=7549.985
FD=6.601274
IGSD=[39.705,39.005,39.568,39.038,38.622,35.187]
SC_pos=0.26767787994097136
SC_neg=0.7323221200590286
SC_avg=-0.0005474900168569407
SC_std=0.003119344325706005
SC_avg_abs=0.002108598354636353
SC_std_abs=0.0023630208039069653
---
run_2
TV=9818.106
FD=8.017122
IGSD=[38.312,28.361,27.625,29.922,29.606,24.859]
SC_pos=0.26392778334506295
SC_neg=0.736072216654937
SC_avg=-0.0008725517419740014
SC_std=0.004562796322840366
SC_avg_abs=0.0031181600218320215
SC_std_abs=0.003443477153168865
---
run_3
TV=10595.02
FD=10.665884
IGSD=[31.383,27.78,30.448,27.269,26.413,24.677]
SC_pos=0.2753525155024779
SC_neg=0.724647484497522
SC_avg=-0.0009200120715596237
SC_std=0.004698156370771617
SC_avg_abs=0.003487645937971199
SC_std_abs=0.003279545899570598
---
run_4
TV=11946.843
FD=13.852351
IGSD=[25.016,24.083,23.896,24.451,25.585,25.439]
SC_pos=0.2755300655153332
SC_neg=0.7244699344846668
SC_avg=-0.0014938490434160678
SC_std=0.007497024079210551
SC_avg_abs=0.005502826343935753
SC_std_abs=0.0053062093095980105
---
combined
TV_avg=9583.7134
TV_std=1629.6659112579612
FD_avg=9.3411232
FD_std=2.62702851362336
IGSD_avg=31.320966666666664
IGSD_std=5.514866674020526
SC_pos_avg=0.26841144946899703
SC_neg_avg=0.731588550531003
SC_avg=-0.0008889082948871128
SC_std=0.0050261444492949335
SC_avg_abs=0.0033652773960723553
SC_std_abs=0.0038376026408920736