conf_id=261
---
run_0
TV=13369.559
FD=15.092092
IGSD=[24.276,22.555,19.701,23.139,22.257,22.441]
SC_pos=0.2811888765434887
SC_neg=0.7188111234565113
SC_avg=-0.0015940232412881424
SC_std=0.007252854423361896
SC_avg_abs=0.005662063216266171
SC_std_abs=0.0048047734093558045
---
run_1
TV=13359.225
FD=16.045458
IGSD=[23.097,23.591,20.306,21.823,24.175,19.934]
SC_pos=0.27756287849798905
SC_neg=0.722437121502011
SC_avg=-0.0015226787735500033
SC_std=0.0077417247277344345
SC_avg_abs=0.005693843829925227
SC_std_abs=0.005461958883757452
---
run_2
TV=13124.173
FD=16.174639
IGSD=[22.158,25.69,21.862,19.168,21.407,25.664]
SC_pos=0.28963752242941454
SC_neg=0.7103624775705855
SC_avg=-0.0012568532828930454
SC_std=0.007111852958733205
SC_avg_abs=0.005040377273758408
SC_std_abs=0.005172304091944036
---
run_3
TV=14013.65
FD=16.01815
IGSD=[23.519,18.488,18.332,24.059,21.409,22.408]
SC_pos=0.264091452551779
SC_neg=0.735908547448221
SC_avg=-0.0019196689222188176
SC_std=0.008261189235969637
SC_avg_abs=0.006189439024115195
SC_std_abs=0.005798553348050977
---
run_4
TV=14740.594
FD=18.637378
IGSD=[21.083,19.329,18.454,19.456,21.255,21.706]
SC_pos=0.2763778305708803
SC_neg=0.7236221694291197
SC_avg=-0.002228556479048695
SC_std=0.010159318494828231
SC_avg_abs=0.00771575997781029
SC_std_abs=0.0069746157044306
---
combined
TV_avg=13721.440200000001
TV_std=589.2044421914684
FD_avg=16.3935434
FD_std=1.186471427849419
IGSD_avg=21.758066666666664
IGSD_std=2.0180899539471038
SC_pos_avg=0.2777717121187103
SC_neg_avg=0.7222282878812897
SC_avg=-0.0017043561397997345
SC_std=0.008187090274765258
SC_avg_abs=0.0060602966643750426
SC_std_abs=0.0057624718097526095