conf_id=32
---
run_0
TV=8666.066
FD=7.544506
IGSD=[34.024,32.2,33.351,33.387,35.217,33.254]
SC_pos=0.2473758543170032
SC_neg=0.7526241456829967
SC_avg=-0.000801155642905862
SC_std=0.0038229137238797047
SC_avg_abs=0.00261138415799182
SC_std_abs=0.0029046845756083416
---
run_1
TV=7491.232
FD=6.518649
IGSD=[37.869,40.507,34.038,33.736,34.397,39.161]
SC_pos=0.2387838424930425
SC_neg=0.7612161575069575
SC_avg=-0.000554719455283064
SC_std=0.004069496695352055
SC_avg_abs=0.00221947687958932
SC_std_abs=0.0034557834724587874
---
run_2
TV=8517.772
FD=6.948044
IGSD=[40.561,31.253,30.974,35.892,34.781,30.73]
SC_pos=0.2596197612128427
SC_neg=0.7403802387871573
SC_avg=-0.0007301004496892082
SC_std=0.003673527963234235
SC_avg_abs=0.0024998935784014717
SC_std_abs=0.002788975880133666
---
run_3
TV=8983.629
FD=7.937174
IGSD=[32.1,30.781,30.465,30.152,31.104,36.047]
SC_pos=0.2530800369353749
SC_neg=0.746919963064625
SC_avg=-0.0008039717966315968
SC_std=0.004617965879297188
SC_avg_abs=0.0029512216097367983
SC_std_abs=0.003641740040468928
---
run_4
TV=8336.016
FD=7.744416
IGSD=[33.145,33.432,34.499,31.215,37.358,34.331]
SC_pos=0.23957566997161064
SC_neg=0.7604243300283894
SC_avg=-0.0006642858961479187
SC_std=0.004020805935805498
SC_avg_abs=0.0024605124526891338
SC_std_abs=0.003248697369006762
---
combined
TV_avg=8398.943
TV_std=501.0452701734648
FD_avg=7.338557799999999
FD_std=0.5273003627536775
IGSD_avg=33.9987
IGSD_std=2.8235841661500607
SC_pos_avg=0.2476870329859748
SC_neg_avg=0.7523129670140252
SC_avg=-0.0007108466481315304
SC_std=0.0040547875886857866
SC_avg_abs=0.0025484977356817085
SC_std_abs=0.0032329189036759496