conf_id=154
---
run_0
TV=8909.179
FD=6.83571
IGSD=[30.616,32.5,30.46,30.599,35.01,32.718]
SC_pos=0.23865104254177036
SC_neg=0.7613489574582296
SC_avg=-0.0009028908168570767
SC_std=0.004036219263848931
SC_avg_abs=0.0026746586603442956
SC_std_abs=0.0031547549546161752
---
run_1
TV=9731.934
FD=9.290027
IGSD=[32.107,28.411,28.35,31.559,29.078,28.467]
SC_pos=0.2660380802306451
SC_neg=0.7339619197693549
SC_avg=-0.0009399000243038493
SC_std=0.005788878945585878
SC_avg_abs=0.003641558860056204
SC_std_abs=0.004597127426021602
---
run_2
TV=6836.321
FD=5.425762
IGSD=[36.778,49.563,46.255,42.522,36.756,39.856]
SC_pos=0.24844819838531004
SC_neg=0.7515518016146899
SC_avg=-0.0004789376714850665
SC_std=0.002655138032170152
SC_avg_abs=0.0017430410055255024
SC_std_abs=0.0020593560440342914
---
run_3
TV=8020.564
FD=7.379694
IGSD=[33.888,34.47,34.038,35.017,34.267,34.37]
SC_pos=0.24577728267267257
SC_neg=0.7542227173273275
SC_avg=-0.0008530596219168719
SC_std=0.0041279290232210265
SC_avg_abs=0.0026567316068216084
SC_std_abs=0.0032725045314881554
---
run_4
TV=7160.322
FD=6.070866
IGSD=[40.707,34.851,35.003,39.022,36.002,36.447]
SC_pos=0.19976282467360942
SC_neg=0.8002371753263906
SC_avg=-0.0005490831907612056
SC_std=0.004355911062460354
SC_avg_abs=0.0022472082188793254
SC_std_abs=0.003771671878019379
---
combined
TV_avg=8131.664
TV_std=1076.9545604841458
FD_avg=7.0004118
FD_std=1.323396903515253
IGSD_avg=34.98956666666666
IGSD_std=4.955325402590184
SC_pos_avg=0.2397354857008015
SC_neg_avg=0.7602645142991985
SC_avg=-0.0007447742650648139
SC_std=0.004313918573237801
SC_avg_abs=0.0025926396703253875
SC_std_abs=0.003527435570252693