conf_id=175
---
run_0
TV=10275.355
FD=9.442448
IGSD=[24.456,24.35,26.788,23.63,35.746,34.944]
SC_pos=0.25184008731234236
SC_neg=0.7481599126876576
SC_avg=-0.0009349982067271137
SC_std=0.005451174216482798
SC_avg_abs=0.0034438546448422665
SC_std_abs=0.004327746199839835
---
run_1
TV=8796.145
FD=7.021386
IGSD=[33.015,30.998,30.761,33.214,29.929,31.816]
SC_pos=0.23037870361143356
SC_neg=0.7696212963885665
SC_avg=-0.00102712690855339
SC_std=0.004287258656145779
SC_avg_abs=0.002740378256542235
SC_std_abs=0.003453390143329003
---
run_2
TV=7472.597
FD=6.415706
IGSD=[35.875,34.084,39.226,37.299,38.419,36.667]
SC_pos=0.22821930596383658
SC_neg=0.7717806940361635
SC_avg=-0.0005964908458499739
SC_std=0.0035674612113736673
SC_avg_abs=0.0021089155766574317
SC_std_abs=0.002938546564948419
---
run_3
TV=8314.151
FD=7.561062
IGSD=[32.077,31.937,30.934,32.063,33.124,32.202]
SC_pos=0.1875889433370991
SC_neg=0.8124110566629009
SC_avg=-0.000767838261174789
SC_std=0.005410182825185902
SC_avg_abs=0.00293416155029138
SC_std_abs=0.004609810168982249
---
run_4
TV=9800.477
FD=9.195513
IGSD=[23.119,23.725,24.366,25.591,36.63,38.063]
SC_pos=0.21258268143612064
SC_neg=0.7874173185638794
SC_avg=-0.0007831527856583997
SC_std=0.006372437269017786
SC_avg_abs=0.003442129058398599
SC_std_abs=0.005419689343364552
---
combined
TV_avg=8931.744999999999
TV_std=1008.8513978444993
FD_avg=7.927223
FD_std=1.1953045230822146
IGSD_avg=31.5016
IGSD_std=4.855442997983467
SC_pos_avg=0.22212194433216645
SC_neg_avg=0.7778780556678335
SC_avg=-0.0008219214015927328
SC_std=0.0051148967566974615
SC_avg_abs=0.002933887817346384
SC_std_abs=0.004269663440752302