conf_id=15
---
run_0
TV=17009.967
FD=19.001047
IGSD=[20.231,15.928,15.046,20.565,15.167,15.268]
SC_pos=0.24779414308707887
SC_neg=0.7522058569129212
SC_avg=-0.002926727763195604
SC_std=0.01280527883025838
SC_avg_abs=0.008985151157102874
SC_std_abs=0.009581647040281551
---
run_1
TV=9997.04
FD=8.709225
IGSD=[27.046,33.268,38.659,27.788,26.481,25.435]
SC_pos=0.2560855422288307
SC_neg=0.7439144577711693
SC_avg=-0.0009808615535319013
SC_std=0.004531330318003706
SC_avg_abs=0.003174186006986474
SC_std_abs=0.0033792879473504276
---
run_2
TV=7613.198
FD=6.461316
IGSD=[35.985,35.028,35.149,35.396,34.436,36.721]
SC_pos=0.22557511598242233
SC_neg=0.7744248840175777
SC_avg=-0.0006798416544840181
SC_std=0.004197910446826747
SC_avg_abs=0.002469212062266801
SC_std_abs=0.0034623154949115823
---
run_3
TV=6334.105
FD=4.897435
IGSD=[43.995,42.937,43.34,44.142,43.273,44.74]
SC_pos=0.23114256230151223
SC_neg=0.7688574376984878
SC_avg=-0.0005041171738401493
SC_std=0.0025456272260815055
SC_avg_abs=0.0015852686274674523
SC_std_abs=0.0020545742814255833
---
run_4
TV=11471.047
FD=11.432277
IGSD=[26.433,22.941,22.21,24.343,26.154,30.762]
SC_pos=0.266401467304797
SC_neg=0.733598532695203
SC_avg=-0.0013036836177448819
SC_std=0.006492347823557001
SC_avg_abs=0.004444466339598633
SC_std_abs=0.0049088583391045625
---
combined
TV_avg=10485.071399999999
TV_std=3721.9017719880035
FD_avg=10.10026
FD_std=4.964767029673074
IGSD_avg=30.295566666666666
IGSD_std=9.416003202645069
SC_pos_avg=0.24539976618092824
SC_neg_avg=0.7546002338190718
SC_avg=-0.00127904635255931
SC_std=0.007134778306712866
SC_avg_abs=0.0041316568386844475
SC_std_abs=0.005955705904868683