conf_id=30
---
run_0
TV=11102.27
FD=11.417874
IGSD=[28.052,26.159,25.621,28.709,26.019,25.948]
SC_pos=0.26470117214084915
SC_neg=0.7352988278591508
SC_avg=-0.001446818793408339
SC_std=0.005537182120298228
SC_avg_abs=0.004221612105603894
SC_std_abs=0.0038641508360995076
---
run_1
TV=7164.655
FD=5.894158
IGSD=[34.645,35.25,36.226,38.665,41.753,45.121]
SC_pos=0.22835148438647562
SC_neg=0.7716485156135244
SC_avg=-0.0005022112481362612
SC_std=0.003738663900018416
SC_avg_abs=0.002039206227682979
SC_std_abs=0.003173556657133197
---
run_2
TV=8310.18
FD=6.918815
IGSD=[36.78,33.643,33.158,34.507,35.485,37.174]
SC_pos=0.258579736633457
SC_neg=0.741420263366543
SC_avg=-0.0007980342895653018
SC_std=0.0036187539520839587
SC_avg_abs=0.002522084525554585
SC_std_abs=0.0027150190678894588
---
run_3
TV=9862.334
FD=9.127563
IGSD=[30.835,28.279,27.961,29.804,29.423,28.97]
SC_pos=0.22606902406952503
SC_neg=0.773930975930475
SC_avg=-0.0010928317457084202
SC_std=0.005157386780059537
SC_avg_abs=0.0034763037044573345
SC_std_abs=0.003963361222237661
---
run_4
TV=8732.533
FD=7.754513
IGSD=[31.584,29.586,33.067,36.417,32.58,33.591]
SC_pos=0.2627497794091293
SC_neg=0.7372502205908708
SC_avg=-0.000779882570724635
SC_std=0.003996038364546746
SC_avg_abs=0.0027119542509500575
SC_std_abs=0.00303674884964223
---
combined
TV_avg=9034.3944
TV_std=1347.0802280646244
FD_avg=8.222584600000001
FD_std=1.9167335171284086
IGSD_avg=32.5004
IGSD_std=4.715229047812348
SC_pos_avg=0.24809023932788724
SC_neg_avg=0.7519097606721128
SC_avg=-0.0009239557295085902
SC_std=0.004490361262761879
SC_avg_abs=0.0029942321628497756
SC_std_abs=0.003471543203700658