conf_id=150
---
run_0
TV=6999.707
FD=6.248223
IGSD=[37.805,42.506,39.017,40.1,38.588,37.777]
SC_pos=0.23353938388695306
SC_neg=0.7664606161130469
SC_avg=-0.0005129956676789247
SC_std=0.0037388097937901574
SC_avg_abs=0.0020597944274475745
SC_std_abs=0.0031621369587439556
---
run_1
TV=7472.335
FD=6.149782
IGSD=[34.366,46.054,37.498,42.074,35.444,34.735]
SC_pos=0.24994483933381245
SC_neg=0.7500551606661875
SC_avg=-0.0005099731618114096
SC_std=0.003274280713228146
SC_avg_abs=0.0020014489118576613
SC_std_abs=0.002641058323477452
---
run_2
TV=6672.954
FD=5.431012
IGSD=[43.631,46.618,42.698,41.51,42.355,41.508]
SC_pos=0.2527508339360435
SC_neg=0.7472491660639565
SC_avg=-0.0005006701649962472
SC_std=0.002507104765235497
SC_avg_abs=0.001719333244443557
SC_std_abs=0.0018921252898619317
---
run_3
TV=8200.881
FD=6.896435
IGSD=[32.689,36.214,38.844,35.823,33.027,32.827]
SC_pos=0.2315660304768637
SC_neg=0.7684339695231363
SC_avg=-0.0008242716585959376
SC_std=0.0035252795506921447
SC_avg_abs=0.0024061820080817503
SC_std_abs=0.0027050522770690377
---
run_4
TV=6633.342
FD=6.065223
IGSD=[38.812,47.057,47.458,42.184,42.304,42.306]
SC_pos=0.26375499838506145
SC_neg=0.7362450016149386
SC_avg=-0.00045482171120061365
SC_std=0.0025989978720639645
SC_avg_abs=0.001801838431176841
SC_std_abs=0.0019274415674428768
---
combined
TV_avg=7195.8438
TV_std=585.6344968190995
FD_avg=6.158135
FD_std=0.4670359744657793
IGSD_avg=39.79430000000001
IGSD_std=4.196850979405075
SC_pos_avg=0.24631121720374682
SC_neg_avg=0.7536887827962532
SC_avg=-0.0005605464728566263
SC_std=0.003170385012154622
SC_avg_abs=0.0019977194046014815
SC_std_abs=0.0025248110135226752