conf_id=104
---
run_0
TV=11967.401
FD=12.96302
IGSD=[25.838,23.551,24.463,20.302,35.042,23.856]
SC_pos=0.28676668167313024
SC_neg=0.7132333183268698
SC_avg=-0.0009998749811715615
SC_std=0.006218603182494574
SC_avg_abs=0.00453371850428397
SC_std_abs=0.0043722044832347024
---
run_1
TV=15867.74
FD=21.274628
IGSD=[16.881,20.221,20.048,17.95,18.218,18.255]
SC_pos=0.27281129209794713
SC_neg=0.7271887079020529
SC_avg=-0.00246607916041877
SC_std=0.013725194603663716
SC_avg_abs=0.009499746769589331
SC_std_abs=0.010208688684036184
---
run_2
TV=14096.016
FD=14.378014
IGSD=[21.329,22.544,18.808,19.591,25.913,20.548]
SC_pos=0.27035894728794946
SC_neg=0.7296410527120506
SC_avg=-0.001955426653963207
SC_std=0.009409713769575714
SC_avg_abs=0.006989520554238076
SC_std_abs=0.006596439118665161
---
run_3
TV=12846.529
FD=16.346439
IGSD=[21.831,24.401,26.557,19.133,26.897,20.878]
SC_pos=0.2786317005707083
SC_neg=0.7213682994292917
SC_avg=-0.0014959407403904283
SC_std=0.006624837695610518
SC_avg_abs=0.005092243583834449
SC_std_abs=0.004493925730899304
---
run_4
TV=15836.343
FD=20.721668
IGSD=[19.484,18.076,18.359,21.023,18.789,16.881]
SC_pos=0.2663190111728059
SC_neg=0.7336809888271941
SC_avg=-0.0027047792565404825
SC_std=0.011352105058299186
SC_avg_abs=0.00850806562522354
SC_std_abs=0.007987423827377844
---
combined
TV_avg=14122.805800000002
TV_std=1565.6548223397647
FD_avg=17.1367538
FD_std=3.335533220246886
IGSD_avg=21.52223333333334
IGSD_std=3.818016742440446
SC_pos_avg=0.27497752656050817
SC_neg_avg=0.7250224734394918
SC_avg=-0.0019244201584968884
SC_std=0.009902476094579959
SC_avg_abs=0.006924659007433873
SC_std_abs=0.007335633809080278