conf_id=128
---
run_0
TV=11528.077
FD=12.005254
IGSD=[24.85,28.33,27.19,27.768,22.401,22.739]
SC_pos=0.270173731755286
SC_neg=0.7298262682447141
SC_avg=-0.0012028415838455137
SC_std=0.006369693905760781
SC_avg_abs=0.004363481466464467
SC_std_abs=0.004793731095997679
---
run_1
TV=11270.138
FD=10.730455
IGSD=[26.208,23.145,22.911,22.195,29.892,41.255]
SC_pos=0.282295819039038
SC_neg=0.717704180960962
SC_avg=-0.0010890020776549026
SC_std=0.005722367740258326
SC_avg_abs=0.004195094853600419
SC_std_abs=0.004041360816504904
---
run_2
TV=11584.198
FD=12.655041
IGSD=[23.975,27.558,26.196,28.022,22.43,23.277]
SC_pos=0.2628647622062526
SC_neg=0.7371352377937473
SC_avg=-0.0013311660405197964
SC_std=0.007142163718880698
SC_avg_abs=0.0048201226865642035
SC_std_abs=0.005435892098009121
---
run_3
TV=10057.258
FD=10.322297
IGSD=[25.634,33.109,28.121,29.161,26.097,31.2]
SC_pos=0.2683961598646228
SC_neg=0.7316038401353773
SC_avg=-0.0008274042233032027
SC_std=0.005696708228276678
SC_avg_abs=0.0036869284822521075
SC_std_abs=0.004420819013894753
---
run_4
TV=9503.647
FD=8.221021
IGSD=[24.953,40.076,32.165,33.774,29.352,26.191]
SC_pos=0.2715458598009575
SC_neg=0.7284541401990424
SC_avg=-0.0006341081951576601
SC_std=0.003979516831452491
SC_avg_abs=0.00267250272186116
SC_std_abs=0.0030160199960584605
---
combined
TV_avg=10788.6636
TV_std=848.2507376389599
FD_avg=10.786813599999999
FD_std=1.5347386915137835
IGSD_avg=27.6725
IGSD_std=4.701100862209475
SC_pos_avg=0.27105526653323136
SC_neg_avg=0.7289447334667686
SC_avg=-0.0010169044240962142
SC_std=0.0058811394948025415
SC_avg_abs=0.003947626042148473
SC_std_abs=0.004476398663705447