conf_id=307
---
run_0
TV=8543.192
FD=7.845699
IGSD=[34.819,30.42,31.23,33.462,37.564,35.85]
SC_pos=0.2667936518722825
SC_neg=0.7332063481277175
SC_avg=-0.0006953594146434888
SC_std=0.0038473970064003297
SC_avg_abs=0.0026030661209337255
SC_std_abs=0.002917196464148175
---
run_1
TV=9386.299
FD=8.617979
IGSD=[32.98,28.599,31.112,33.735,33.058,30.981]
SC_pos=0.2770559183095913
SC_neg=0.7229440816904087
SC_avg=-0.0008467937445815537
SC_std=0.0038651417682697437
SC_avg_abs=0.002979637658284229
SC_std_abs=0.002603486116732775
---
run_2
TV=8660.046
FD=7.18885
IGSD=[35.667,32.428,35.05,35.944,31.43,33.332]
SC_pos=0.26479958084108984
SC_neg=0.7352004191589102
SC_avg=-0.0007922266708096556
SC_std=0.003820243777365438
SC_avg_abs=0.0027938373130073366
SC_std_abs=0.0027232992279383186
---
run_3
TV=7953.263
FD=6.814174
IGSD=[39.816,39.68,35.474,35.58,32.301,41.44]
SC_pos=0.27440675609911225
SC_neg=0.7255932439008878
SC_avg=-0.0006281178085674235
SC_std=0.0029446539087818547
SC_avg_abs=0.002240357675008667
SC_std_abs=0.0020115457021836597
---
run_4
TV=9709.548
FD=9.203364
IGSD=[35.016,26.163,26.047,32.03,31.604,27.052]
SC_pos=0.24809682753139808
SC_neg=0.7519031724686019
SC_avg=-0.0010468378148152965
SC_std=0.005347267026597101
SC_avg_abs=0.003578155051946608
SC_std_abs=0.004109250599378044
---
combined
TV_avg=8850.4696
TV_std=626.2250709183086
FD_avg=7.934013200000001
FD_std=0.8827421022521583
IGSD_avg=33.3288
IGSD_std=3.662696332849157
SC_pos_avg=0.2662305469306948
SC_neg_avg=0.7337694530693052
SC_avg=-0.0008018670906834838
SC_std=0.004042374379597141
SC_avg_abs=0.0028390107638361158
SC_std_abs=0.002987272893253512