conf_id=232
---
run_0
TV=10428.888
FD=9.637516
IGSD=[29.659,27.248,26.8,31.812,26.56,27.06]
SC_pos=0.2578318305116279
SC_neg=0.7421681694883722
SC_avg=-0.0012359528566177691
SC_std=0.005362607105104063
SC_avg_abs=0.003773796625241162
SC_std_abs=0.004005445475700878
---
run_1
TV=8616.838
FD=7.960467
IGSD=[33.565,34.385,30.169,32.696,31.93,32.881]
SC_pos=0.23726938439039125
SC_neg=0.7627306156096088
SC_avg=-0.0008109849921710262
SC_std=0.00472899412238406
SC_avg_abs=0.002926918750701117
SC_std_abs=0.003801871735588122
---
run_2
TV=7280.529
FD=5.979661
IGSD=[46.322,35.097,35.047,45.572,37.215,35.977]
SC_pos=0.2559110998591409
SC_neg=0.7440889001408592
SC_avg=-0.0005586959677451134
SC_std=0.002845143373471704
SC_avg_abs=0.001894202186793239
SC_std_abs=0.002195217546288364
---
run_3
TV=11761.671
FD=12.935888
IGSD=[23.545,22.279,24.607,23.873,24.98,29.556]
SC_pos=0.2688966975904785
SC_neg=0.7311033024095215
SC_avg=-0.0014480283065061552
SC_std=0.006937247910164133
SC_avg_abs=0.004872519774411102
SC_std_abs=0.0051459445771881935
---
run_4
TV=10482.766
FD=9.632963
IGSD=[28.712,25.433,25.442,26.005,29.075,24.709]
SC_pos=0.2425991995954263
SC_neg=0.7574008004045737
SC_avg=-0.0010411557064823255
SC_std=0.007892068469660035
SC_avg_abs=0.0043115067243992165
SC_std_abs=0.006691760583015739
---
combined
TV_avg=9714.138400000002
TV_std=1576.1071033310648
FD_avg=9.229299000000001
FD_std=2.2907845614188167
IGSD_avg=30.2737
IGSD_std=5.83162302822579
SC_pos_avg=0.252501642389413
SC_neg_avg=0.747498357610587
SC_avg=-0.0010189635659044805
SC_std=0.005832884521912066
SC_avg_abs=0.003555788812309163
SC_std_abs=0.00473467998040619