conf_id=226
---
run_0
TV=13480.528
FD=13.109771
IGSD=[23.028,22.071,21.737,22.735,20.047,20.769]
SC_pos=0.2396825728965037
SC_neg=0.7603174271034964
SC_avg=-0.0020181251250370106
SC_std=0.008260443206339497
SC_avg_abs=0.005930678797301751
SC_std_abs=0.006093832947226354
---
run_1
TV=10905.649
FD=10.601366
IGSD=[25.47,24.151,26.999,34.105,24.398,25.874]
SC_pos=0.2623669177711403
SC_neg=0.7376330822288597
SC_avg=-0.0011828047571102486
SC_std=0.005793185958130365
SC_avg_abs=0.004051421468239904
SC_std_abs=0.004306508414667999
---
run_2
TV=12621.448
FD=13.179237
IGSD=[26.118,23.465,21.826,26.533,20.903,20.44]
SC_pos=0.26238929280193185
SC_neg=0.7376107071980681
SC_avg=-0.001667159391396042
SC_std=0.00763023846526367
SC_avg_abs=0.005574799626834971
SC_std_abs=0.005470061114260983
---
run_3
TV=11949.155
FD=11.664881
IGSD=[26.249,22.974,24.818,28.625,21.965,22.956]
SC_pos=0.25597180248897355
SC_neg=0.7440281975110264
SC_avg=-0.0016134699497202035
SC_std=0.006566498566989257
SC_avg_abs=0.004733694409719047
SC_std_abs=0.004828491062880489
---
run_4
TV=12161.586
FD=13.456772
IGSD=[25.525,24.51,23.878,24.723,24.69,23.294]
SC_pos=0.2702191033455022
SC_neg=0.7297808966544979
SC_avg=-0.0015676272488100464
SC_std=0.006767876257658582
SC_avg_abs=0.005100891395177216
SC_std_abs=0.004716196688518987
---
combined
TV_avg=12223.6732
TV_std=843.1265188711362
FD_avg=12.402405400000001
FD_std=1.0957378806051385
IGSD_avg=24.162533333333332
IGSD_std=2.7646474607483356
SC_pos_avg=0.25812593786081034
SC_neg_avg=0.7418740621391897
SC_avg=-0.0016098372944147064
SC_std=0.007061071497501882
SC_avg_abs=0.005078297139454593
SC_std_abs=0.005163448941427559