conf_id=301
---
run_0
TV=9911.205
FD=9.353929
IGSD=[32.918,22.69,23.78,31.944,46.661,32.668]
SC_pos=0.27235198243808695
SC_neg=0.7276480175619131
SC_avg=-0.0009112031137348755
SC_std=0.003955511730073729
SC_avg_abs=0.003074121759541181
SC_std_abs=0.002650686622131407
---
run_1
TV=10031.803
FD=10.891294
IGSD=[29.355,31.07,28.356,31.456,28.593,29.498]
SC_pos=0.27846492372082676
SC_neg=0.7215350762791732
SC_avg=-0.0010023720889542583
SC_std=0.005067494434805396
SC_avg_abs=0.003819953481311822
SC_std_abs=0.0034773848006960434
---
run_2
TV=10955.66
FD=13.204088
IGSD=[25.894,27.511,25.11,25.745,28.112,30.429]
SC_pos=0.2762243129985048
SC_neg=0.7237756870014952
SC_avg=-0.0010072939177111942
SC_std=0.0058910251344184185
SC_avg_abs=0.004199588809568615
SC_std_abs=0.004252325481610454
---
run_3
TV=9898.228
FD=9.54468
IGSD=[31.386,31.86,31.041,31.911,27.858,26.352]
SC_pos=0.2661984346179847
SC_neg=0.7338015653820154
SC_avg=-0.0007943918357443161
SC_std=0.004342741827658908
SC_avg_abs=0.0030626309182542545
SC_std_abs=0.003179741629275647
---
run_4
TV=9661.818
FD=9.276907
IGSD=[32.179,31.116,27.239,34.525,30.745,27.974]
SC_pos=0.2734400718984323
SC_neg=0.7265599281015678
SC_avg=-0.0008109239010267956
SC_std=0.004225432172852165
SC_avg_abs=0.002982698657434159
SC_std_abs=0.0031008681590114634
---
combined
TV_avg=10091.7428
TV_std=448.2907353008315
FD_avg=10.4541796
FD_std=1.4951104900300314
IGSD_avg=29.86586666666667
IGSD_std=4.214203283605995
SC_pos_avg=0.2733359451347671
SC_neg_avg=0.7266640548652329
SC_avg=-0.0009052369714342861
SC_std=0.004749410525581157
SC_avg_abs=0.003427798725222006
SC_std_abs=0.0034097727511256423