conf_id=252
---
run_0
TV=9970.933
FD=9.694254
IGSD=[28.391,27.131,28.39,28.611,28.257,30.536]
SC_pos=0.26196665333142455
SC_neg=0.7380333466685755
SC_avg=-0.0008892817176953313
SC_std=0.005605345050099774
SC_avg_abs=0.0035193947203133458
SC_std_abs=0.004452479748043301
---
run_1
TV=13747.1
FD=13.10888
IGSD=[21.543,20.602,19.845,21.175,20.805,20.574]
SC_pos=0.2132748571571819
SC_neg=0.7867251428428181
SC_avg=-0.0022044662237370536
SC_std=0.009569993080640184
SC_avg_abs=0.0064547597114324225
SC_std_abs=0.007401386083887763
---
run_2
TV=9222.334
FD=8.330893
IGSD=[28.423,28.229,28.181,33.705,29.058,28.991]
SC_pos=0.20678506234657307
SC_neg=0.793214937653427
SC_avg=-0.0010525056976391843
SC_std=0.005448569125523354
SC_avg_abs=0.0033774942422030185
SC_std_abs=0.004403090551312193
---
run_3
TV=13170.947
FD=15.534064
IGSD=[22.737,21.974,22.863,22.018,22.864,24.432]
SC_pos=0.29422274633199696
SC_neg=0.705777253668003
SC_avg=-0.0015549251737873718
SC_std=0.006439589832968396
SC_avg_abs=0.0050467538212793876
SC_std_abs=0.004291431623636742
---
run_4
TV=12126.543
FD=10.786456
IGSD=[23.181,22.049,22.473,22.249,24.001,25.852]
SC_pos=0.22099569301374883
SC_neg=0.7790043069862511
SC_avg=-0.0016645426050638473
SC_std=0.00812090299461695
SC_avg_abs=0.005184363995916991
SC_std_abs=0.006468549875350029
---
combined
TV_avg=11647.5714
TV_std=1769.2371308116499
FD_avg=11.490909400000001
FD_std=2.5563590064525448
IGSD_avg=24.971333333333334
IGSD_std=3.6158863121262845
SC_pos_avg=0.23944900243618505
SC_neg_avg=0.760550997563815
SC_avg=-0.0014731442835845586
SC_std=0.007227792669993829
SC_avg_abs=0.004716553298229035
SC_std_abs=0.00567144302145752