conf_id=287
---
run_0
TV=9834.218
FD=8.684493
IGSD=[32.024,29.632,28.511,26.841,33.517,31.127]
SC_pos=0.27562557374861946
SC_neg=0.7243744262513806
SC_avg=-0.0008809405836281745
SC_std=0.004566118681811905
SC_avg_abs=0.0033464380573471854
SC_std_abs=0.0032290630926962785
---
run_1
TV=10103.613
FD=10.634176
IGSD=[32.097,29.771,29.467,28.246,27.803,29.799]
SC_pos=0.2766879733587967
SC_neg=0.7233120266412033
SC_avg=-0.000979707308330426
SC_std=0.004996511393382333
SC_avg_abs=0.0038107164378479064
SC_std_abs=0.0033768909879519785
---
run_2
TV=7977.75
FD=6.895665
IGSD=[34.491,34.704,36.533,32.652,43.623,36.413]
SC_pos=0.26764908244763774
SC_neg=0.7323509175523623
SC_avg=-0.0004924782227170234
SC_std=0.0030376273280386295
SC_avg_abs=0.001964244956818283
SC_std_abs=0.002368851268761204
---
run_3
TV=11685.23
FD=12.275448
IGSD=[22.985,26.205,25.393,23.608,25.587,25.142]
SC_pos=0.2338515984369798
SC_neg=0.7661484015630202
SC_avg=-0.0013769342996785654
SC_std=0.007403115356620502
SC_avg_abs=0.004778435828852807
SC_std_abs=0.0058196749117624645
---
run_4
TV=9181.075
FD=8.310949
IGSD=[31.903,32.745,35.822,31.984,28.031,29.343]
SC_pos=0.26892073003095834
SC_neg=0.7310792699690417
SC_avg=-0.000849103788080298
SC_std=0.003682631776121777
SC_avg_abs=0.00265115846195758
SC_std_abs=0.002693346032544809
---
combined
TV_avg=9756.377199999999
TV_std=1211.741915831816
FD_avg=9.3601462
FD_std=1.884310277671
IGSD_avg=30.5333
IGSD_std=4.3779823598700505
SC_pos_avg=0.2645469916045984
SC_neg_avg=0.7354530083954016
SC_avg=-0.0009158328404868991
SC_std=0.0049761678701244075
SC_avg_abs=0.003310198748564764
SC_std_abs=0.003826693181896496