conf_id=186
---
run_0
TV=13088.655
FD=13.787742
IGSD=[18.436,29.499,30.141,23.592,19.842,19.878]
SC_pos=0.2789594533365625
SC_neg=0.7210405466634375
SC_avg=-0.0016933699007981424
SC_std=0.006061032784425981
SC_avg_abs=0.0049439738853681876
SC_std_abs=0.0038936797833942394
---
run_1
TV=12845.857
FD=13.400632
IGSD=[24.034,21.542,20.439,20.681,23.67,27.719]
SC_pos=0.24716246281963922
SC_neg=0.7528375371803607
SC_avg=-0.001745160260016661
SC_std=0.007934869243636969
SC_avg_abs=0.005571875965695357
SC_std_abs=0.005912861614283203
---
run_2
TV=13187.418
FD=14.661331
IGSD=[22.944,22.481,20.483,22.038,21.559,24.097]
SC_pos=0.25493550708138646
SC_neg=0.7450644929186135
SC_avg=-0.0018002459646235909
SC_std=0.008673379456385964
SC_avg_abs=0.006265130130147311
SC_std_abs=0.006262311169202785
---
run_3
TV=11338.641
FD=12.107651
IGSD=[23.562,25.637,27.378,24.492,30.34,24.411]
SC_pos=0.26915359609215944
SC_neg=0.7308464039078406
SC_avg=-0.0012687061689260243
SC_std=0.0055880627861693835
SC_avg_abs=0.004134722220072404
SC_std_abs=0.0039673836729111
---
run_4
TV=11858.009
FD=13.902186
IGSD=[24.193,22.328,21.602,22.594,26.903,25.493]
SC_pos=0.2347260892237501
SC_neg=0.7652739107762498
SC_avg=-0.0014397509003145088
SC_std=0.008399253859233768
SC_avg_abs=0.005217758640373971
SC_std_abs=0.006737606608997915
---
combined
TV_avg=12463.715999999999
TV_std=733.8936990981733
FD_avg=13.571908400000002
FD_std=0.8385576159087937
IGSD_avg=23.733600000000003
IGSD_std=3.0365562577806235
SC_pos_avg=0.25698742171069955
SC_neg_avg=0.7430125782893005
SC_avg=-0.0015894466389357886
SC_std=0.00744183387359736
SC_avg_abs=0.005226692168331442
SC_std_abs=0.005530725178287925