conf_id=14
---
run_0
TV=14662.562
FD=15.776123
IGSD=[23.078,16.415,16.569,17.402,22.124,26.056]
SC_pos=0.2529650541382516
SC_neg=0.7470349458617485
SC_avg=-0.001871610583696361
SC_std=0.008823402363502915
SC_avg_abs=0.006204264671930491
SC_std_abs=0.006546942441010797
---
run_1
TV=10223.244
FD=9.235437
IGSD=[31.618,25.633,27.36,29.439,29.311,27.617]
SC_pos=0.26293893128980245
SC_neg=0.7370610687101976
SC_avg=-0.0011037297535658559
SC_std=0.005246863824309856
SC_avg_abs=0.003648127242021078
SC_std_abs=0.003929245091080689
---
run_2
TV=8537.078
FD=7.40218
IGSD=[30.664,37.32,36.886,30.378,28.864,29.664]
SC_pos=0.20809068682850304
SC_neg=0.7919093131714969
SC_avg=-0.0007095406973071835
SC_std=0.004696986493453453
SC_avg_abs=0.0026743565397515856
SC_std_abs=0.003925932655956701
---
run_3
TV=11566.952
FD=10.507198
IGSD=[20.291,27.927,35.873,28.152,21.69,20.903]
SC_pos=0.2548603021167815
SC_neg=0.7451396978832185
SC_avg=-0.001359767580256839
SC_std=0.006227981858115211
SC_avg_abs=0.004293608411681675
SC_std_abs=0.004711862975985832
---
run_4
TV=10255.46
FD=8.513008
IGSD=[30.741,26.324,26.051,25.239,24.758,25.331]
SC_pos=0.20370704537925574
SC_neg=0.7962929546207442
SC_avg=-0.001508906278381403
SC_std=0.006383102879162897
SC_avg_abs=0.003888270346811873
SC_std_abs=0.0052822489749177765
---
combined
TV_avg=11049.0592
TV_std=2046.8236573698673
FD_avg=10.2867892
FD_std=2.92417431209505
IGSD_avg=26.655933333333337
IGSD_std=5.29674836689664
SC_pos_avg=0.23651240395051887
SC_neg_avg=0.7634875960494811
SC_avg=-0.0013107109786415275
SC_std=0.006445711675190565
SC_avg_abs=0.004141725442439334
SC_std_abs=0.0051099190432598845