conf_id=167
---
run_0
TV=19330.184
FD=28.559109
IGSD=[14.218,18.053,15.449,16.18,14.231,13.828]
SC_pos=0.24345442299457054
SC_neg=0.7565455770054295
SC_avg=-0.003752575565404224
SC_std=0.01536677444380783
SC_avg_abs=0.011194379716615957
SC_std_abs=0.011176110367258893
---
run_1
TV=13526.017
FD=14.67216
IGSD=[21.188,21.298,20.958,21.644,20.767,19.933]
SC_pos=0.2164720004458432
SC_neg=0.7835279995541568
SC_avg=-0.0018765229019868039
SC_std=0.010691760176300316
SC_avg_abs=0.006630138709677775
SC_std_abs=0.008595134353786142
---
run_2
TV=10633.659
FD=10.648206
IGSD=[26.282,27.776,27.222,27.859,26.045,26.143]
SC_pos=0.256740219055695
SC_neg=0.743259780944305
SC_avg=-0.001209147801485798
SC_std=0.006305295508649814
SC_avg_abs=0.004154327873373901
SC_std_abs=0.004894931028905937
---
run_3
TV=10811.942
FD=11.162888
IGSD=[24.538,24.025,23.513,24.798,27.393,27.139]
SC_pos=0.2215635630081903
SC_neg=0.7784364369918098
SC_avg=-0.0014556886827527386
SC_std=0.007735283938013017
SC_avg_abs=0.004559446747030073
SC_std_abs=0.00641600284474481
---
run_4
TV=11243.625
FD=11.97714
IGSD=[23.149,27.027,25.283,23.35,23.157,23.476]
SC_pos=0.21927012235205495
SC_neg=0.7807298776479451
SC_avg=-0.0014637163611560522
SC_std=0.008344095168586165
SC_avg_abs=0.004926538952870673
SC_std_abs=0.006891705428570405
---
combined
TV_avg=13109.0854
TV_std=3279.037844122852
FD_avg=15.4039006
FD_std=6.722208856687795
IGSD_avg=22.530733333333337
IGSD_std=4.264021043829664
SC_pos_avg=0.23150006557127079
SC_neg_avg=0.7684999344287292
SC_avg=-0.0019515302625571199
SC_std=0.010236709715432085
SC_avg_abs=0.006292966399913644
SC_std_abs=0.008306459537808855