conf_id=156
---
run_0
TV=6954.36
FD=5.622834
IGSD=[40.296,40.227,37.962,41.274,38.938,39.542]
SC_pos=0.2238315209903686
SC_neg=0.7761684790096314
SC_avg=-0.0005634913020395234
SC_std=0.003624066863070896
SC_avg_abs=0.0019597188299190866
SC_std_abs=0.003100142768187183
---
run_1
TV=7331.934
FD=6.496562
IGSD=[39.026,38.253,38.488,38.888,37.716,40.694]
SC_pos=0.2571825402662504
SC_neg=0.7428174597337496
SC_avg=-0.0006034196199532893
SC_std=0.0036721854132196895
SC_avg_abs=0.0022029969105942884
SC_std_abs=0.0029993108472981035
---
run_2
TV=5886.037
FD=4.698769
IGSD=[50.293,46.037,45.612,49.132,44.976,45.603]
SC_pos=0.2458686473817381
SC_neg=0.7541313526182619
SC_avg=-0.0004126252882559128
SC_std=0.0029688990563259006
SC_avg_abs=0.0015341783084186211
SC_std_abs=0.002575056922310433
---
run_3
TV=6986.27
FD=5.691219
IGSD=[45.641,41.051,40.467,38.945,38.515,37.573]
SC_pos=0.2582354097707202
SC_neg=0.7417645902292799
SC_avg=-0.0004106735239594032
SC_std=0.003486040503739751
SC_avg_abs=0.001849334444968491
SC_std_abs=0.0029834700011309666
---
run_4
TV=6238.891
FD=5.158328
IGSD=[45.265,42.853,43.398,43.622,41.472,40.434]
SC_pos=0.2195234988581483
SC_neg=0.7804765011418517
SC_avg=-0.0004282831950876582
SC_std=0.003527487727989255
SC_avg_abs=0.0017105304560149322
SC_std_abs=0.003114591742966424
---
combined
TV_avg=6679.4983999999995
TV_std=532.7374212674008
FD_avg=5.5335424
FD_std=0.5996455828766187
IGSD_avg=41.73976666666667
IGSD_std=3.4075263724421685
SC_pos_avg=0.24092832345344511
SC_neg_avg=0.7590716765465548
SC_avg=-0.000483698585859158
SC_std=0.003465918953205505
SC_avg_abs=0.001851351789983086
SC_std_abs=0.002969689388114139