conf_id=164
---
run_0
TV=18386.862
FD=27.612655
IGSD=[18.052,14.67,13.991,16.161,15.369,17.035]
SC_pos=0.2634059064694708
SC_neg=0.7365940935305292
SC_avg=-0.002915795271012804
SC_std=0.014390924507256332
SC_avg_abs=0.010157895271374154
SC_std_abs=0.010602722947045534
---
run_1
TV=19535.594
FD=25.081177
IGSD=[16.106,13.752,13.366,13.622,15.204,20.31]
SC_pos=0.24669921681176943
SC_neg=0.7533007831882306
SC_avg=-0.0035839598837497555
SC_std=0.01647517973531121
SC_avg_abs=0.011819704172299586
SC_std_abs=0.01202376434559744
---
run_2
TV=20843.795
FD=30.719607
IGSD=[13.088,14.449,14.375,13.02,16.006,13.7]
SC_pos=0.23032400909172085
SC_neg=0.7696759909082792
SC_avg=-0.004312361470220563
SC_std=0.018602371073384943
SC_avg_abs=0.013498911802765145
SC_std_abs=0.013506444800276613
---
run_3
TV=20102.854
FD=24.778172
IGSD=[13.701,16.909,14.519,14.488,14.722,14.003]
SC_pos=0.2425917412518291
SC_neg=0.7574082587481709
SC_avg=-0.004007449719137454
SC_std=0.016489663412520398
SC_avg_abs=0.012030446628940119
SC_std_abs=0.011968166384950185
---
run_4
TV=18086.412
FD=25.320941
IGSD=[15.27,17.552,19.207,16.406,16.224,16.843]
SC_pos=0.2791423899309047
SC_neg=0.7208576100690953
SC_avg=-0.003225008430370461
SC_std=0.011388029275119588
SC_avg_abs=0.009269688624306332
SC_std_abs=0.0073593996328061234
---
combined
TV_avg=19391.1034
TV_std=1034.2630007408359
FD_avg=26.7025104
FD_std=2.24526001012476
IGSD_avg=15.404000000000002
IGSD_std=1.7868296691813315
SC_pos_avg=0.25243265271113896
SC_neg_avg=0.747567347288861
SC_avg=-0.0036089149548982017
SC_std=0.01566816367092858
SC_avg_abs=0.011355329299937083
SC_std_abs=0.011382974851095996