conf_id=78
---
run_0
TV=5791.832
FD=4.909707
IGSD=[45.978,48.666,44.881,46.546,48.542,44.25]
SC_pos=0.23004970778831316
SC_neg=0.7699502922116869
SC_avg=-0.0003655187220731436
SC_std=0.0030930456763360644
SC_avg_abs=0.0015299118772817023
SC_std_abs=0.0027129145102342558
---
run_1
TV=6770.665
FD=5.635383
IGSD=[39.436,43.947,37.393,40.653,44.919,38.47]
SC_pos=0.2355007210768025
SC_neg=0.7644992789231975
SC_avg=-0.0004809196498450919
SC_std=0.003535477499235758
SC_avg_abs=0.0019175480187276733
SC_std_abs=0.003008969001681977
---
run_2
TV=6239.407
FD=5.223451
IGSD=[44.13,44.322,41.27,45.158,45.76,42.582]
SC_pos=0.23295784026258343
SC_neg=0.7670421597374166
SC_avg=-0.00043758940041438026
SC_std=0.0030368295134421456
SC_avg_abs=0.0016887659713886482
SC_std_abs=0.0025616181352707554
---
run_3
TV=6851.236
FD=6.120119
IGSD=[40.665,41.086,40.472,36.934,41.181,37.095]
SC_pos=0.2278521897178861
SC_neg=0.7721478102821139
SC_avg=-0.0004447931513093976
SC_std=0.0038564257610606036
SC_avg_abs=0.0019999648801994198
SC_std_abs=0.0033271611136211194
---
run_4
TV=6700.463
FD=5.775798
IGSD=[41.041,41.778,39.226,41.879,40.984,41.31]
SC_pos=0.23296384837270337
SC_neg=0.7670361516272967
SC_avg=-0.0004935712901971267
SC_std=0.00353407221570302
SC_avg_abs=0.0019026177009666947
SC_std_abs=0.0030188284032516867
---
combined
TV_avg=6470.7206
TV_std=400.4836815255272
FD_avg=5.532891599999999
FD_std=0.42390011940342737
IGSD_avg=42.35179999999999
IGSD_std=3.0994798746456373
SC_pos_avg=0.2318648614436577
SC_neg_avg=0.7681351385563423
SC_avg=-0.0004444784427678286
SC_std=0.0034252174394707497
SC_avg_abs=0.0018077616897128313
SC_std_abs=0.002943072079808191