conf_id=210
---
run_0
TV=8971.591
FD=8.788362
IGSD=[31.457,35.547,33.89,31.279,31.62,32.84]
SC_pos=0.26002748399615566
SC_neg=0.7399725160038444
SC_avg=-0.0007410670776411584
SC_std=0.003844275210917427
SC_avg_abs=0.002748384446682477
SC_std_abs=0.0027881921103237645
---
run_1
TV=6889.648
FD=5.849577
IGSD=[38.816,45.335,46.879,39.905,36.894,36.466]
SC_pos=0.23935917083108116
SC_neg=0.7606408291689188
SC_avg=-0.00039081677116741085
SC_std=0.0034713247586718693
SC_avg_abs=0.0018431842750381113
SC_std_abs=0.002967407126945387
---
run_2
TV=7146.99
FD=5.449117
IGSD=[38.326,36.16,44.581,40.269,42.673,40.48]
SC_pos=0.26249909619377937
SC_neg=0.7375009038062207
SC_avg=-0.000418805977216258
SC_std=0.002700132474368583
SC_avg_abs=0.0017530172535437823
SC_std_abs=0.0020959590488532224
---
run_3
TV=10675.068
FD=10.518685
IGSD=[27.281,27.81,25.778,26.467,27.24,28.226]
SC_pos=0.2326984556463701
SC_neg=0.7673015443536298
SC_avg=-0.0012080175021407158
SC_std=0.005912344083154404
SC_avg_abs=0.003959453057335676
SC_std_abs=0.00455388299474683
---
run_4
TV=9100.578
FD=8.834052
IGSD=[31.031,31.508,31.931,30.116,33.322,29.121]
SC_pos=0.24429037900608871
SC_neg=0.7557096209939113
SC_avg=-0.0008758629252861752
SC_std=0.004813091061428421
SC_avg_abs=0.0030404294255409613
SC_std_abs=0.0038325931610070072
---
combined
TV_avg=8556.775
TV_std=1394.4006189662996
FD_avg=7.8879586
FD_std=1.9354321632659306
IGSD_avg=34.4416
IGSD_std=5.835682265739514
SC_pos_avg=0.247774917134695
SC_neg_avg=0.752225082865305
SC_avg=-0.0007269140506903429
SC_std=0.004305871794479041
SC_avg_abs=0.002668893691628197
SC_std_abs=0.00345629026708817