conf_id=277
---
run_0
TV=7919.217
FD=7.115115
IGSD=[38.053,35.992,34.317,32.906,43.923,33.236]
SC_pos=0.26873945084630446
SC_neg=0.7312605491536955
SC_avg=-0.0005337413654960229
SC_std=0.0035825249985515276
SC_avg_abs=0.0022637794940001143
SC_std_abs=0.0028274843258686293
---
run_1
TV=9044.443
FD=8.340352
IGSD=[30.276,31.537,33.515,30.732,32.725,33.306]
SC_pos=0.2456049120650931
SC_neg=0.7543950879349068
SC_avg=-0.0008833137091235071
SC_std=0.004056345513733445
SC_avg_abs=0.0027871972478121076
SC_std_abs=0.0030766399752489037
---
run_2
TV=6742.511
FD=5.52511
IGSD=[41.069,42.916,45.283,41.416,40.528,38.481]
SC_pos=0.24193147066726692
SC_neg=0.758068529332733
SC_avg=-0.0005259430236739627
SC_std=0.002845023941614362
SC_avg_abs=0.0017538888073701162
SC_std_abs=0.002301010939542023
---
run_3
TV=6945.041
FD=5.289715
IGSD=[46.327,38.589,38.142,42.065,44.371,39.924]
SC_pos=0.24312439129039495
SC_neg=0.756875608709605
SC_avg=-0.0005526035927488076
SC_std=0.0027125267426279845
SC_avg_abs=0.001795094340494691
SC_std_abs=0.0021073225592952768
---
run_4
TV=6439.317
FD=5.192831
IGSD=[45.269,41.299,40.91,44.924,44.642,43.098]
SC_pos=0.24198430060108034
SC_neg=0.7580156993989197
SC_avg=-0.0004945766569471212
SC_std=0.002855071275925928
SC_avg_abs=0.0016844612440274358
SC_std_abs=0.0023576743578331244
---
combined
TV_avg=7418.1058
TV_std=952.2952563843629
FD_avg=6.292624599999999
FD_std=1.2388809670334917
IGSD_avg=38.99236666666666
IGSD_std=4.904722550653491
SC_pos_avg=0.24827690509402797
SC_neg_avg=0.751723094905972
SC_avg=-0.0005980356695978855
SC_std=0.003255619798083233
SC_avg_abs=0.0020568842267408927
SC_std_abs=0.002593440612307796