conf_id=34
---
run_0
TV=9879.77
FD=9.496642
IGSD=[27.458,34.642,34.626,32.341,26.851,28.242]
SC_pos=0.2878858475651305
SC_neg=0.7121141524348695
SC_avg=-0.00088933152996766
SC_std=0.0041944737477637994
SC_avg_abs=0.0032659159704816953
SC_std_abs=0.002778185282630897
---
run_1
TV=10033.703
FD=8.831034
IGSD=[33.216,28.235,29.392,30.025,25.894,25.308]
SC_pos=0.24536790247967136
SC_neg=0.7546320975203287
SC_avg=-0.0010668667840865644
SC_std=0.005318093620087502
SC_avg_abs=0.00360185891625908
SC_std_abs=0.004055482318339898
---
run_2
TV=8399.695
FD=7.168865
IGSD=[34.057,31.591,30.568,40.046,32.225,33.443]
SC_pos=0.2333626625789419
SC_neg=0.7666373374210581
SC_avg=-0.0008849864013084794
SC_std=0.0038406834898568947
SC_avg_abs=0.0025963615484512134
SC_std_abs=0.0029652921119991335
---
run_3
TV=7869.868
FD=7.000026
IGSD=[35.368,35.631,35.305,33.962,34.318,34.748]
SC_pos=0.2325685561620524
SC_neg=0.7674314438379476
SC_avg=-0.0007318814991355778
SC_std=0.004259696379506723
SC_avg_abs=0.002572415673695507
SC_std_abs=0.0034732321224020327
---
run_4
TV=10251.568
FD=10.060358
IGSD=[26.994,25.484,28.867,28.601,30.167,26.926]
SC_pos=0.24090615559886458
SC_neg=0.7590938444011354
SC_avg=-0.0010621082760375916
SC_std=0.005775337171537173
SC_avg_abs=0.0037641011135917083
SC_std_abs=0.004507120615384529
---
combined
TV_avg=9286.9208
TV_std=962.7986608651674
FD_avg=8.511385
FD_std=1.2295356986488843
IGSD_avg=31.151033333333334
IGSD_std=3.6769287952795002
SC_pos_avg=0.24801822487693215
SC_neg_avg=0.7519817751230679
SC_avg=-0.000927034898107173
SC_std=0.004737197153917501
SC_avg_abs=0.003160130644495838
SC_std_abs=0.003648836100335412