conf_id=207
---
run_0
TV=14169.591
FD=12.819735
IGSD=[19.739,22.948,21.431,18.174,23.083,21.473]
SC_pos=0.27608094706047
SC_neg=0.7239190529395301
SC_avg=-0.0017444452454162052
SC_std=0.007750247846669022
SC_avg_abs=0.005753131078225955
SC_std_abs=0.0054782217640219405
---
run_1
TV=14262.925
FD=18.233697
IGSD=[19.669,19.676,20.235,20.699,18.992,19.635]
SC_pos=0.20230052608255267
SC_neg=0.7976994739174473
SC_avg=-0.002301522302671555
SC_std=0.011341506611926126
SC_avg_abs=0.007372381078546163
SC_std_abs=0.008920469403050107
---
run_2
TV=11144.425
FD=12.170233
IGSD=[26.273,26.629,26.359,25.83,24.687,27.451]
SC_pos=0.2687960099519165
SC_neg=0.7312039900480836
SC_avg=-0.001244386667025929
SC_std=0.005639830976317998
SC_avg_abs=0.004139854283991632
SC_std_abs=0.004027132742513481
---
run_3
TV=11004.687
FD=12.733654
IGSD=[29.613,26.527,26.642,27.229,26.527,23.556]
SC_pos=0.2628314068362763
SC_neg=0.7371685931637237
SC_avg=-0.0013253736760402196
SC_std=0.006311711408133817
SC_avg_abs=0.004619949725909082
SC_std_abs=0.004500042312109913
---
run_4
TV=10799.158
FD=11.775595
IGSD=[26.56,26.968,26.193,27.504,27.078,26.465]
SC_pos=0.26647646509319095
SC_neg=0.733523534906809
SC_avg=-0.0011304773271412836
SC_std=0.006858322142487744
SC_avg_abs=0.004390649920313572
SC_std_abs=0.005388576330958723
---
combined
TV_avg=12276.157199999998
TV_std=1588.1636392327334
FD_avg=13.5465828
FD_std=2.3744025371358077
IGSD_avg=24.128166666666665
IGSD_std=3.247834243341588
SC_pos_avg=0.2552970710048813
SC_neg_avg=0.7447029289951187
SC_avg=-0.0015492410436590406
SC_std=0.007852395029248792
SC_avg_abs=0.005255193217397274
SC_std_abs=0.006036820334791364