conf_id=194
---
run_0
TV=10135.692
FD=8.636141
IGSD=[31.154,28.192,27.561,31.924,28.714,28.347]
SC_pos=0.2694109089462624
SC_neg=0.7305890910537376
SC_avg=-0.0010685012363918437
SC_std=0.004417203726942965
SC_avg_abs=0.0032607649197527954
SC_std_abs=0.0031655640564675447
---
run_1
TV=14218.669
FD=16.01795
IGSD=[19.925,21.011,21.75,22.17,20.258,19.137]
SC_pos=0.249019176022917
SC_neg=0.750980823977083
SC_avg=-0.0022169945663133676
SC_std=0.00926582767982167
SC_avg_abs=0.006718816866774378
SC_std_abs=0.006754859540357629
---
run_2
TV=6935.952
FD=5.251535
IGSD=[42.734,39.792,40.825,42.63,39.858,39.638]
SC_pos=0.23521979013464175
SC_neg=0.7647802098653582
SC_avg=-0.0006121057329645194
SC_std=0.002524188561095327
SC_avg_abs=0.0017020999237449068
SC_std_abs=0.001961901416962667
---
run_3
TV=10348.901
FD=10.43197
IGSD=[26.08,24.97,25.215,24.926,29.65,28.252]
SC_pos=0.21645480482032747
SC_neg=0.7835451951796726
SC_avg=-0.0012431999106594462
SC_std=0.006998603881099387
SC_avg_abs=0.004144419714533506
SC_std_abs=0.005774927491509239
---
run_4
TV=8564.941
FD=7.242218
IGSD=[32.477,31.497,31.813,31.224,31.568,32.75]
SC_pos=0.2397718658434589
SC_neg=0.7602281341565411
SC_avg=-0.0007473344077025277
SC_std=0.005834464040357394
SC_avg_abs=0.003113204045883011
SC_std_abs=0.004990735409121308
---
combined
TV_avg=10040.831
TV_std=2423.9125803215757
FD_avg=9.5159628
FD_std=3.6672674572796238
IGSD_avg=29.868066666666664
IGSD_std=6.790145147851325
SC_pos_avg=0.2419753091535215
SC_neg_avg=0.7580246908464785
SC_avg=-0.0011776271708063405
SC_std=0.006266764162906574
SC_avg_abs=0.003787861094137718
SC_std_abs=0.005129449011193037