conf_id=172
---
run_0
TV=13157.822
FD=14.055095
IGSD=[19.683,22.696,30.502,23.998,19.401,19.145]
SC_pos=0.2598546990361541
SC_neg=0.7401453009638459
SC_avg=-0.0015029135105434773
SC_std=0.007855127919518907
SC_avg_abs=0.005355414991637468
SC_std_abs=0.005939807565866436
---
run_1
TV=9838.368
FD=9.005981
IGSD=[30.487,26.637,28.019,28.245,27.199,26.228]
SC_pos=0.23083200516117378
SC_neg=0.7691679948388263
SC_avg=-0.0008359901197082944
SC_std=0.007722813987983288
SC_avg_abs=0.0038468959434784754
SC_std_abs=0.006748490718174628
---
run_2
TV=8764.028
FD=7.695637
IGSD=[27.959,28.869,29.249,31.517,33.794,29.566]
SC_pos=0.20764753691310345
SC_neg=0.7923524630868966
SC_avg=-0.0008509135542721723
SC_std=0.006276960539041325
SC_avg_abs=0.0033241518448513412
SC_std_abs=0.005392059161201545
---
run_3
TV=9348.421
FD=8.29279
IGSD=[28.988,30.606,29.556,28.272,31.521,33.285]
SC_pos=0.24860088725284138
SC_neg=0.7513991127471586
SC_avg=-0.000971943225953402
SC_std=0.004855793169299653
SC_avg_abs=0.0031408461178092525
SC_std_abs=0.003828640307176485
---
run_4
TV=9422.711
FD=8.14741
IGSD=[29.507,27.358,27.832,27.226,28.29,28.403]
SC_pos=0.19309713725983357
SC_neg=0.8069028627401664
SC_avg=-0.0009524361757674607
SC_std=0.007405348200119488
SC_avg_abs=0.0037027916892449046
SC_std_abs=0.006483490598434019
---
combined
TV_avg=10106.27
TV_std=1563.7738129380477
FD_avg=9.4393826
FD_std=2.3459392325224964
IGSD_avg=27.801266666666663
IGSD_std=3.5939389341253727
SC_pos_avg=0.22800645312462126
SC_neg_avg=0.7719935468753787
SC_avg=-0.001022839317248961
SC_std=0.00692048441567224
SC_avg_abs=0.0038740201174042857
SC_std_abs=0.005825055617452896