conf_id=292
---
run_0
TV=7462.009
FD=6.674408
IGSD=[38.674,37.067,38.954,39.62,38.166,37.02]
SC_pos=0.2582184213214154
SC_neg=0.7417815786785845
SC_avg=-0.0005715638842854287
SC_std=0.003421960197131156
SC_avg_abs=0.0022111102530529042
SC_std_abs=0.002673478691408192
---
run_1
TV=9399.975
FD=8.360678
IGSD=[32.75,29.598,26.533,27.931,31.22,40.551]
SC_pos=0.26630243707592327
SC_neg=0.7336975629240767
SC_avg=-0.000804724581767241
SC_std=0.004659851820388703
SC_avg_abs=0.0030538022339496665
SC_std_abs=0.003610552943304446
---
run_2
TV=9386.263
FD=8.855823
IGSD=[31.074,31.082,29.733,32.728,31.678,28.903]
SC_pos=0.25388388063418293
SC_neg=0.746116119365817
SC_avg=-0.001084234522619281
SC_std=0.005024550522383659
SC_avg_abs=0.003460278495117913
SC_std_abs=0.0038010715842048924
---
run_3
TV=7289.254
FD=6.01562
IGSD=[37.736,43.104,43.616,37.992,38.969,41.473]
SC_pos=0.26757719230240934
SC_neg=0.7324228076975907
SC_avg=-0.00054442148732517
SC_std=0.0026931919067474733
SC_avg_abs=0.0019264238827667514
SC_std_abs=0.0019592264867384084
---
run_4
TV=10356.432
FD=9.516367
IGSD=[28.674,29.376,27.862,29.004,27.682,26.673]
SC_pos=0.2528883989401694
SC_neg=0.7471116010598307
SC_avg=-0.0011558939349961697
SC_std=0.005949755643631002
SC_avg_abs=0.00398505533298183
SC_std_abs=0.004566729354905212
---
combined
TV_avg=8778.786600000001
TV_std=1199.7064830463494
FD_avg=7.8845792
FD_std=1.3259139365134374
IGSD_avg=33.8481
IGSD_std=5.283225140953204
SC_pos_avg=0.25977406605482006
SC_neg_avg=0.7402259339451799
SC_avg=-0.0008321676821986558
SC_std=0.004508720774474886
SC_avg_abs=0.002927334039573818
SC_std_abs=0.0035287081905748083