conf_id=86
---
run_0
TV=17464.079
FD=19.895621
IGSD=[20.487,14.968,15.29,19.734,15.566,15.671]
SC_pos=0.2531249941731691
SC_neg=0.746875005826831
SC_avg=-0.0032646706691281087
SC_std=0.01233462329582649
SC_avg_abs=0.009118469690389543
SC_std_abs=0.008924937923215928
---
run_1
TV=11262.311
FD=11.144869
IGSD=[21.998,21.541,21.875,28.682,22.773,24.326]
SC_pos=0.20471392176487613
SC_neg=0.7952860782351239
SC_avg=-0.0016154681291634656
SC_std=0.009181180912155201
SC_avg_abs=0.005079251954578472
SC_std_abs=0.007816969988427519
---
run_2
TV=12735.642
FD=12.698662
IGSD=[25.89,18.948,19.606,23.954,21.987,20.826]
SC_pos=0.2369946687345615
SC_neg=0.7630053312654385
SC_avg=-0.0015676522504476768
SC_std=0.00857287700313989
SC_avg_abs=0.005444566680245949
SC_std_abs=0.006805031032526902
---
run_3
TV=16614.556
FD=21.406769
IGSD=[17.535,16.71,17.801,17.846,17.405,17.471]
SC_pos=0.21915348214524336
SC_neg=0.7808465178547567
SC_avg=-0.002795763178657676
SC_std=0.013707333875086996
SC_avg_abs=0.009252964799205338
SC_std_abs=0.01049237514287936
---
run_4
TV=10310.36
FD=10.173622
IGSD=[23.47,27.409,25.194,27.024,33.946,28.343]
SC_pos=0.253827735880993
SC_neg=0.746172264119007
SC_avg=-0.0010298395489859793
SC_std=0.006038497902346816
SC_avg_abs=0.003709749386951509
SC_std_abs=0.0048746062301806
---
combined
TV_avg=13677.3896
TV_std=2864.3444131920037
FD_avg=15.0639086
FD_std=4.6571555410039975
IGSD_avg=21.475866666666665
IGSD_std=4.602899374186762
SC_pos_avg=0.2335629605397686
SC_neg_avg=0.7664370394602313
SC_avg=-0.0020546787552765838
SC_std=0.010370914873103517
SC_avg_abs=0.006521000502274163
SC_std_abs=0.008321906785219647