conf_id=299
---
run_0
TV=6900.932
FD=5.747393
IGSD=[42.164,41.171,40.617,42.278,37.586,37.528]
SC_pos=0.2381072049878087
SC_neg=0.7618927950121913
SC_avg=-0.0005979890230363001
SC_std=0.0029680017889333766
SC_avg_abs=0.0018916549263282754
SC_std_abs=0.0023639515922458344
---
run_1
TV=6699.787
FD=5.43958
IGSD=[40.726,41.595,40.145,40.979,39.735,39.875]
SC_pos=0.21130378268541392
SC_neg=0.7886962173145861
SC_avg=-0.0005323150215486566
SC_std=0.0031356221984143767
SC_avg_abs=0.0018268993010565923
SC_std_abs=0.0026034447943358253
---
run_2
TV=8519.172
FD=7.066299
IGSD=[37.003,31.618,31.304,35.443,29.212,32.247]
SC_pos=0.23774630402818922
SC_neg=0.7622536959718108
SC_avg=-0.0006839152753881949
SC_std=0.0043927987668551625
SC_avg_abs=0.0026145585232285264
SC_std_abs=0.0035956230111910538
---
run_3
TV=7906.582
FD=7.056724
IGSD=[34.964,39.677,36.178,37.493,34.229,33.899]
SC_pos=0.23631098723815258
SC_neg=0.7636890127618474
SC_avg=-0.0006466938605629695
SC_std=0.0037356402325274644
SC_avg_abs=0.0023584871344859413
SC_std_abs=0.0029682923260069857
---
run_4
TV=6535.944
FD=5.517165
IGSD=[39.615,38.795,38.651,39.681,40.268,40.939]
SC_pos=0.19280149680668948
SC_neg=0.8071985031933105
SC_avg=-0.000536118506258826
SC_std=0.0035158246501722527
SC_avg_abs=0.0019224749267446664
SC_std_abs=0.002992078905969916
---
combined
TV_avg=7312.483400000002
TV_std=769.0039527933782
FD_avg=6.1654322
FD_std=0.7386244804590217
IGSD_avg=37.853833333333334
IGSD_std=3.4784799082677225
SC_pos_avg=0.22325395514925078
SC_neg_avg=0.7767460448507493
SC_avg=-0.0005994063373589897
SC_std=0.0035852966289410854
SC_avg_abs=0.0021228149623687973
SC_std_abs=0.0029508128558594837