conf_id=74
---
run_0
TV=7462.717
FD=6.051077
IGSD=[41.441,36.76,41.158,40.45,34.691,33.719]
SC_pos=0.2300789196340688
SC_neg=0.7699210803659312
SC_avg=-0.0006905662304168884
SC_std=0.0032590769527078515
SC_avg_abs=0.0021384222056513233
SC_std_abs=0.002554528287696385
---
run_1
TV=8677.326
FD=7.969985
IGSD=[38.359,31.242,33.408,32.425,29.166,28.877]
SC_pos=0.23646077563872944
SC_neg=0.7635392243612705
SC_avg=-0.0008579092641876725
SC_std=0.004637999455128125
SC_avg_abs=0.00289535040720811
SC_std_abs=0.0037234383667287467
---
run_2
TV=7533.667
FD=6.492047
IGSD=[39.006,33.589,34.504,38.625,37.711,37.804]
SC_pos=0.2295176792783804
SC_neg=0.7704823207216196
SC_avg=-0.0006405108671559421
SC_std=0.0034799620182816224
SC_avg_abs=0.0022360306493124787
SC_std_abs=0.0027423633521039413
---
run_3
TV=8026.754
FD=7.21505
IGSD=[35.109,38.603,36.685,36.394,31.44,33.104]
SC_pos=0.23948637702465542
SC_neg=0.7605136229753445
SC_avg=-0.000670030528896067
SC_std=0.003699383572524212
SC_avg_abs=0.0023725688953602614
SC_std_abs=0.0029163841590373035
---
run_4
TV=7166.884
FD=5.958844
IGSD=[40.545,38.216,39.236,39.475,37.722,38.631]
SC_pos=0.22660892527547702
SC_neg=0.773391074724523
SC_avg=-0.0005653501874769742
SC_std=0.0035349777841099652
SC_avg_abs=0.002095951241931043
SC_std_abs=0.002902184894192473
---
combined
TV_avg=7773.469599999999
TV_std=529.7410564804654
FD_avg=6.737400599999999
FD_std=0.7595791077691908
IGSD_avg=36.26983333333333
IGSD_std=3.4254014566016773
SC_pos_avg=0.2324305353702622
SC_neg_avg=0.7675694646297377
SC_avg=-0.0006848734156267095
SC_std=0.0037542166131171494
SC_avg_abs=0.0023476646798926406
SC_std_abs=0.003008598431898415