conf_id=245
---
run_0
TV=10959.75
FD=11.254824
IGSD=[24.926,28.13,25.237,22.976,25.427,25.257]
SC_pos=0.2149069913476999
SC_neg=0.7850930086523001
SC_avg=-0.0012710446741026316
SC_std=0.007583379938173511
SC_avg_abs=0.004431285198076249
SC_std_abs=0.006283861658531912
---
run_1
TV=11444.976
FD=11.935663
IGSD=[23.742,24.842,25.018,22.969,22.129,22.542]
SC_pos=0.19644282589180553
SC_neg=0.8035571741081945
SC_avg=-0.0016264357647730306
SC_std=0.00913946123939288
SC_avg_abs=0.005187449020305346
SC_std_abs=0.007698403581589544
---
run_2
TV=15677.275
FD=19.296452
IGSD=[18.15,18.592,18.054,17.333,20.03,18.166]
SC_pos=0.2102202511017113
SC_neg=0.7897797488982887
SC_avg=-0.0026373115189222457
SC_std=0.01219686038918079
SC_avg_abs=0.008334187675121563
SC_std_abs=0.009287633239790375
---
run_3
TV=10752.306
FD=9.939515
IGSD=[25.361,23.459,24.207,26.438,27.918,30.228]
SC_pos=0.2509757481599127
SC_neg=0.7490242518400874
SC_avg=-0.001208035725319034
SC_std=0.006909938318422898
SC_avg_abs=0.004182929021522512
SC_std_abs=0.005631136890447694
---
run_4
TV=15373.589
FD=21.470299
IGSD=[18.138,19.037,20.387,17.75,21.668,19.119]
SC_pos=0.2851948357600228
SC_neg=0.7148051642399772
SC_avg=-0.0019347387652174724
SC_std=0.008686876491012773
SC_avg_abs=0.006522318272406387
SC_std_abs=0.0060551136746703135
---
combined
TV_avg=12841.5792
TV_std=2204.9529898795936
FD_avg=14.779350599999997
FD_std=4.6713135434238025
IGSD_avg=22.574333333333335
IGSD_std=3.499274442255455
SC_pos_avg=0.23154813045223044
SC_neg_avg=0.7684518695477696
SC_avg=-0.001735513289666885
SC_std=0.009103501189534848
SC_avg_abs=0.005731633837486409
SC_std_abs=0.007282452460500767