conf_id=53
---
run_0
TV=6914.491
FD=5.865014
IGSD=[38.965,46.38,43.462,40.822,38.315,36.658]
SC_pos=0.2476362748142717
SC_neg=0.7523637251857282
SC_avg=-0.0005126318531128348
SC_std=0.003205485060403983
SC_avg_abs=0.0019147916616478898
SC_std_abs=0.002621354379282346
---
run_1
TV=8507.242
FD=7.12415
IGSD=[40.538,37.531,33.384,32.407,30.475,31.179]
SC_pos=0.2622776248241851
SC_neg=0.737722375175815
SC_avg=-0.0007077699717312818
SC_std=0.003906605213253845
SC_avg_abs=0.002555503626933524
SC_std_abs=0.0030384048179655392
---
run_2
TV=7678.163
FD=6.67965
IGSD=[37.186,34.89,37.219,36.061,36.745,36.12]
SC_pos=0.23283270583111948
SC_neg=0.7671672941688805
SC_avg=-0.0006111108049437706
SC_std=0.004160250291608238
SC_avg_abs=0.002366663396432633
SC_std_abs=0.0034756356645556812
---
run_3
TV=7515.245
FD=6.662362
IGSD=[35.314,35.033,35.102,37.738,44.417,39.011]
SC_pos=0.25026616963712467
SC_neg=0.7497338303628753
SC_avg=-0.0005715166679345804
SC_std=0.0035782493389196423
SC_avg_abs=0.002235784573505899
SC_std_abs=0.0028516253214752735
---
run_4
TV=8042.318
FD=6.911279
IGSD=[33.656,33.429,32.243,35.446,38.32,38.643]
SC_pos=0.23647983585014448
SC_neg=0.7635201641498556
SC_avg=-0.0006954242423840938
SC_std=0.0038149762112640842
SC_avg_abs=0.002408479098869084
SC_std_abs=0.0030392247037225014
---
combined
TV_avg=7731.491800000001
TV_std=532.0710941268659
FD_avg=6.648491
FD_std=0.4266868909811971
IGSD_avg=36.889633333333336
IGSD_std=3.66384329616987
SC_pos_avg=0.24589852219136907
SC_neg_avg=0.7541014778086309
SC_avg=-0.0006196907080213131
SC_std=0.0037477898167779756
SC_avg_abs=0.002296244471477809
SC_std_abs=0.0030260876410904366