conf_id=116
---
run_0
TV=11797.838
FD=11.987603
IGSD=[23.162,29.314,25.949,24.66,25.919,21.519]
SC_pos=0.270180154217828
SC_neg=0.7298198457821721
SC_avg=-0.00123415919573761
SC_std=0.006246324068032239
SC_avg_abs=0.0045072960333282655
SC_std_abs=0.004497109710830478
---
run_1
TV=6453.314
FD=5.53338
IGSD=[38.736,39.966,40.333,41.609,46.23,41.383]
SC_pos=0.22793568173093237
SC_neg=0.7720643182690676
SC_avg=-0.0004941724511409644
SC_std=0.003391106090880982
SC_avg_abs=0.0017293702139953902
SC_std_abs=0.0029585614061604826
---
run_2
TV=7882.143
FD=6.466196
IGSD=[38.561,31.367,29.963,42.311,42.988,37.537]
SC_pos=0.25806096740103035
SC_neg=0.7419390325989696
SC_avg=-0.0006577582150409664
SC_std=0.0034256085438366954
SC_avg_abs=0.0022241554935682997
SC_std_abs=0.0026871122242085057
---
run_3
TV=5741.599
FD=4.473004
IGSD=[49.173,46.556,45.116,48.828,44.373,45.056]
SC_pos=0.21499151924180138
SC_neg=0.7850084807581986
SC_avg=-0.0003962352547587624
SC_std=0.003082307185960937
SC_avg_abs=0.0014295897331075514
SC_std_abs=0.002759328389433499
---
run_4
TV=9981.13
FD=9.459109
IGSD=[27.759,27.545,28.364,27.594,28.165,30.27]
SC_pos=0.2021399645190021
SC_neg=0.7978600354809979
SC_avg=-0.0010978833449342721
SC_std=0.005930949202147286
SC_avg_abs=0.0036378832224166794
SC_std_abs=0.004811165340912207
---
combined
TV_avg=8371.2048
TV_std=2243.4788817938447
FD_avg=7.5838583999999996
FD_std=2.75828125186933
IGSD_avg=35.67686666666667
IGSD_std=8.479830315650322
SC_pos_avg=0.23466165742211884
SC_neg_avg=0.7653383425778811
SC_avg=-0.0007760416923225147
SC_std=0.00463635379757848
SC_avg_abs=0.0027056589392832403
SC_std_abs=0.003844141900193059