conf_id=198
---
run_0
TV=9672.076
FD=8.323722
IGSD=[31.958,28.834,28.853,30.006,28.118,27.541]
SC_pos=0.23649578841839403
SC_neg=0.763504211581606
SC_avg=-0.0010215314015895067
SC_std=0.0057598995579218985
SC_avg_abs=0.0035355462314275794
SC_std_abs=0.004660459437353852
---
run_1
TV=6585.776
FD=5.630274
IGSD=[37.525,42.355,40.099,43.112,45.904,42.424]
SC_pos=0.24155896783982958
SC_neg=0.7584410321601704
SC_avg=-0.000466453267420648
SC_std=0.003438357726756713
SC_avg_abs=0.0018515036600345476
SC_std_abs=0.0029345896995514823
---
run_2
TV=13174.032
FD=14.14963
IGSD=[22.771,22.205,21.797,22.221,22.184,23.264]
SC_pos=0.2570499474911893
SC_neg=0.7429500525088106
SC_avg=-0.0018394869620938518
SC_std=0.008455589828732915
SC_avg_abs=0.006141256040778988
SC_std_abs=0.0060963666127522515
---
run_3
TV=7610.045
FD=5.993559
IGSD=[43.513,38.404,37.425,37.4,35.807,34.069]
SC_pos=0.2353167486014052
SC_neg=0.7646832513985948
SC_avg=-0.0006608707131434201
SC_std=0.0032704126381719835
SC_avg_abs=0.0020987194224284375
SC_std_abs=0.002593785979861747
---
run_4
TV=8605.598
FD=6.891426
IGSD=[35.74,32.7,32.907,35.072,32.531,30.336]
SC_pos=0.24079780244049434
SC_neg=0.7592021975595057
SC_avg=-0.0007491772426654068
SC_std=0.004087415723946593
SC_avg_abs=0.002587161244753776
SC_std_abs=0.0032518964520626558
---
combined
TV_avg=9129.505399999998
TV_std=2267.438043495751
FD_avg=8.1977222
FD_std=3.1176150449775806
IGSD_avg=32.9025
IGSD_std=7.060351142117509
SC_pos_avg=0.24224385095826248
SC_neg_avg=0.7577561490417375
SC_avg=-0.0009475039173825676
SC_std=0.005386136423495512
SC_avg_abs=0.0032428373198846706
SC_std_abs=0.0044036615858536994