conf_id=290
---
run_0
TV=11267.523
FD=9.631854
IGSD=[26.623,25.705,24.909,26.315,25.422,24.868]
SC_pos=0.2415585534874075
SC_neg=0.7584414465125925
SC_avg=-0.0015597794407854143
SC_std=0.006268195300246631
SC_avg_abs=0.004396069225899111
SC_std_abs=0.004732627133742273
---
run_1
TV=8629.62
FD=7.706467
IGSD=[31.493,37.478,35.002,34.05,31.032,33.051]
SC_pos=0.249282704163351
SC_neg=0.750717295836649
SC_avg=-0.0008342823408654231
SC_std=0.00363647851087027
SC_avg_abs=0.002593502544921792
SC_std_abs=0.002682116241661672
---
run_2
TV=6925.692
FD=5.703946
IGSD=[37.594,41.227,39.587,39.408,49.132,45.664]
SC_pos=0.2615400775129076
SC_neg=0.7384599224870924
SC_avg=-0.00045371651240423396
SC_std=0.00259400061293852
SC_avg_abs=0.0017313117935862572
SC_std_abs=0.0019842523344934795
---
run_3
TV=7002.419
FD=5.299897
IGSD=[43.566,41.998,39.643,38.566,38.482,39.904]
SC_pos=0.23382052200532485
SC_neg=0.7661794779946751
SC_avg=-0.000599672744953144
SC_std=0.0027739772516675015
SC_avg_abs=0.0018175651103868446
SC_std_abs=0.00217968214731251
---
run_4
TV=9348.37
FD=9.256146
IGSD=[34.325,29.589,31.025,33.575,30.97,30.382]
SC_pos=0.27500528817278663
SC_neg=0.7249947118272134
SC_avg=-0.0009723956847119027
SC_std=0.004241911786034939
SC_avg_abs=0.003208215219961867
SC_std_abs=0.0029405312565170135
---
combined
TV_avg=8634.7248
TV_std=1614.0729369256394
FD_avg=7.519662000000001
FD_std=1.774024187153377
IGSD_avg=34.686166666666665
IGSD_std=6.432970107621794
SC_pos_avg=0.2522414290683555
SC_neg_avg=0.7477585709316444
SC_avg=-0.0008839693447440231
SC_std=0.004139198043425966
SC_avg_abs=0.0027493327789511815
SC_std_abs=0.0032180011677644155