conf_id=237
---
run_0
TV=7602.85
FD=6.976551
IGSD=[37.865,38.749,37.985,39.055,39.935,38.013]
SC_pos=0.26677583471813365
SC_neg=0.7332241652818663
SC_avg=-0.0005847979989673835
SC_std=0.0027657265271769245
SC_avg_abs=0.0020266708529746926
SC_std_abs=0.0019707453352549673
---
run_1
TV=6359.131
FD=5.051606
IGSD=[47.18,42.184,42.045,45.25,47.611,47.203]
SC_pos=0.2557619329871971
SC_neg=0.7442380670128028
SC_avg=-0.0004296247566448991
SC_std=0.002390765509349078
SC_avg_abs=0.0015214702013976596
SC_std_abs=0.001893532565992546
---
run_2
TV=6553.871
FD=5.206698
IGSD=[46.508,46.514,40.326,40.277,43.243,42.878]
SC_pos=0.25283121830592425
SC_neg=0.7471687816940757
SC_avg=-0.0004638876841856773
SC_std=0.0025430343346277587
SC_avg_abs=0.0016077845079662616
SC_std_abs=0.002024165108527092
---
run_3
TV=6815.063
FD=6.075191
IGSD=[40.12,41.939,41.705,42.533,41.121,39.663]
SC_pos=0.25050235051770225
SC_neg=0.7494976494822977
SC_avg=-0.0005714168599459612
SC_std=0.003065862967888957
SC_avg_abs=0.0018989364832360733
SC_std_abs=0.002473878169663655
---
run_4
TV=7153.139
FD=5.981666
IGSD=[36.737,37.616,37.959,39.255,39.531,39.174]
SC_pos=0.23349152618220442
SC_neg=0.7665084738177955
SC_avg=-0.0005799668040028693
SC_std=0.0033646369026261195
SC_avg_abs=0.0019327536406199641
SC_std_abs=0.002814534836332474
---
combined
TV_avg=6896.810800000001
TV_std=442.1731503854118
FD_avg=5.8583424
FD_std=0.6910986242048525
IGSD_avg=41.33913333333334
IGSD_std=3.1585758893667397
SC_pos_avg=0.25187257254223233
SC_neg_avg=0.7481274274577676
SC_avg=-0.0005259388207493572
SC_std=0.0028486453698444987
SC_avg_abs=0.0017975231372389304
SC_std_abs=0.0022716299560884582