conf_id=313
---
run_0
TV=7368.339
FD=6.533924
IGSD=[41.367,38.134,38.204,37.349,43.776,36.948]
SC_pos=0.2614060345043692
SC_neg=0.7385939654956307
SC_avg=-0.0005854333655326311
SC_std=0.0032737723731566075
SC_avg_abs=0.0021593107432259866
SC_std_abs=0.002529366499918736
---
run_1
TV=8879.786
FD=8.882972
IGSD=[30.702,34.493,30.296,31.362,34.669,30.354]
SC_pos=0.24093433156356509
SC_neg=0.759065668436435
SC_avg=-0.0008187145025594934
SC_std=0.005085357517389916
SC_avg_abs=0.00318310395681264
SC_std_abs=0.004049568337057553
---
run_2
TV=7505.546
FD=6.253585
IGSD=[38.901,38.524,35.669,42.196,36.362,36.308]
SC_pos=0.24892221755615357
SC_neg=0.7510777824438465
SC_avg=-0.0005658065976834038
SC_std=0.003249262876810588
SC_avg_abs=0.00211642390756768
SC_std_abs=0.002529544661016572
---
run_3
TV=7985.747
FD=7.246231
IGSD=[33.365,44.491,38.734,36.508,32.626,34.047]
SC_pos=0.2651550952192225
SC_neg=0.7348449047807776
SC_avg=-0.0005582863467521352
SC_std=0.0036536057681259156
SC_avg_abs=0.002440501279559106
SC_std_abs=0.002775693113138268
---
run_4
TV=7768.699
FD=6.221431
IGSD=[34.892,36.653,35.419,38.421,37.562,37.609]
SC_pos=0.24670998997474314
SC_neg=0.7532900100252569
SC_avg=-0.0006246393917387859
SC_std=0.0038439545561266405
SC_avg_abs=0.0023726721347413046
SC_std_abs=0.003088136645341443
---
combined
TV_avg=7901.6233999999995
TV_std=533.4448999297302
FD_avg=7.027628600000002
FD_std=0.9982913841376376
IGSD_avg=36.53136666666667
IGSD_std=3.5558913039567948
SC_pos_avg=0.2526255337636107
SC_neg_avg=0.7473744662363893
SC_avg=-0.0006305760408532895
SC_std=0.0038809243146018585
SC_avg_abs=0.0024544024043813384
SC_std_abs=0.0030716621748384343