conf_id=4
---
run_0
TV=21717.596
FD=35.264005
IGSD=[14.098,13.1,13.049,13.611,13.751,13.57]
SC_pos=0.22488521919968243
SC_neg=0.7751147808003176
SC_avg=-0.004929991502808776
SC_std=0.01959545790136578
SC_avg_abs=0.0145125195974445
SC_std_abs=0.014059643008119172
---
run_1
TV=23943.705
FD=36.340997
IGSD=[11.672,12.598,12.2,11.834,12.355,12.004]
SC_pos=0.1837408523933721
SC_neg=0.8162591476066279
SC_avg=-0.006073360142645171
SC_std=0.025310375898840793
SC_avg_abs=0.018382403735260653
SC_std_abs=0.018427915358953842
---
run_2
TV=20324.031
FD=32.741917
IGSD=[16.058,13.497,13.493,15.136,14.031,14.873]
SC_pos=0.24245645518602454
SC_neg=0.7575435448139755
SC_avg=-0.004163392911675643
SC_std=0.017212416905656037
SC_avg_abs=0.012575550214123639
SC_std_abs=0.012468226541219093
---
run_3
TV=17528.067
FD=19.732535
IGSD=[15.672,17.382,21.686,17.756,16.111,15.957]
SC_pos=0.2863177308238217
SC_neg=0.7136822691761783
SC_avg=-0.0028665863001460425
SC_std=0.01053980475530053
SC_avg_abs=0.008372566487142153
SC_std_abs=0.0070146227064913965
---
run_4
TV=17685.061
FD=25.163234
IGSD=[14.659,19.973,16.035,14.451,22.553,15.97]
SC_pos=0.27302426924288903
SC_neg=0.726975730757111
SC_avg=-0.0025261250268482586
SC_std=0.013644875647914296
SC_avg_abs=0.00969747907614806
SC_std_abs=0.009925867149321742
---
combined
TV_avg=20239.692000000003
TV_std=2440.9045573758926
FD_avg=29.848537599999997
FD_std=6.389625012484461
IGSD_avg=14.97116666666667
IGSD_std=2.6821958303267532
SC_pos_avg=0.24208490536915797
SC_neg_avg=0.7579150946308421
SC_avg=-0.004111891176824774
SC_std=0.018037290536885374
SC_avg_abs=0.012708103822023824
SC_std_abs=0.013444537783454181