conf_id=177
---
run_0
TV=9597.136
FD=8.679092
IGSD=[28.667,29.129,25.29,24.533,34.793,36.136]
SC_pos=0.25803817801781676
SC_neg=0.7419618219821833
SC_avg=-0.0008188661577587507
SC_std=0.004907584100915885
SC_avg_abs=0.0030142459363927286
SC_std_abs=0.003958439708625719
---
run_1
TV=6833.607
FD=5.521841
IGSD=[37.396,37.781,37.508,43.48,47.706,40.532]
SC_pos=0.2339576726570287
SC_neg=0.7660423273429713
SC_avg=-0.00048740487132987564
SC_std=0.003176007946180142
SC_avg_abs=0.0017934921178144186
SC_std_abs=0.002666078769678992
---
run_2
TV=7693.321
FD=6.016158
IGSD=[40.384,36.498,37.181,37.852,36.698,37.208]
SC_pos=0.25876412346127636
SC_neg=0.7412358765387236
SC_avg=-0.0005944603837119553
SC_std=0.0032300181795991223
SC_avg_abs=0.002130620059610281
SC_std_abs=0.002499371671026556
---
run_3
TV=7097.127
FD=5.887242
IGSD=[41.389,38.226,37.4,38.578,38.541,39.443]
SC_pos=0.22864111672949977
SC_neg=0.7713588832705003
SC_avg=-0.0005945221908373286
SC_std=0.0033959659731765787
SC_avg_abs=0.001969557198717807
SC_std_abs=0.0028296441414690345
---
run_4
TV=6316.117
FD=5.190963
IGSD=[45.344,43.642,43.703,44.628,45.427,43.632]
SC_pos=0.24030824505382334
SC_neg=0.7596917549461767
SC_avg=-0.00045044616483868157
SC_std=0.0027108760795564323
SC_avg_abs=0.001589118754948691
SC_std_abs=0.0022419751222525755
---
combined
TV_avg=7507.4616000000005
TV_std=1135.168646187094
FD_avg=6.2590592
FD_std=1.2440360077681678
IGSD_avg=38.29083333333333
IGSD_std=5.555445059178927
SC_pos_avg=0.243941867183889
SC_neg_avg=0.756058132816111
SC_avg=-0.0005891399536953173
SC_std=0.003565621321181593
SC_avg_abs=0.0020994068134967876
SC_std_abs=0.002941637693963719