conf_id=94
---
run_0
TV=10185.315
FD=9.355544
IGSD=[33.488,28.037,28.533,26.054,25.094,25.087]
SC_pos=0.2298052398592942
SC_neg=0.7701947601407058
SC_avg=-0.0011102290890614146
SC_std=0.0060911783407576366
SC_avg_abs=0.0037603417390372784
SC_std_abs=0.0049188303706030724
---
run_1
TV=8620.106
FD=7.588579
IGSD=[31.632,29.549,31.09,31.701,38.325,32.269]
SC_pos=0.23764188721782858
SC_neg=0.7623581127821714
SC_avg=-0.0008101535060689783
SC_std=0.004361200269330989
SC_avg_abs=0.002672517738998224
SC_std_abs=0.003540348207076304
---
run_2
TV=9522.958
FD=8.379842
IGSD=[28.391,29.076,25.248,26.036,29.504,39.079]
SC_pos=0.23501406415708598
SC_neg=0.7649859358429141
SC_avg=-0.000770280391391182
SC_std=0.0056285706024906896
SC_avg_abs=0.003180278836915767
SC_std_abs=0.004707437246320959
---
run_3
TV=11030.225
FD=11.367526
IGSD=[24.274,23.244,24.877,23.899,26.075,27.155]
SC_pos=0.2156905317778267
SC_neg=0.7843094682221733
SC_avg=-0.0012007910590726115
SC_std=0.008028277553628102
SC_avg_abs=0.004557792379456401
SC_std_abs=0.006717266428496544
---
run_4
TV=8806.285
FD=7.910897
IGSD=[28.149,35.814,33.704,27.744,28.878,29.996]
SC_pos=0.19870415423523077
SC_neg=0.8012958457647692
SC_avg=-0.0007926813599987482
SC_std=0.005487921215862253
SC_avg_abs=0.0031012740528678
SC_std_abs=0.004596490210911957
---
combined
TV_avg=9632.977799999999
TV_std=892.0550146275511
FD_avg=8.9204776
FD_std=1.3610894434178231
IGSD_avg=29.06673333333333
IGSD_std=4.017991993797676
SC_pos_avg=0.22337117544945326
SC_neg_avg=0.7766288245505467
SC_avg=-0.0009368270811185875
SC_std=0.0060421545059086024
SC_avg_abs=0.003454440949455091
SC_std_abs=0.0050450087987947605