conf_id=291
---
run_0
TV=6122.424
FD=5.131681
IGSD=[44.676,45.194,43.786,43.787,43.791,45.207]
SC_pos=0.2264951855356199
SC_neg=0.7735048144643801
SC_avg=-0.00040533803421919474
SC_std=0.0031495996457740123
SC_avg_abs=0.0015577203292108544
SC_std_abs=0.002767270175932897
---
run_1
TV=8059.972
FD=6.762949
IGSD=[37.463,34.143,36.436,38.257,34.339,33.868]
SC_pos=0.25323956261787034
SC_neg=0.7467604373821297
SC_avg=-0.000717957487295326
SC_std=0.004132919560706858
SC_avg_abs=0.0025612494368560047
SC_std_abs=0.0033221210650789938
---
run_2
TV=7141.566
FD=5.527745
IGSD=[40.648,39.743,41.405,45.948,38.289,36.809]
SC_pos=0.25180776782342124
SC_neg=0.7481922321765788
SC_avg=-0.000538943055014367
SC_std=0.0029166837168994237
SC_avg_abs=0.0018488795571260863
SC_std_abs=0.002319299011385916
---
run_3
TV=7285.673
FD=6.290092
IGSD=[40.527,35.862,38.442,41.868,35.246,34.594]
SC_pos=0.23266095675217313
SC_neg=0.7673390432478269
SC_avg=-0.0005240734191473273
SC_std=0.0041495745799192225
SC_avg_abs=0.0022167939627906587
SC_std_abs=0.003546751565799815
---
run_4
TV=7535.132
FD=5.531731
IGSD=[41.079,38.192,37.691,40.718,37.353,39.055]
SC_pos=0.2556380416129994
SC_neg=0.7443619583870006
SC_avg=-0.0006165854631610548
SC_std=0.002968004923822371
SC_avg_abs=0.0020378197780653714
SC_std_abs=0.002244219555511665
---
combined
TV_avg=7228.9534
TV_std=635.5467303686172
FD_avg=5.8488396
FD_std=0.591316453275435
IGSD_avg=39.48053333333334
IGSD_std=3.565144164764667
SC_pos_avg=0.24396830286841678
SC_neg_avg=0.7560316971315832
SC_avg=-0.0005605794917674543
SC_std=0.003509697240266984
SC_avg_abs=0.002044492612809796
SC_std_abs=0.002907279491396398