conf_id=66
---
run_0
TV=8347.289
FD=8.096674
IGSD=[32.358,38.702,33.093,37.729,35.224,34.928]
SC_pos=0.2735349586030854
SC_neg=0.7264650413969146
SC_avg=-0.0006455237348999926
SC_std=0.003302018749071631
SC_avg_abs=0.0024356993837361834
SC_std_abs=0.002321076737983256
---
run_1
TV=8985.235
FD=7.947034
IGSD=[30.857,31.438,34.431,31.849,33.089,31.025]
SC_pos=0.2519675006821277
SC_neg=0.7480324993178723
SC_avg=-0.0007813706051244706
SC_std=0.005060319317586125
SC_avg_abs=0.0031529976224208577
SC_std_abs=0.004034349713584124
---
run_2
TV=7987.201
FD=6.956062
IGSD=[36.78,37.863,39.069,33.974,33.742,33.883]
SC_pos=0.25259213695839217
SC_neg=0.7474078630416078
SC_avg=-0.0006830673760002481
SC_std=0.003659345116393364
SC_avg_abs=0.0023141924848793256
SC_std_abs=0.0029158019246779934
---
run_3
TV=7551.226
FD=7.122042
IGSD=[36.793,34.889,34.752,35.565,42.451,39.053]
SC_pos=0.23734376065015209
SC_neg=0.7626562393498479
SC_avg=-0.0006412231318052721
SC_std=0.003469664173464237
SC_avg_abs=0.00218355310902759
SC_std_abs=0.002771611877850029
---
run_4
TV=7969.676
FD=7.137089
IGSD=[35.505,32.399,33.217,38.049,40.667,36.616]
SC_pos=0.2469105365470231
SC_neg=0.7530894634529769
SC_avg=-0.0006045088560833657
SC_std=0.0034010799899446323
SC_avg_abs=0.002256396434053065
SC_std_abs=0.002615616789110669
---
combined
TV_avg=8168.1254
TV_std=480.09340061558885
FD_avg=7.4517802
FD_std=0.47215647944316097
IGSD_avg=35.333
IGSD_std=2.8846384984373117
SC_pos_avg=0.25246977868815607
SC_neg_avg=0.7475302213118439
SC_avg=-0.0006711387407826719
SC_std=0.003834714191191496
SC_avg_abs=0.002468567806823405
SC_std_abs=0.0030102546604265736