conf_id=225
---
run_0
TV=8668.244
FD=7.945331
IGSD=[30.774,30.136,32.604,32.486,45.422,35.409]
SC_pos=0.26683156511890155
SC_neg=0.7331684348810985
SC_avg=-0.0006200344015855772
SC_std=0.003789938375775089
SC_avg_abs=0.0026001214056657483
SC_std_abs=0.002826206685138417
---
run_1
TV=10899.333
FD=9.126053
IGSD=[28.327,26.162,27.259,26.242,29.314,26.543]
SC_pos=0.2711397944273328
SC_neg=0.7288602055726672
SC_avg=-0.001189808408440652
SC_std=0.0050047342523156825
SC_avg_abs=0.003717010672077655
SC_std_abs=0.003556239678193629
---
run_2
TV=12622.52
FD=13.404022
IGSD=[22.454,23.582,23.322,23.481,22.994,23.041]
SC_pos=0.2506337002354972
SC_neg=0.7493662997645028
SC_avg=-0.0017009795883463489
SC_std=0.008405368818301851
SC_avg_abs=0.005814194995378495
SC_std_abs=0.006303863346184439
---
run_3
TV=14142.149
FD=15.911358
IGSD=[19.278,22.739,20.109,19.796,20.747,20.497]
SC_pos=0.23430344975324277
SC_neg=0.7656965502467572
SC_avg=-0.002126019843454068
SC_std=0.009851109294363478
SC_avg_abs=0.006839788638253311
SC_std_abs=0.007401459726856311
---
run_4
TV=11559.838
FD=11.532302
IGSD=[28.453,20.818,21.757,25.019,26.049,23.442]
SC_pos=0.24198678671561275
SC_neg=0.7580132132843873
SC_avg=-0.0010881991937417615
SC_std=0.00811855434237421
SC_avg_abs=0.0046223753536007986
SC_std_abs=0.006762303467441204
---
combined
TV_avg=11578.4168
TV_std=1821.72884868516
FD_avg=11.5838132
FD_std=2.8748076595052683
IGSD_avg=25.941866666666662
IGSD_std=5.491156094019627
SC_pos_avg=0.25297905925011743
SC_neg_avg=0.7470209407498826
SC_avg=-0.001345008287113682
SC_std=0.007407682787561147
SC_avg_abs=0.004718698212995208
SC_std_abs=0.005866574703198625