conf_id=208
---
run_0
TV=12132.993
FD=12.711686
IGSD=[20.263,28.755,24.682,19.782,25.929,25.041]
SC_pos=0.2621340517099392
SC_neg=0.7378659482900608
SC_avg=-0.001082782955766573
SC_std=0.0072177654255829405
SC_avg_abs=0.0045770320245440855
SC_std_abs=0.005685009631859643
---
run_1
TV=11843.845
FD=11.818421
IGSD=[22.863,22.608,26.489,23.285,23.181,29.611]
SC_pos=0.25897544319653004
SC_neg=0.7410245568034699
SC_avg=-0.0014555217300957063
SC_std=0.006546118408993146
SC_avg_abs=0.004589854447073318
SC_std_abs=0.004889115041193144
---
run_2
TV=11248.452
FD=12.185093
IGSD=[23.39,29.361,27.422,25.722,26.287,23.274]
SC_pos=0.2697109000998382
SC_neg=0.7302890999001618
SC_avg=-0.0009048238469691208
SC_std=0.006020532139525077
SC_avg_abs=0.004079708657176986
SC_std_abs=0.004519014351565336
---
run_3
TV=13710.292
FD=15.334019
IGSD=[22.648,20.335,19.46,20.633,21.916,23.231]
SC_pos=0.24534449156782462
SC_neg=0.7546555084321753
SC_avg=-0.0019100421147099957
SC_std=0.008861360057549115
SC_avg_abs=0.006232623001372491
SC_std_abs=0.006582277225417907
---
run_4
TV=13959.533
FD=19.002295
IGSD=[21.362,20.232,20.561,21.246,20.176,21.011]
SC_pos=0.23859386190752524
SC_neg=0.7614061380924747
SC_avg=-0.002122967222485078
SC_std=0.010109432481950927
SC_avg_abs=0.006985492531683052
SC_std_abs=0.007609895467394458
---
combined
TV_avg=12579.023000000001
TV_std=1067.2793494756656
FD_avg=14.2103028
FD_std=2.6942291266866225
IGSD_avg=23.358533333333334
IGSD_std=2.916597969476691
SC_pos_avg=0.25495174969633144
SC_neg_avg=0.7450482503036685
SC_avg=-0.0014952275740052938
SC_std=0.007912083546456162
SC_avg_abs=0.005292942132369993
SC_std_abs=0.006068075075965256