conf_id=79
---
run_0
TV=6272.587
FD=5.130048
IGSD=[44.657,42.004,42.033,41.64,41.4,41.83]
SC_pos=0.21296720048379789
SC_neg=0.7870327995162021
SC_avg=-0.0005305208848842611
SC_std=0.00297524874582036
SC_avg_abs=0.001705488194656535
SC_std_abs=0.002494968442023106
---
run_1
TV=6261.911
FD=5.263698
IGSD=[42.272,40.307,40.673,43.008,44.532,44.159]
SC_pos=0.21000851701403556
SC_neg=0.7899914829859644
SC_avg=-0.00046602444318235463
SC_std=0.00300167665407406
SC_avg_abs=0.0016787309765517095
SC_std_abs=0.0025316207902492858
---
run_2
TV=6562.974
FD=5.646133
IGSD=[42.175,39.538,41.185,42.308,41.449,41.443]
SC_pos=0.21399479449052158
SC_neg=0.7860052055094784
SC_avg=-0.000536138342351874
SC_std=0.002876212667068849
SC_avg_abs=0.0017255276076315123
SC_std_abs=0.002362752230693814
---
run_3
TV=7216.998
FD=5.82037
IGSD=[38.57,35.473,35.936,37.459,37.235,37.44]
SC_pos=0.21319613019698935
SC_neg=0.7868038698030106
SC_avg=-0.0007335900604801903
SC_std=0.0036490565794508796
SC_avg_abs=0.0021566029571745476
SC_std_abs=0.0030336169801039614
---
run_4
TV=6739.137
FD=5.93127
IGSD=[40.594,41.652,41.796,41.208,41.494,40.983]
SC_pos=0.2452351025283992
SC_neg=0.7547648974716008
SC_avg=-0.0005468131569901693
SC_std=0.0031653449342600895
SC_avg_abs=0.0019792769870825085
SC_std_abs=0.0025299952153925434
---
combined
TV_avg=6610.7214
TV_std=352.80171877393093
FD_avg=5.5583038
FD_std=0.31167035647452884
IGSD_avg=40.881766666666664
IGSD_std=2.2630053422139524
SC_pos_avg=0.21908034894274872
SC_neg_avg=0.7809196510572513
SC_avg=-0.0005626173775777685
SC_std=0.003146754917848486
SC_avg_abs=0.001849125344619366
SC_std_abs=0.0026075544647125586