conf_id=231
---
run_0
TV=9437.334
FD=8.352312
IGSD=[31.693,28.986,29.234,30.934,30.31,30.22]
SC_pos=0.2459991683946889
SC_neg=0.7540008316053111
SC_avg=-0.0010236065840600202
SC_std=0.00550507923641695
SC_avg_abs=0.003623551806643194
SC_std_abs=0.004268903857283845
---
run_1
TV=8719.918
FD=8.393443
IGSD=[33.258,32.776,30.621,34.382,30.353,30.733]
SC_pos=0.23111500786544484
SC_neg=0.7688849921345552
SC_avg=-0.0009243511074791208
SC_std=0.004946753782564441
SC_avg_abs=0.0031238769953143663
SC_std_abs=0.0039454011802805495
---
run_2
TV=7488.92
FD=6.110476
IGSD=[36.946,42.408,36.823,38.443,37.156,42.598]
SC_pos=0.2703693060985011
SC_neg=0.7296306939014989
SC_avg=-0.0004831244709875565
SC_std=0.003032102276292787
SC_avg_abs=0.001978377626821789
SC_std_abs=0.002347993916955043
---
run_3
TV=6685.839
FD=5.362612
IGSD=[42.951,45.019,49.261,39.599,41.989,45.198]
SC_pos=0.26997359953542804
SC_neg=0.7300264004645719
SC_avg=-0.00040776036953039165
SC_std=0.002237578302280966
SC_avg_abs=0.0015572355269949096
SC_std_abs=0.001657722139341516
---
run_4
TV=7829.406
FD=7.067501
IGSD=[34.7,35.785,40.144,34.369,39.59,35.739]
SC_pos=0.25701431318289164
SC_neg=0.7429856868171084
SC_avg=-0.0005492168857049336
SC_std=0.003867874919661128
SC_avg_abs=0.0022601060610937876
SC_std_abs=0.0031865367053109757
---
combined
TV_avg=8032.2834
TV_std=958.782986692943
FD_avg=7.0572688
FD_std=1.202570692844857
IGSD_avg=36.40726666666667
IGSD_std=5.403787331944965
SC_pos_avg=0.2548942790153909
SC_neg_avg=0.745105720984609
SC_avg=-0.0006776118835524048
SC_std=0.004104749704855785
SC_avg_abs=0.002508629603373603
SC_std_abs=0.0033188711209269093