conf_id=297
---
run_0
TV=6799.411
FD=5.610052
IGSD=[42.154,42.22,41.969,41.944,42.132,39.834]
SC_pos=0.25531608978105413
SC_neg=0.7446839102189459
SC_avg=-0.0005225345320111911
SC_std=0.0029422755382424374
SC_avg_abs=0.0018135032182702274
SC_std_abs=0.002375128155996537
---
run_1
TV=6532.459
FD=5.598471
IGSD=[44.783,42.425,43.202,41.99,44.94,40.208]
SC_pos=0.24340117870833505
SC_neg=0.756598821291665
SC_avg=-0.00043727563859915467
SC_std=0.00304327421296736
SC_avg_abs=0.00172661408097559
SC_std_abs=0.002543920544121067
---
run_2
TV=6742.47
FD=5.43892
IGSD=[42.251,40.707,41.162,41.846,48.558,41.93]
SC_pos=0.256288367739432
SC_neg=0.743711632260568
SC_avg=-0.0004428941653960917
SC_std=0.002603434626655962
SC_avg_abs=0.0016580221597867148
SC_std_abs=0.0020554779528541194
---
run_3
TV=6877.452
FD=5.530492
IGSD=[45.618,42.363,41.46,39.388,38.275,39.739]
SC_pos=0.24258324702717676
SC_neg=0.7574167529728233
SC_avg=-0.0005131953355930591
SC_std=0.003019468923119869
SC_avg_abs=0.0018611516880423307
SC_std_abs=0.0024324219256244032
---
run_4
TV=7362.545
FD=6.075368
IGSD=[40.309,35.9,39.233,39.346,39.573,41.111]
SC_pos=0.25520960120858316
SC_neg=0.7447903987914168
SC_avg=-0.0005603817777789555
SC_std=0.0027783421053061076
SC_avg_abs=0.001887813177842815
SC_std_abs=0.002114089401266296
---
combined
TV_avg=6862.8674
TV_std=274.8026105833786
FD_avg=5.6506606
FD_std=0.22091797684715475
IGSD_avg=41.55233333333334
IGSD_std=2.354041239136553
SC_pos_avg=0.2505596968929162
SC_neg_avg=0.7494403031070838
SC_avg=-0.000495256289875691
SC_std=0.0028825045829749853
SC_avg_abs=0.0017894208649835354
SC_std_abs=0.002313457246524082