conf_id=160
---
run_0
TV=18600.724
FD=26.425903
IGSD=[16.44,14.523,17.327,18.634,13.91,13.616]
SC_pos=0.26491746410516764
SC_neg=0.7350825358948324
SC_avg=-0.002974144463216309
SC_std=0.015131715973937268
SC_avg_abs=0.010530446860728283
SC_std_abs=0.011266057541010812
---
run_1
TV=19778.095
FD=26.370561
IGSD=[16.223,13.618,14.24,15.346,16.146,13.991]
SC_pos=0.25123741171444736
SC_neg=0.7487625882855526
SC_avg=-0.003789660185444155
SC_std=0.01633627319269275
SC_avg_abs=0.011665525488506152
SC_std_abs=0.012047857121681268
---
run_2
TV=20360.379
FD=30.976199
IGSD=[13.127,16.539,15.682,15.146,13.139,13.593]
SC_pos=0.23828164735749852
SC_neg=0.7617183526425015
SC_avg=-0.004203313198641783
SC_std=0.016775811374691807
SC_avg_abs=0.01239619643775738
SC_std_abs=0.012059436263841117
---
run_3
TV=18231.476
FD=24.809286
IGSD=[19.181,14.153,15.475,16.507,16.186,18.926]
SC_pos=0.28651579128156923
SC_neg=0.7134842087184308
SC_avg=-0.003404426265735406
SC_std=0.012069816892131567
SC_avg_abs=0.009806708931347354
SC_std_abs=0.00781658863854596
---
run_4
TV=21174.62
FD=33.650337
IGSD=[14.737,14.099,13.282,15.054,13.833,12.926]
SC_pos=0.2376752425878049
SC_neg=0.7623247574121951
SC_avg=-0.005024752999983389
SC_std=0.018419098919934256
SC_avg_abs=0.014265500789676193
SC_std_abs=0.012688846872466906
---
combined
TV_avg=19629.0588
TV_std=1091.467873144309
FD_avg=28.446457199999998
FD_std=3.319667368696352
IGSD_avg=15.186633333333333
IGSD_std=1.7149803396994252
SC_pos_avg=0.25572551140929756
SC_neg_avg=0.7442744885907024
SC_avg=-0.0038792594226042076
SC_std=0.015903987401144393
SC_avg_abs=0.011732875701603092
SC_std_abs=0.011416001782338493