conf_id=49
---
run_0
TV=8382.811
FD=7.921012
IGSD=[29.819,38.453,35.884,33.892,30.485,29.899]
SC_pos=0.2214976809730818
SC_neg=0.7785023190269182
SC_avg=-0.0007299105349333028
SC_std=0.004740251195536369
SC_avg_abs=0.0027529249665917887
SC_std_abs=0.0039273597892357905
---
run_1
TV=10167.192
FD=10.767056
IGSD=[24.296,33.479,32.176,29.778,27.1,26.376]
SC_pos=0.25619886761626576
SC_neg=0.7438011323837342
SC_avg=-0.0009651150503413357
SC_std=0.0052677057290546935
SC_avg_abs=0.0036035626664885022
SC_std_abs=0.003961629313426648
---
run_2
TV=10018.512
FD=9.776731
IGSD=[27.384,27.672,27.971,29.857,27.872,28.522]
SC_pos=0.245359408255019
SC_neg=0.754640591744981
SC_avg=-0.0011593212754839642
SC_std=0.006044147547610374
SC_avg_abs=0.003957167230412983
SC_std_abs=0.004713445969523772
---
run_3
TV=11168.394
FD=12.438169
IGSD=[29.68,23.36,23.485,25.155,27.501,26.179]
SC_pos=0.2574599492128236
SC_neg=0.7425400507871763
SC_avg=-0.0013548787899370148
SC_std=0.006632603560234891
SC_avg_abs=0.004653213502633787
SC_std_abs=0.004916780513869655
---
run_4
TV=9287.198
FD=8.753872
IGSD=[33.314,37.853,30.935,30.279,29.39,28.44]
SC_pos=0.26502602443974893
SC_neg=0.7349739755602511
SC_avg=-0.0007742686817875814
SC_std=0.004244825049605768
SC_avg_abs=0.0030388213140781386
SC_std_abs=0.0030632656943957843
---
combined
TV_avg=9804.8214
TV_std=930.1993250566462
FD_avg=9.931368
FD_std=1.5769823312558706
IGSD_avg=29.549533333333333
IGSD_std=3.7276402878437125
SC_pos_avg=0.24910838609938782
SC_neg_avg=0.7508916139006122
SC_avg=-0.0009966988664966414
SC_std=0.005459611377283493
SC_avg_abs=0.003601137936041039
SC_std_abs=0.004222862842556597