conf_id=233
---
run_0
TV=9364.651
FD=8.618595
IGSD=[29.721,33.418,30.208,36.7,29.952,31.225]
SC_pos=0.2689087138107184
SC_neg=0.7310912861892815
SC_avg=-0.0008721974685524409
SC_std=0.004065381981091937
SC_avg_abs=0.003003201914756803
SC_std_abs=0.0028755586127807145
---
run_1
TV=18607.048
FD=30.459742
IGSD=[18.428,14.47,14.43,17.408,14.666,15.305]
SC_pos=0.2526619553415103
SC_neg=0.7473380446584897
SC_avg=-0.003488288619561195
SC_std=0.015653384306697604
SC_avg_abs=0.011189080012080502
SC_std_abs=0.011489172565062615
---
run_2
TV=10009.183
FD=9.574606
IGSD=[29.206,26.576,29.652,30.846,29.28,28.708]
SC_pos=0.25313473145508764
SC_neg=0.7468652685449124
SC_avg=-0.001043507979344745
SC_std=0.0054163536341937015
SC_avg_abs=0.003649775774003483
SC_std_abs=0.0041358109716350365
---
run_3
TV=8080.039
FD=7.567649
IGSD=[34.021,35.491,36.395,34.045,35.699,36.717]
SC_pos=0.2539066700173966
SC_neg=0.7460933299826034
SC_avg=-0.0005827162796635082
SC_std=0.003851687302587119
SC_avg_abs=0.002502929628475906
SC_std_abs=0.002985028745991095
---
run_4
TV=8718.75
FD=8.14635
IGSD=[29.642,32.535,32.353,30.269,32.552,33.154]
SC_pos=0.2528076002178665
SC_neg=0.7471923997821335
SC_avg=-0.0007385119813300013
SC_std=0.005213473997474476
SC_avg_abs=0.002928443224552849
SC_std_abs=0.00437606345354829
---
combined
TV_avg=10955.9342
TV_std=3879.2738697845707
FD_avg=12.8733884
FD_std=8.817718840598777
IGSD_avg=28.769066666666667
IGSD_std=6.988246365306694
SC_pos_avg=0.2562839341685159
SC_neg_avg=0.7437160658314841
SC_avg=-0.0013450444656903783
SC_std=0.008231227050099484
SC_avg_abs=0.004654686110773908
SC_std_abs=0.0069207037629956565