conf_id=62
---
run_0
TV=9431.01
FD=10.943384
IGSD=[31.842,31.982,31.106,27.919,33.68,29.346]
SC_pos=0.26689931173990933
SC_neg=0.7331006882600907
SC_avg=-0.0008065854976420349
SC_std=0.004632485472371377
SC_avg_abs=0.0033016455333407576
SC_std_abs=0.0033480798361014827
---
run_1
TV=10548.695
FD=11.661934
IGSD=[25.488,28.865,29.491,29.749,27.462,28.062]
SC_pos=0.27189267277822676
SC_neg=0.7281073272217732
SC_avg=-0.0012320369410241175
SC_std=0.005176547714268626
SC_avg_abs=0.003998794943255734
SC_std_abs=0.0035105840345931354
---
run_2
TV=10924.389
FD=13.154509
IGSD=[27.046,26.682,24.979,28.485,26.969,26.933]
SC_pos=0.26796585487430724
SC_neg=0.7320341451256928
SC_avg=-0.001305683341587202
SC_std=0.006126733038621068
SC_avg_abs=0.004563813467172322
SC_std_abs=0.0042910690220370334
---
run_3
TV=8916.154
FD=9.112665
IGSD=[35.945,30.873,31.002,35.842,33.313,32.135]
SC_pos=0.2603813409646
SC_neg=0.7396186590354
SC_avg=-0.0007697410496792768
SC_std=0.0036191717093910745
SC_avg_abs=0.0026729420689929973
SC_std_abs=0.0025585710545977624
---
run_4
TV=10149.866
FD=10.207803
IGSD=[27.125,27.656,28.838,31.453,30.537,29.375]
SC_pos=0.27488554032280954
SC_neg=0.7251144596771905
SC_avg=-0.0008825535428218403
SC_std=0.004058224077457998
SC_avg_abs=0.0030772319579629153
SC_std_abs=0.002789036911856657
---
combined
TV_avg=9994.0228
TV_std=731.616591052827
FD_avg=11.016059
FD_std=1.3617335315341248
IGSD_avg=29.67266666666666
IGSD_std=2.7465348269329404
SC_pos_avg=0.2684049441359706
SC_neg_avg=0.7315950558640294
SC_avg=-0.0009993200745508945
SC_std=0.0048085863889783444
SC_avg_abs=0.0035228855941449545
SC_std_abs=0.0034220492051158747