conf_id=124
---
run_0
TV=12208.438
FD=13.294221
IGSD=[27.921,21.293,21.817,23.693,25.666,25.936]
SC_pos=0.2657032834736158
SC_neg=0.7342967165263842
SC_avg=-0.0016636060985879026
SC_std=0.006570510495541741
SC_avg_abs=0.005060337173571313
SC_std_abs=0.00450912198915214
---
run_1
TV=12567.739
FD=15.683975
IGSD=[25.344,20.645,20.722,22.288,26.872,25.367]
SC_pos=0.2707612834897755
SC_neg=0.7292387165102244
SC_avg=-0.0015011698436640038
SC_std=0.008030563879877398
SC_avg_abs=0.0057261249754460624
SC_std_abs=0.00582708845770257
---
run_2
TV=12228.996
FD=14.442071
IGSD=[22.434,26.856,23.894,27.563,22.189,22.033]
SC_pos=0.27242283670226025
SC_neg=0.7275771632977398
SC_avg=-0.0016208734894585255
SC_std=0.008056185607927853
SC_avg_abs=0.005949119300249798
SC_std_abs=0.005668980240714252
---
run_3
TV=12550.684
FD=11.77236
IGSD=[19.977,26.113,23.974,20.329,27.151,24.639]
SC_pos=0.26961559904276305
SC_neg=0.730384400957237
SC_avg=-0.001631280786702528
SC_std=0.008349423615699047
SC_avg_abs=0.005887878000786004
SC_std_abs=0.006140589903854345
---
run_4
TV=13592.289
FD=14.763614
IGSD=[22.173,20.86,21.517,21.15,20.737,23.72]
SC_pos=0.28015195960726846
SC_neg=0.7198480403927315
SC_avg=-0.0018051557585549271
SC_std=0.010413827323876166
SC_avg_abs=0.007395426900233748
SC_std_abs=0.0075507647167325255
---
combined
TV_avg=12629.6292
TV_std=504.9129865421966
FD_avg=13.991248200000001
FD_std=1.3471767446839926
IGSD_avg=23.495766666666665
IGSD_std=2.4252280673967324
SC_pos_avg=0.27173099246313664
SC_neg_avg=0.7282690075368634
SC_avg=-0.0016444171953935783
SC_std=0.008375820162478358
SC_avg_abs=0.006003777270057378
SC_std_abs=0.006067382450301562