conf_id=132
---
run_0
TV=7994.978
FD=7.050759
IGSD=[35.838,36.099,38.231,36.759,35.718,36.627]
SC_pos=0.26954267301647944
SC_neg=0.7304573269835206
SC_avg=-0.0006383962685132278
SC_std=0.0036380152902264306
SC_avg_abs=0.0025165941547697383
SC_std_abs=0.002703601099968654
---
run_1
TV=8847.302
FD=7.331757
IGSD=[32.814,30.132,30.192,32.286,32.868,32.159]
SC_pos=0.22340308058595235
SC_neg=0.7765969194140476
SC_avg=-0.0009149175919770546
SC_std=0.004744078818032267
SC_avg_abs=0.0029618962206070464
SC_std_abs=0.003817136205346256
---
run_2
TV=7877.268
FD=6.691916
IGSD=[31.052,34.899,41.553,36.627,40.686,38.163]
SC_pos=0.2708733658199444
SC_neg=0.7291266341800556
SC_avg=-0.000580063415396659
SC_std=0.003040295852842607
SC_avg_abs=0.002058437262054171
SC_std_abs=0.002311429963654644
---
run_3
TV=9752.244
FD=9.584201
IGSD=[29.776,30.636,28.336,30.543,28.961,29.648]
SC_pos=0.25699939649569725
SC_neg=0.7430006035043027
SC_avg=-0.0009764125554259571
SC_std=0.005965064062007924
SC_avg_abs=0.003734632539442179
SC_std_abs=0.004752671936668
---
run_4
TV=8819.872
FD=7.442065
IGSD=[33.321,34.963,40.677,31.739,34.248,26.738]
SC_pos=0.2874528492840715
SC_neg=0.7125471507159284
SC_avg=-0.0005803977832113863
SC_std=0.0032361123110709275
SC_avg_abs=0.002306764399395603
SC_std_abs=0.0023426742159981563
---
combined
TV_avg=8658.3328
TV_std=679.4921335310366
FD_avg=7.6201396
FD_std=1.015697355453011
IGSD_avg=33.74296666666667
IGSD_std=3.8145746768880486
SC_pos_avg=0.261654273040429
SC_neg_avg=0.738345726959571
SC_avg=-0.0007380375229048578
SC_std=0.004270529096280076
SC_avg_abs=0.0027156649152537474
SC_std_abs=0.003377466834100691