conf_id=219
---
run_0
TV=7117.142
FD=5.801317
IGSD=[37.247,36.147,39.672,43.825,38.345,39.143]
SC_pos=0.23202264684598045
SC_neg=0.7679773531540196
SC_avg=-0.0005922355906078255
SC_std=0.003443555833774207
SC_avg_abs=0.0020802927966976034
SC_std_abs=0.002807347797318858
---
run_1
TV=7309.486
FD=6.158826
IGSD=[43.301,37.429,38.175,42.826,35.048,37.083]
SC_pos=0.23885138193783925
SC_neg=0.7611486180621607
SC_avg=-0.0006558201599286714
SC_std=0.003087220607365641
SC_avg_abs=0.002036713406164599
SC_std_abs=0.0024109810579640294
---
run_2
TV=9417.524
FD=7.557293
IGSD=[31.43,29.433,30.516,32.1,30.363,29.286]
SC_pos=0.24143424776078773
SC_neg=0.7585657522392123
SC_avg=-0.0010926148630634655
SC_std=0.004568187129699444
SC_avg_abs=0.0031579674125066268
SC_std_abs=0.0034769789634803688
---
run_3
TV=7857.403
FD=6.62562
IGSD=[36.614,31.883,31.347,36.6,35.38,40.172]
SC_pos=0.22558153844496437
SC_neg=0.7744184615550357
SC_avg=-0.0006705613374324889
SC_std=0.0037151096923556974
SC_avg_abs=0.0022955756197797677
SC_std_abs=0.0029970026872472477
---
run_4
TV=8545.913
FD=7.455868
IGSD=[33.71,34.86,33.85,33.32,34.894,31.556]
SC_pos=0.2597038747545221
SC_neg=0.7402961252454779
SC_avg=-0.0008593877260619445
SC_std=0.0041134768549502074
SC_avg_abs=0.0028201625387813145
SC_std_abs=0.003115432932157503
---
combined
TV_avg=8049.4936
TV_std=845.1897951003904
FD_avg=6.719784800000001
FD_std=0.6943145320217341
IGSD_avg=35.5185
IGSD_std=3.9835496294134454
SC_pos_avg=0.23951873794881878
SC_neg_avg=0.7604812620511813
SC_avg=-0.0007741239354188817
SC_std=0.0038248289928629006
SC_avg_abs=0.0024781423547859884
SC_std_abs=0.0030145306701788283