conf_id=253
---
run_0
TV=14566.435
FD=16.700928
IGSD=[17.535,35.144,18.315,19.729,17.759,19.205]
SC_pos=0.28461702130745176
SC_neg=0.7153829786925482
SC_avg=-0.0017644417980226769
SC_std=0.008586659416696096
SC_avg_abs=0.006130625089422634
SC_std_abs=0.006265733062450626
---
run_1
TV=10668.292
FD=10.67763
IGSD=[27.304,25.666,25.848,23.762,24.086,23.375]
SC_pos=0.21167690704148434
SC_neg=0.7883230929585157
SC_avg=-0.0015178718220409477
SC_std=0.007598908308616056
SC_avg_abs=0.004530570290148913
SC_std_abs=0.006286594880928791
---
run_2
TV=8828.577
FD=7.671062
IGSD=[30.355,43.183,32.894,26.432,26.991,26.915]
SC_pos=0.22210450009519747
SC_neg=0.7778954999048026
SC_avg=-0.0009858624240780863
SC_std=0.00489765020810669
SC_avg_abs=0.0028831602970677507
SC_std_abs=0.004079986394779865
---
run_3
TV=12984.911
FD=13.040371
IGSD=[23.4,20.578,22.227,21.242,21.852,23.889]
SC_pos=0.234656478016843
SC_neg=0.765343521983157
SC_avg=-0.0019203722805839418
SC_std=0.007839339723780923
SC_avg_abs=0.005436103984707847
SC_std_abs=0.0059658905846761996
---
run_4
TV=9371.773
FD=6.835993
IGSD=[26.497,30.217,26.787,31.136,34.476,29.75]
SC_pos=0.22851784688393512
SC_neg=0.7714821531160648
SC_avg=-0.0008478571172592914
SC_std=0.005663425086420999
SC_avg_abs=0.003219533381671108
SC_std_abs=0.004735805127440882
---
combined
TV_avg=11283.997599999999
TV_std=2178.636652075752
FD_avg=10.9851968
FD_std=3.6107423925272437
IGSD_avg=25.884966666666664
IGSD_std=5.698311489574979
SC_pos_avg=0.23631455066898235
SC_neg_avg=0.7636854493310177
SC_avg=-0.0014072810883969894
SC_std=0.007069431964746498
SC_avg_abs=0.004439998608603652
SC_std_abs=0.005678355459244956