conf_id=174
---
run_0
TV=11484.426
FD=11.289591
IGSD=[27.304,26.988,23.266,25.23,26.458,25.941]
SC_pos=0.2682126017416475
SC_neg=0.7317873982583525
SC_avg=-0.0014074364033959744
SC_std=0.005716727246441944
SC_avg_abs=0.0042354183410696885
SC_std_abs=0.004089386153929021
---
run_1
TV=10325.61
FD=8.811995
IGSD=[29.036,27.273,28.46,27.355,25.578,25.643]
SC_pos=0.22599692674808552
SC_neg=0.7740030732519144
SC_avg=-0.001109953020103723
SC_std=0.006225600953904697
SC_avg_abs=0.0038845512199227683
SC_std_abs=0.004990026529377665
---
run_2
TV=12149.213
FD=12.409417
IGSD=[22.301,20.663,20.512,25.957,21.999,23.614]
SC_pos=0.20316921593541407
SC_neg=0.796830784064586
SC_avg=-0.0015796901013557336
SC_std=0.00981726494765737
SC_avg_abs=0.005598933856447684
SC_std_abs=0.008217423655863629
---
run_3
TV=7384.183
FD=6.41674
IGSD=[37.231,36.416,35.911,36.313,40.981,39.99]
SC_pos=0.2326363027830602
SC_neg=0.7673636972169398
SC_avg=-0.0006091073015435623
SC_std=0.0033329716153449396
SC_avg_abs=0.002080204596907248
SC_std_abs=0.002674408407198625
---
run_4
TV=7561.775
FD=6.691314
IGSD=[36.006,35.576,36.188,37.564,34.999,34.661]
SC_pos=0.23254825289337117
SC_neg=0.7674517471066288
SC_avg=-0.0007237475789105653
SC_std=0.004008462210464621
SC_avg_abs=0.0024131150995819303
SC_std_abs=0.0032815324723170897
---
combined
TV_avg=9781.041399999998
TV_std=1973.645577427173
FD_avg=9.123811399999997
FD_std=2.4011794629948504
IGSD_avg=29.847133333333332
IGSD_std=6.122808450013406
SC_pos_avg=0.2325126600203157
SC_neg_avg=0.7674873399796843
SC_avg=-0.0010859868810619143
SC_std=0.006256205179943078
SC_avg_abs=0.003642444622785861
SC_std_abs=0.005201160248379542