conf_id=56
---
run_0
TV=6798.619
FD=5.31311
IGSD=[40.742,41.425,40.619,42.377,40.169,43.639]
SC_pos=0.25176136035214985
SC_neg=0.7482386396478502
SC_avg=-0.0004814609604247211
SC_std=0.0034307884274823635
SC_avg_abs=0.00185827965231947
SC_std_abs=0.0029238520182005507
---
run_1
TV=6957.793
FD=5.683
IGSD=[42.323,41.662,38.868,38.783,43.194,40.539]
SC_pos=0.2620810145999148
SC_neg=0.7379189854000853
SC_avg=-0.0005169820151326603
SC_std=0.003475818362812766
SC_avg_abs=0.0019964723223361075
SC_std_abs=0.0028918302096393772
---
run_2
TV=7073.111
FD=6.272037
IGSD=[43.157,38.635,40.246,34.951,40.278,34.378]
SC_pos=0.2264788186149483
SC_neg=0.7735211813850517
SC_avg=-0.0004937438227858063
SC_std=0.0038649767530752315
SC_avg_abs=0.0020321183698613575
SC_std_abs=0.0033245034509266336
---
run_3
TV=8117.188
FD=6.239931
IGSD=[37.717,34.911,35.635,37.626,33.951,35.473]
SC_pos=0.255886653066239
SC_neg=0.744113346933761
SC_avg=-0.0007583609815193056
SC_std=0.0037625725945956267
SC_avg_abs=0.0025018242247561388
SC_std_abs=0.0029108314029356527
---
run_4
TV=6574.649
FD=5.696461
IGSD=[42.165,40.342,39.115,41.182,40.122,40.475]
SC_pos=0.20907332359743258
SC_neg=0.7909266764025674
SC_avg=-0.0004887893587386224
SC_std=0.00389141381571731
SC_avg_abs=0.0018693888960771923
SC_std_abs=0.003447811142970996
---
combined
TV_avg=7104.272
TV_std=533.3573299310698
FD_avg=5.840907799999999
FD_std=0.36591315096530774
IGSD_avg=39.48996666666666
IGSD_std=2.7366027050990716
SC_pos_avg=0.2410562340461369
SC_neg_avg=0.7589437659538631
SC_avg=-0.0005478674277202225
SC_std=0.003691769567257113
SC_avg_abs=0.002051616693070059
SC_std_abs=0.0031177219569420976