conf_id=75
---
run_0
TV=6971.524
FD=6.079758
IGSD=[35.801,40.239,40.168,35.433,41.93,47.612]
SC_pos=0.232452951836296
SC_neg=0.767547048163704
SC_avg=-0.0005081140698969519
SC_std=0.0027972211182554544
SC_avg_abs=0.0017582244369482429
SC_std_abs=0.0022341156464604924
---
run_1
TV=6610.758
FD=5.203333
IGSD=[45.289,37.766,38.516,43.413,50.502,43.36]
SC_pos=0.24497758249808518
SC_neg=0.7550224175019148
SC_avg=-0.0004456383641828283
SC_std=0.002604221225710013
SC_avg_abs=0.0016221388930795968
SC_std_abs=0.0020854800779745203
---
run_2
TV=6172.945
FD=5.148246
IGSD=[42.898,42.396,42.739,44.457,45.407,47.793]
SC_pos=0.22556434281944862
SC_neg=0.7744356571805514
SC_avg=-0.0004469388799348458
SC_std=0.0027762605657539905
SC_avg_abs=0.0016040059202636397
SC_std_abs=0.0023096627674007476
---
run_3
TV=6636.574
FD=5.459927
IGSD=[41.861,39.754,40.469,42.645,44.796,41.599]
SC_pos=0.2389212003209574
SC_neg=0.7610787996790426
SC_avg=-0.00047631298728882004
SC_std=0.002937583545995537
SC_avg_abs=0.001755009263504884
SC_std_abs=0.002403375467249293
---
run_4
TV=5984.404
FD=4.800366
IGSD=[49.608,45.615,45.798,49.07,44.853,45.37]
SC_pos=0.233777636529641
SC_neg=0.766222363470359
SC_avg=-0.0004083695135964384
SC_std=0.0023136502915535226
SC_avg_abs=0.0014032326314962686
SC_std_abs=0.0018843252142729376
---
combined
TV_avg=6475.241
TV_std=352.9855074792731
FD_avg=5.338326
FD_std=0.4262071542980009
IGSD_avg=43.238566666666664
IGSD_std=3.7142616734539438
SC_pos_avg=0.23513874280088565
SC_neg_avg=0.7648612571991144
SC_avg=-0.00045707476297997696
SC_std=0.002694512665247955
SC_avg_abs=0.0016285222290585246
SC_std_abs=0.002194819170591752