conf_id=51
---
run_0
TV=6376.033
FD=5.403839
IGSD=[44.271,46.485,42.012,42.433,46.297,47.123]
SC_pos=0.2555953633135266
SC_neg=0.7444046366864734
SC_avg=-0.0004270138777035052
SC_std=0.0026931085962652915
SC_avg_abs=0.0016419552400831728
SC_std_abs=0.0021769606685911433
---
run_1
TV=8983.849
FD=8.028241
IGSD=[32.59,33.723,31.533,32.025,29.762,34.102]
SC_pos=0.2695503385362876
SC_neg=0.7304496614637124
SC_avg=-0.0008801010835527503
SC_std=0.005161050830652512
SC_avg_abs=0.003269725297916475
SC_std_abs=0.004088999886282065
---
run_2
TV=7872.348
FD=6.909881
IGSD=[34.522,34.77,35.539,35.839,37.196,39.101]
SC_pos=0.25274772629287795
SC_neg=0.747252273707122
SC_avg=-0.0005660951850237173
SC_std=0.003556360719933846
SC_avg_abs=0.0022523605617577234
SC_std_abs=0.0028098108884111487
---
run_3
TV=6773.029
FD=5.673791
IGSD=[45.148,40.679,41.116,44.424,39.808,40.201]
SC_pos=0.24952157833467203
SC_neg=0.750478421665328
SC_avg=-0.0005234464796695116
SC_std=0.0031454248754857195
SC_avg_abs=0.0018435714925869573
SC_std_abs=0.0026017182814677404
---
run_4
TV=6507.916
FD=5.530107
IGSD=[44.138,45.885,42.561,44.19,41.848,40.508]
SC_pos=0.24689686291709492
SC_neg=0.7531031370829051
SC_avg=-0.0004698067216676809
SC_std=0.0029076736395427837
SC_avg_abs=0.001730366208798148
SC_std_abs=0.0023835094153926975
---
combined
TV_avg=7302.635
TV_std=992.1396561740689
FD_avg=6.3091718
FD_std=1.01452734410826
IGSD_avg=39.66096666666667
IGSD_std=5.0234651485691515
SC_pos_avg=0.2548623738788918
SC_neg_avg=0.7451376261211081
SC_avg=-0.0005732926695234311
SC_std=0.0036059400847836347
SC_avg_abs=0.0021475957602285004
SC_std_abs=0.0029528462253607586