conf_id=295
---
run_0
TV=6499.155
FD=5.350114
IGSD=[43.514,40.507,43.763,43.822,41.298,42.765]
SC_pos=0.22598014547499187
SC_neg=0.7740198545250081
SC_avg=-0.0004756631091072259
SC_std=0.0028903871677611534
SC_avg_abs=0.0017371651041665495
SC_std_abs=0.0023585696457365662
---
run_1
TV=6149.251
FD=4.890346
IGSD=[46.469,43.704,44.686,45.546,43.73,44.055]
SC_pos=0.2301775355105205
SC_neg=0.7698224644894794
SC_avg=-0.0004865251467501664
SC_std=0.0027804412844463695
SC_avg_abs=0.0016045479997519368
SC_std_abs=0.0023222803816865256
---
run_2
TV=7541.585
FD=5.439955
IGSD=[38.979,36.377,36.266,37.787,36.631,36.81]
SC_pos=0.21695617125102734
SC_neg=0.7830438287489727
SC_avg=-0.0007492546667707348
SC_std=0.0033473813720423244
SC_avg_abs=0.0021375958231431556
SC_std_abs=0.0026827278472582035
---
run_3
TV=7362.804
FD=6.092809
IGSD=[38.109,36.514,36.337,36.508,42.673,42.053]
SC_pos=0.24275748222065552
SC_neg=0.7572425177793445
SC_avg=-0.0005995848446718869
SC_std=0.0030463596275076494
SC_avg_abs=0.0019346962726557353
SC_std_abs=0.0024283243808521046
---
run_4
TV=6706.616
FD=5.355353
IGSD=[40.308,39.213,41.165,44.01,40.262,40.761]
SC_pos=0.20982060819062864
SC_neg=0.7901793918093714
SC_avg=-0.0005283408901178221
SC_std=0.0031391245544823603
SC_avg_abs=0.0018246303541388476
SC_std_abs=0.002608442281416193
---
combined
TV_avg=6851.8822
TV_std=524.5837183403237
FD_avg=5.4257154
FD_std=0.3853578780409711
IGSD_avg=40.82073333333333
IGSD_std=3.1367125671455596
SC_pos_avg=0.22513838852956478
SC_neg_avg=0.7748616114704352
SC_avg=-0.000567873731483566
SC_std=0.0030487752160308457
SC_avg_abs=0.0018477271107712424
SC_std_abs=0.0024906656573924074