conf_id=181
---
run_0
TV=20434.344
FD=26.308893
IGSD=[14.554,13.995,15.555,15.498,13.407,13.811]
SC_pos=0.23772372182118662
SC_neg=0.7622762781788134
SC_avg=-0.004124871903461967
SC_std=0.01744663140032498
SC_avg_abs=0.012583081280828048
SC_std_abs=0.012769713423520923
---
run_1
TV=17151.954
FD=17.770182
IGSD=[14.084,18.761,21.761,16.44,18.047,14.55]
SC_pos=0.2786870166190541
SC_neg=0.7213129833809458
SC_avg=-0.0022899424267803985
SC_std=0.011505907598416661
SC_avg_abs=0.008177340589013557
SC_std_abs=0.008411946675564606
---
run_2
TV=17247.502
FD=23.443023
IGSD=[16.608,15.516,18.591,15.288,18.143,19.704]
SC_pos=0.2837912169302742
SC_neg=0.7162087830697258
SC_avg=-0.0025180166655973915
SC_std=0.010801994993663763
SC_avg_abs=0.0081319063263694
SC_std_abs=0.007542917424346939
---
run_3
TV=17287.018
FD=23.693429
IGSD=[19.353,13.886,15.374,14.738,20.236,21.185]
SC_pos=0.28662808078794916
SC_neg=0.7133719192120509
SC_avg=-0.002683172468820022
SC_std=0.010625554089460792
SC_avg_abs=0.008297292101684475
SC_std_abs=0.007159382514212755
---
run_4
TV=16072.515
FD=15.853393
IGSD=[14.482,49.51,19.263,18.483,14.949,17.711]
SC_pos=0.293588787126236
SC_neg=0.706411212873764
SC_avg=-0.00224329384660932
SC_std=0.009738293463414302
SC_avg_abs=0.007609421763374515
SC_std_abs=0.006477918437962557
---
combined
TV_avg=17638.6666
TV_std=1468.4821140366134
FD_avg=21.413784
FD_std=3.936253751330369
IGSD_avg=17.782766666666664
IGSD_std=6.3467248702688295
SC_pos_avg=0.27608376465694
SC_neg_avg=0.7239162353430599
SC_avg=-0.0027718594622538127
SC_std=0.01235803610503127
SC_avg_abs=0.008959808412254007
SC_std_abs=0.008951318029622526