conf_id=122
---
run_0
TV=13775.081
FD=16.636595
IGSD=[21.52,21.454,20.501,21.531,21.826,20.137]
SC_pos=0.2723930033278715
SC_neg=0.7276069966721285
SC_avg=-0.0021693251949213154
SC_std=0.011239158278250944
SC_avg_abs=0.008010555668828172
SC_std_abs=0.008176530344926373
---
run_1
TV=11863.948
FD=12.96797
IGSD=[28.674,22.541,25.437,26.272,23.984,23.795]
SC_pos=0.2745598593190657
SC_neg=0.7254401406809343
SC_avg=-0.0014011258272110746
SC_std=0.006005615208186341
SC_avg_abs=0.004647152459155958
SC_std_abs=0.0040539538272947335
---
run_2
TV=11789.1
FD=13.979823
IGSD=[24.873,22.579,22.564,26.707,26.342,28.116]
SC_pos=0.2800415346867879
SC_neg=0.7199584653132121
SC_avg=-0.0012721481007702375
SC_std=0.007006783699185629
SC_avg_abs=0.0051596445604205786
SC_std_abs=0.004908303842223825
---
run_3
TV=11878.412
FD=14.199571
IGSD=[24.564,29.417,24.828,27.623,20.855,22.108]
SC_pos=0.2738312205848626
SC_neg=0.7261687794151375
SC_avg=-0.001381650943982513
SC_std=0.007046465147562808
SC_avg_abs=0.005075653025376325
SC_std_abs=0.005079308690443339
---
run_4
TV=12176.028
FD=13.773293
IGSD=[21.842,25.788,23.085,20.432,33.878,21.13]
SC_pos=0.28632829681058436
SC_neg=0.7136717031894156
SC_avg=-0.0010734105196470347
SC_std=0.006732647094193892
SC_avg_abs=0.004663610101373694
SC_std_abs=0.004973076297525672
---
combined
TV_avg=12296.513799999999
TV_std=751.0085011290884
FD_avg=14.311450400000002
FD_std=1.2347748066625914
IGSD_avg=24.14676666666667
IGSD_std=3.1622468982600895
SC_pos_avg=0.2774307829458344
SC_neg_avg=0.7225692170541655
SC_avg=-0.0014595321173064353
SC_std=0.00783785435247513
SC_avg_abs=0.005511323163030934
SC_std_abs=0.005760860338933843