conf_id=55
---
run_0
TV=7300.965
FD=6.554766
IGSD=[36.985,39.597,39.282,38.471,37.19,38.228]
SC_pos=0.2380067245254577
SC_neg=0.7619932754745423
SC_avg=-0.0006208728378622031
SC_std=0.0033180604813005904
SC_avg_abs=0.0020979212269050204
SC_std_abs=0.002644567065526055
---
run_1
TV=7358.526
FD=6.159851
IGSD=[36.999,40.961,46.879,40.588,36.463,36.763]
SC_pos=0.26252913674437917
SC_neg=0.7374708632556208
SC_avg=-0.0005961117602752593
SC_std=0.003082525598780105
SC_avg_abs=0.0020736006650658796
SC_std_abs=0.00235743368511427
---
run_2
TV=6061.226
FD=4.988522
IGSD=[45.144,45.343,46.253,46.172,46.194,48.091]
SC_pos=0.23917602706052798
SC_neg=0.760823972939472
SC_avg=-0.0004108236110631544
SC_std=0.002451772351164328
SC_avg_abs=0.00148056015407471
SC_std_abs=0.0019969740437740047
---
run_3
TV=6991.607
FD=5.781969
IGSD=[39.334,39.198,37.971,39.065,38.558,39.796]
SC_pos=0.21886032780663167
SC_neg=0.7811396721933683
SC_avg=-0.0005913275989196899
SC_std=0.0035582184956747744
SC_avg_abs=0.0020676433634614225
SC_std_abs=0.002955577458592504
---
run_4
TV=7341.373
FD=6.070178
IGSD=[32.795,37.797,47.185,40.082,34.542,34.27]
SC_pos=0.23288159941692327
SC_neg=0.7671184005830767
SC_avg=-0.0005377488927495387
SC_std=0.0035604028392722973
SC_avg_abs=0.0020102789300516363
SC_std_abs=0.002987376921806493
---
combined
TV_avg=7010.7394
TV_std=493.24370061729127
FD_avg=5.9110572
FD_std=0.5233189776277563
IGSD_avg=40.20653333333333
IGSD_std=4.154099964559778
SC_pos_avg=0.23829076311078395
SC_neg_avg=0.761709236889216
SC_avg=-0.0005513769401739706
SC_std=0.0032214416719399883
SC_avg_abs=0.0019460008679117353
SC_std_abs=0.002625791994418805