conf_id=180
---
run_0
TV=17155.898
FD=19.342259
IGSD=[16.249,24.964,14.399,18.673,15.167,13.762]
SC_pos=0.27604634863322747
SC_neg=0.7239536513667726
SC_avg=-0.0025096292552762418
SC_std=0.013132849336418013
SC_avg_abs=0.00913323753982917
SC_std_abs=0.00976493434350937
---
run_1
TV=20043.045
FD=23.095778
IGSD=[15.307,15.302,14.552,16.322,13.479,14.347]
SC_pos=0.2515168924231309
SC_neg=0.7484831075768691
SC_avg=-0.004353154678109069
SC_std=0.015003834903514882
SC_avg_abs=0.011738662070508107
SC_std_abs=0.010308677425251454
---
run_2
TV=18434.638
FD=26.161462
IGSD=[14.952,19.22,17.063,18.406,13.813,14.329]
SC_pos=0.27286888708461426
SC_neg=0.7271311129153857
SC_avg=-0.00336732326755216
SC_std=0.012546759202830047
SC_avg_abs=0.009649598118066281
SC_std_abs=0.0086974300021219
---
run_3
TV=19135.072
FD=18.171247
IGSD=[18.879,13.036,13.521,20.037,12.766,12.598]
SC_pos=0.24196151121786671
SC_neg=0.7580384887821333
SC_avg=-0.00378696215152717
SC_std=0.016087392020986135
SC_avg_abs=0.01143484075481024
SC_std_abs=0.011932714749214385
---
run_4
TV=16650.375
FD=17.29295
IGSD=[15.463,15.306,22.938,14.697,16.461,25.316]
SC_pos=0.2967658343224271
SC_neg=0.7032341656775729
SC_avg=-0.001790716958503205
SC_std=0.0126643276093242
SC_avg_abs=0.008389791105743616
SC_std_abs=0.009654183871449085
---
combined
TV_avg=18283.8056
TV_std=1247.6056462139943
FD_avg=20.812739200000003
FD_std=3.327155266206697
IGSD_avg=16.377466666666667
IGSD_std=3.3111985718501113
SC_pos_avg=0.2678318947362533
SC_neg_avg=0.7321681052637468
SC_avg=-0.0031615572621935682
SC_std=0.013988244524761313
SC_avg_abs=0.010069225917791474
SC_std_abs=0.010211616846666343