conf_id=274
---
run_0
TV=8148.3
FD=7.225848
IGSD=[36.298,34.818,33.449,36.217,31.956,31.939]
SC_pos=0.2341567689958314
SC_neg=0.7658432310041686
SC_avg=-0.0007796014286354876
SC_std=0.0043665813082091
SC_avg_abs=0.0026793039156471406
SC_std_abs=0.0035349881522191125
---
run_1
TV=9768.162
FD=9.755004
IGSD=[29.935,31.352,30.405,32.578,27.919,29.81]
SC_pos=0.28242944769515427
SC_neg=0.7175705523048457
SC_avg=-0.0009801358376296035
SC_std=0.004500414369262999
SC_avg_abs=0.003397480366826302
SC_std_abs=0.0031099072192437836
---
run_2
TV=8349.15
FD=7.46013
IGSD=[36.658,36.769,34.661,31.531,31.636,31.876]
SC_pos=0.24822341219633923
SC_neg=0.7517765878036607
SC_avg=-0.0006610868331308631
SC_std=0.004592836902197478
SC_avg_abs=0.002703978766350282
SC_std_abs=0.0037708998186444546
---
run_3
TV=8921.767
FD=8.274156
IGSD=[31.953,27.531,28.156,33.236,29.878,30.449]
SC_pos=0.21308508374787566
SC_neg=0.7869149162521243
SC_avg=-0.0008750909073965306
SC_std=0.006009987837728427
SC_avg_abs=0.0033490365798899214
SC_std_abs=0.0050665266102539065
---
run_4
TV=9308.588
FD=8.706443
IGSD=[28.719,35.398,31.973,30.732,28.982,28.122]
SC_pos=0.261065436813431
SC_neg=0.738934563186569
SC_avg=-0.0008757801821155907
SC_std=0.004337900343360035
SC_avg_abs=0.002829956387565854
SC_std_abs=0.003402310562071716
---
combined
TV_avg=8899.1934
TV_std=598.2655888080477
FD_avg=8.2843162
FD_std=0.9100389763842863
IGSD_avg=31.8312
IGSD_std=2.6932215084046343
SC_pos_avg=0.24779202988972632
SC_neg_avg=0.7522079701102736
SC_avg=-0.0008343390377816163
SC_std=0.004804370783931268
SC_avg_abs=0.002991951203255897
SC_std_abs=0.0038504971441093478