conf_id=241
---
run_0
TV=17875.478
FD=26.001051
IGSD=[19.609,14.364,15.127,17.066,16.587,17.368]
SC_pos=0.2810399168477559
SC_neg=0.718960083152244
SC_avg=-0.002988499405651043
SC_std=0.01178375478230742
SC_avg_abs=0.009248341537667404
SC_std_abs=0.007890258821469993
---
run_1
TV=18811.971
FD=26.752751
IGSD=[17.73,14.638,14.03,17.386,13.815,15.965]
SC_pos=0.26663909841885186
SC_neg=0.7333609015811481
SC_avg=-0.003215972384353444
SC_std=0.014979813546826698
SC_avg_abs=0.010717528263042696
SC_std_abs=0.01094860174659292
---
run_2
TV=20464.108
FD=34.839796
IGSD=[14.574,14.24,14.414,14.771,13.851,14.364]
SC_pos=0.23583696806730906
SC_neg=0.764163031932691
SC_avg=-0.004164411133701944
SC_std=0.017703909122149454
SC_avg_abs=0.0127448987775444
SC_std_abs=0.012974524016162394
---
run_3
TV=17643.029
FD=24.49098
IGSD=[18.015,14.734,14.005,15.233,18.231,16.751]
SC_pos=0.2716034547876247
SC_neg=0.7283965452123753
SC_avg=-0.002567013138997472
SC_std=0.012629141979527943
SC_avg_abs=0.008829053964468005
SC_std_abs=0.009387895913748336
---
run_4
TV=16465.79
FD=22.963411
IGSD=[15.271,20.321,25.721,17.447,17.089,18.799]
SC_pos=0.307989191202718
SC_neg=0.692010808797282
SC_avg=-0.0020802479483112883
SC_std=0.008371808568815671
SC_avg_abs=0.0068923641430057
SC_std_abs=0.00518747788039217
---
combined
TV_avg=18252.0752
TV_std=1334.9269609723824
FD_avg=27.0095978
FD_std=4.125777599937127
IGSD_avg=16.38386666666667
IGSD_std=2.5023939036228664
SC_pos_avg=0.2726217258648519
SC_neg_avg=0.7273782741351481
SC_avg=-0.0030032288022030337
SC_std=0.013481086704564098
SC_avg_abs=0.009686437337145646
SC_std_abs=0.009845405714743674