conf_id=240
---
run_0
TV=18891.715
FD=19.293693
IGSD=[18.841,13.239,13.583,20.465,12.764,12.641]
SC_pos=0.24447911653433976
SC_neg=0.7555208834656603
SC_avg=-0.003673264928585176
SC_std=0.01595155984610453
SC_avg_abs=0.0112739094758275
SC_std_abs=0.011867775776878975
---
run_1
TV=19170.637
FD=26.099786
IGSD=[14.143,17.604,16.581,16.903,13.302,14.155]
SC_pos=0.25787761645426616
SC_neg=0.7421223835457338
SC_avg=-0.0035275475860626327
SC_std=0.014354994864830656
SC_avg_abs=0.010449278158570514
SC_std_abs=0.010455718794328397
---
run_2
TV=22253.16
FD=27.850292
IGSD=[12.436,13.647,13.739,12.999,13.184,12.694]
SC_pos=0.21029980676674798
SC_neg=0.789700193233252
SC_avg=-0.005218231720611512
SC_std=0.020841301069618626
SC_avg_abs=0.015303022400041768
SC_std_abs=0.015080029110989884
---
run_3
TV=18122.981
FD=23.362723
IGSD=[17.649,14.557,16.463,18.048,13.929,16.947]
SC_pos=0.276577134085894
SC_neg=0.723422865914106
SC_avg=-0.003321871172134077
SC_std=0.012649090850358084
SC_avg_abs=0.009696452703822816
SC_std_abs=0.008775712642708561
---
run_4
TV=17430.802
FD=23.144427
IGSD=[15.464,20.771,15.143,15.352,17.113,16.897]
SC_pos=0.27025825964938743
SC_neg=0.7297417403506126
SC_avg=-0.0020493711874271484
SC_std=0.013134948156455141
SC_avg_abs=0.008796006283670013
SC_std_abs=0.00996780110125891
---
combined
TV_avg=19173.859
TV_std=1655.5544414336848
FD_avg=23.950184200000002
FD_std=2.9157810059302736
IGSD_avg=15.375099999999998
IGSD_std=2.3182559299323846
SC_pos_avg=0.2518983866981271
SC_neg_avg=0.748101613301873
SC_avg=-0.0035580573189641094
SC_std=0.015700360710515428
SC_avg_abs=0.011103733804386525
SC_std_abs=0.011656251281036027