conf_id=183
---
run_0
TV=22275.475
FD=36.803435
IGSD=[13.308,13.061,13.585,13.978,12.577,12.49]
SC_pos=0.21213020859122456
SC_neg=0.7878697914087754
SC_avg=-0.0052809971912099905
SC_std=0.02079610142035562
SC_avg_abs=0.015291007357794399
SC_std_abs=0.015051639764595845
---
run_1
TV=16363.043
FD=16.445157
IGSD=[19.917,16.183,14.495,14.903,18.953,39.636]
SC_pos=0.29965697834739263
SC_neg=0.7003430216526073
SC_avg=-0.0023343228905781535
SC_std=0.00992981522181584
SC_avg_abs=0.007839776100557045
SC_std_abs=0.0065259638667416065
---
run_2
TV=17625.477
FD=24.720991
IGSD=[19.094,13.684,13.813,14.009,22.091,19.371]
SC_pos=0.2712568489865665
SC_neg=0.7287431510134336
SC_avg=-0.0028578154083996497
SC_std=0.011644061018400508
SC_avg_abs=0.00861440769848109
SC_std_abs=0.008339259314415785
---
run_3
TV=21807.932
FD=36.034177
IGSD=[14.807,12.707,13.014,14.841,12.71,12.936]
SC_pos=0.2237009999774178
SC_neg=0.7762990000225822
SC_avg=-0.005187085122820253
SC_std=0.01989758463084236
SC_avg_abs=0.014679342890622607
SC_std_abs=0.014399188119906101
---
run_4
TV=18156.362
FD=24.554989
IGSD=[17.787,15.895,13.585,17.232,14.486,15.361]
SC_pos=0.2680290436186723
SC_neg=0.7319709563813277
SC_avg=-0.002828227392437859
SC_std=0.01430559258832139
SC_avg_abs=0.009879787536132141
SC_std_abs=0.01072560710296904
---
combined
TV_avg=19245.657799999997
TV_std=2360.7651552480525
FD_avg=27.7117498
FD_std=7.717090443222819
IGSD_avg=16.016966666666665
IGSD_std=5.0471133629916505
SC_pos_avg=0.2549548159042548
SC_neg_avg=0.7450451840957453
SC_avg=-0.0036976896010891837
SC_std=0.015970424909777223
SC_avg_abs=0.01126086431671742
SC_std_abs=0.01191303131135458