conf_id=95
---
run_0
TV=10519.56
FD=9.676271
IGSD=[26.758,25.005,25.601,25.791,28.588,27.211]
SC_pos=0.23863488279730977
SC_neg=0.7613651172026902
SC_avg=-0.0012620513312368562
SC_std=0.0066271145612201415
SC_avg_abs=0.0040930735187884775
SC_std_abs=0.005362664462746607
---
run_1
TV=7809.712
FD=6.689591
IGSD=[35.711,37.208,36.399,38.265,34.495,34.501]
SC_pos=0.2324724264001331
SC_neg=0.7675275735998669
SC_avg=-0.0007043379596579608
SC_std=0.0037637073350597038
SC_avg_abs=0.002294657679820511
SC_std_abs=0.003065310913730954
---
run_2
TV=5980.963
FD=4.949147
IGSD=[45.397,44.8,44.03,44.974,44.891,45.592]
SC_pos=0.2029881439269712
SC_neg=0.7970118560730288
SC_avg=-0.000458369140192536
SC_std=0.002650193969558624
SC_avg_abs=0.0015117992788483139
SC_std_abs=0.002224431002625044
---
run_3
TV=8950.951
FD=7.726612
IGSD=[28.762,34.225,32.381,35.892,29.544,29.639]
SC_pos=0.24301748836550194
SC_neg=0.756982511634498
SC_avg=-0.0009362301505561636
SC_std=0.004081461239141915
SC_avg_abs=0.0027410498188572513
SC_std_abs=0.003165675067338858
---
run_4
TV=12189.704
FD=10.699247
IGSD=[23.491,22.628,24.675,22.18,22.574,23.428]
SC_pos=0.21911246125545883
SC_neg=0.7808875387445412
SC_avg=-0.0017336335335376956
SC_std=0.007946888176867633
SC_avg_abs=0.005188494563508223
SC_std_abs=0.006264027545333004
---
combined
TV_avg=9090.178
TV_std=2143.6599346682765
FD_avg=7.9481736
FD_std=2.0582519635457266
IGSD_avg=32.48786666666666
IGSD_std=7.783730013017894
SC_pos_avg=0.22724508054907497
SC_neg_avg=0.772754919450925
SC_avg=-0.0010189244230362443
SC_std=0.005402017603580176
SC_avg_abs=0.0031658149719645525
SC_std_abs=0.004494175868002378