conf_id=298
---
run_0
TV=6274.826
FD=5.24217
IGSD=[38.472,44.141,44.927,45.415,48.747,42.717]
SC_pos=0.24006025512921683
SC_neg=0.7599397448707832
SC_avg=-0.0003788397346986943
SC_std=0.002908301661924793
SC_avg_abs=0.001609178197341248
SC_std_abs=0.002451995846355098
---
run_1
TV=6825.905
FD=5.931598
IGSD=[39.174,43.153,43.067,37.021,44.221,39.941]
SC_pos=0.24925224926032913
SC_neg=0.7507477507396708
SC_avg=-0.00048720926854380715
SC_std=0.003275917235719856
SC_avg_abs=0.001926570149797695
SC_std_abs=0.002693943960914907
---
run_2
TV=6291.362
FD=5.200069
IGSD=[50.463,44.954,42.315,41.561,44.607,40.848]
SC_pos=0.23242083952358586
SC_neg=0.7675791604764142
SC_avg=-0.00039599686094200483
SC_std=0.00287064763367326
SC_avg_abs=0.001612804116041575
SC_std_abs=0.0024075494250106596
---
run_3
TV=5876.315
FD=5.064473
IGSD=[44.544,49.716,45.534,45.656,49.709,43.827]
SC_pos=0.2364228623921104
SC_neg=0.7635771376078896
SC_avg=-0.00036529276798214974
SC_std=0.002915820820313035
SC_avg_abs=0.001527699389053709
SC_std_abs=0.0025102956876025518
---
run_4
TV=7783.855
FD=7.024385
IGSD=[35.631,36.036,34.812,33.567,35.462,34.65]
SC_pos=0.23057137748769424
SC_neg=0.7694286225123057
SC_avg=-0.0006100167584934681
SC_std=0.00475330650227771
SC_avg_abs=0.002583105912885544
SC_std_abs=0.004036534032193231
---
combined
TV_avg=6610.4526
TV_std=659.8052698124196
FD_avg=5.692538999999999
FD_std=0.730860973183546
IGSD_avg=42.162933333333335
IGSD_std=4.711672554647895
SC_pos_avg=0.2377455167585873
SC_neg_avg=0.7622544832414127
SC_avg=-0.00044747107813202316
SC_std=0.003422528809009461
SC_avg_abs=0.0018518715530239573
SC_std_abs=0.002912817461730996