conf_id=185
---
run_0
TV=14260.708
FD=17.147759
IGSD=[19.223,22.671,21.79,20.23,21.473,19.136]
SC_pos=0.27281771456048914
SC_neg=0.7271822854395109
SC_avg=-0.0020998801088327546
SC_std=0.008285595530277037
SC_avg_abs=0.00631054147781008
SC_std_abs=0.0057652108391330155
---
run_1
TV=13934.87
FD=13.02323
IGSD=[20.919,19.553,22.806,22.215,21.71,20.022]
SC_pos=0.2591927710419037
SC_neg=0.7408072289580964
SC_avg=-0.0019430652827042
SC_std=0.00835110690004259
SC_avg_abs=0.0061183812366595765
SC_std_abs=0.006006821138645731
---
run_2
TV=12584.206
FD=14.70225
IGSD=[22.481,22.698,22.754,23.772,22.328,26.873]
SC_pos=0.27824220929396626
SC_neg=0.7217577907060337
SC_avg=-0.0012726255769430616
SC_std=0.0075919306043272195
SC_avg_abs=0.005406530558438137
SC_std_abs=0.00547963625441366
---
run_3
TV=15364.756
FD=15.024754
IGSD=[16.977,19.341,19.413,17.562,18.323,19.484]
SC_pos=0.21774468391021895
SC_neg=0.782255316089781
SC_avg=-0.002708631970995443
SC_std=0.011495493946673619
SC_avg_abs=0.007942956135134016
SC_std_abs=0.008740281235043045
---
run_4
TV=12366.452
FD=12.506621
IGSD=[23.091,23.752,25.916,23.594,23.21,22.009]
SC_pos=0.25910782879538014
SC_neg=0.7408921712046198
SC_avg=-0.00153046825438366
SC_std=0.007665200223746295
SC_avg_abs=0.005330933202785991
SC_std_abs=0.005716535553570039
---
combined
TV_avg=13702.1984
TV_std=1110.341593531216
FD_avg=14.480922799999998
FD_std=1.6419189576735387
IGSD_avg=21.510866666666672
IGSD_std=2.2723769601210293
SC_pos_avg=0.25742104152039164
SC_neg_avg=0.7425789584796084
SC_avg=-0.0019109342387718174
SC_std=0.008810861621058073
SC_avg_abs=0.006221868522165556
SC_std_abs=0.006524668900659241