conf_id=123
---
run_0
TV=13648.641
FD=17.100543
IGSD=[21.484,21.587,20.507,20.306,23.06,21.342]
SC_pos=0.2689219730882245
SC_neg=0.7310780269117755
SC_avg=-0.0019256783067392736
SC_std=0.009969688207267352
SC_avg_abs=0.007171886143345288
SC_std_abs=0.007187973917458517
---
run_1
TV=12167.182
FD=14.721548
IGSD=[25.275,24.533,24.472,21.837,23.904,26.551]
SC_pos=0.27536888242314955
SC_neg=0.7246311175768505
SC_avg=-0.0013356196137101826
SC_std=0.006410643981064384
SC_avg_abs=0.004736925404521111
SC_std_abs=0.004521257979421974
---
run_2
TV=11991.784
FD=14.301562
IGSD=[23.503,23.248,24.819,20.622,26.484,29.238]
SC_pos=0.27640683524042486
SC_neg=0.7235931647595751
SC_avg=-0.0012820235593842323
SC_std=0.007648208685894254
SC_avg_abs=0.005278793399943074
SC_std_abs=0.005680934848290548
---
run_3
TV=11961.598
FD=15.27513
IGSD=[24.952,22.57,21.521,24.548,25.585,28.227]
SC_pos=0.2707144616660821
SC_neg=0.729285538333918
SC_avg=-0.0012851307744994004
SC_std=0.007642529108875272
SC_avg_abs=0.0052697337928509
SC_std_abs=0.005682404248208373
---
run_4
TV=12145.824
FD=15.955113
IGSD=[23.726,24.243,24.061,23.097,25.029,25.641]
SC_pos=0.28026342040880425
SC_neg=0.7197365795911957
SC_avg=-0.0014392789198111027
SC_std=0.007696538371284951
SC_avg_abs=0.0056390579887400216
SC_std_abs=0.0054322418677100115
---
combined
TV_avg=12383.0058
TV_std=638.013574945361
FD_avg=15.4707792
FD_std=0.9856372694762301
IGSD_avg=23.86573333333333
IGSD_std=2.1580691205077023
SC_pos_avg=0.27433511456533705
SC_neg_avg=0.7256648854346629
SC_avg=-0.0014535462348288406
SC_std=0.007961480919009743
SC_avg_abs=0.005619279345880073
SC_std_abs=0.005824231684394667