conf_id=43
---
run_0
TV=15171.32
FD=17.661564
IGSD=[18.888,19.838,19.322,18.876,19.318,19.586]
SC_pos=0.26281462556318264
SC_neg=0.7371853744368174
SC_avg=-0.002542194317693387
SC_std=0.012009657367079703
SC_avg_abs=0.008602897207476971
SC_std_abs=0.008756984735692367
---
run_1
TV=10328.578
FD=9.991912
IGSD=[25.032,28.795,33.683,28.922,29.606,27.236]
SC_pos=0.278115210276603
SC_neg=0.721884789723397
SC_avg=-0.0007964136665477292
SC_std=0.004795635944106442
SC_avg_abs=0.0034551996336992627
SC_std_abs=0.003419648275474272
---
run_2
TV=11323.634
FD=12.778226
IGSD=[27.469,24.002,24.694,28.031,26.609,25.87]
SC_pos=0.27804580624590697
SC_neg=0.721954193754093
SC_avg=-0.0013884262252759412
SC_std=0.006852577085395309
SC_avg_abs=0.005122694694120495
SC_std_abs=0.004758522792332563
---
run_3
TV=11796.716
FD=13.104375
IGSD=[23.998,23.38,23.439,22.087,32.466,25.025]
SC_pos=0.2701200731166284
SC_neg=0.7298799268833716
SC_avg=-0.0010922393783285677
SC_std=0.005936550075548771
SC_avg_abs=0.004212160097891588
SC_std_abs=0.004323577334661618
---
run_4
TV=12453.8
FD=14.390412
IGSD=[23.274,27.095,22.343,23.971,22.066,23.696]
SC_pos=0.2768852051117001
SC_neg=0.7231147948882999
SC_avg=-0.0012757723900865602
SC_std=0.008139020910128835
SC_avg_abs=0.005582966747109659
SC_std_abs=0.006058196007681607
---
combined
TV_avg=12214.809599999999
TV_std=1632.478852165332
FD_avg=13.585297800000001
FD_std=2.4923574441023018
IGSD_avg=24.62056666666667
IGSD_std=3.8219716262973775
SC_pos_avg=0.2731961840628042
SC_neg_avg=0.7268038159371958
SC_avg=-0.0014190091955864387
SC_std=0.007968080015846354
SC_avg_abs=0.005395183676059583
SC_std_abs=0.006032899745368634