conf_id=145
---
run_0
TV=13622.621
FD=14.425169
IGSD=[21.311,21.137,21.973,21.302,22.134,21.066]
SC_pos=0.2543436046464652
SC_neg=0.7456563953535348
SC_avg=-0.0020304637790896007
SC_std=0.009582306676388907
SC_avg_abs=0.006828508157533982
SC_std_abs=0.007022454039796493
---
run_1
TV=10098.648
FD=10.032961
IGSD=[29.636,28.123,26.363,29.266,31.239,27.955]
SC_pos=0.2618601647589536
SC_neg=0.7381398352410464
SC_avg=-0.0011846830435035796
SC_std=0.005774546583179731
SC_avg_abs=0.004065127761334965
SC_std_abs=0.004268910685280424
---
run_2
TV=9080.797
FD=8.189716
IGSD=[32.814,31.,31.893,31.039,38.157,31.917]
SC_pos=0.27537261159494814
SC_neg=0.7246273884050519
SC_avg=-0.0008811086368749969
SC_std=0.004089198968090954
SC_avg_abs=0.003054802366609933
SC_std_abs=0.00285763593404867
---
run_3
TV=9517.576
FD=8.634079
IGSD=[30.202,27.914,29.095,34.118,30.195,30.069]
SC_pos=0.25052223943396146
SC_neg=0.7494777605660385
SC_avg=-0.001048072927987332
SC_std=0.005271441344842131
SC_avg_abs=0.0035069936879459866
SC_std_abs=0.004072781112114661
---
run_4
TV=8113.148
FD=7.346463
IGSD=[39.961,33.019,35.573,30.193,50.753,33.192]
SC_pos=0.26882874379325966
SC_neg=0.7311712562067403
SC_avg=-0.0006454656064373073
SC_std=0.0034184309588086263
SC_avg_abs=0.0024467698556377743
SC_std_abs=0.002472976615897741
---
combined
TV_avg=10086.558
TV_std=1883.270051883903
FD_avg=9.725677600000001
FD_std=2.505636452466287
IGSD_avg=30.08696666666667
IGSD_std=6.178064710372946
SC_pos_avg=0.26218547284551763
SC_neg_avg=0.7378145271544824
SC_avg=-0.001157958798778564
SC_std=0.006041103393742469
SC_avg_abs=0.003980440365812522
SC_std_abs=0.0046895515017713295