conf_id=20
---
run_0
TV=15032.571
FD=18.659161
IGSD=[20.238,19.474,18.946,19.398,20.804,19.429]
SC_pos=0.26417183692165985
SC_neg=0.7358281630783402
SC_avg=-0.002444765460139329
SC_std=0.010300184487527274
SC_avg_abs=0.007676481001606896
SC_std_abs=0.007289877781153546
---
run_1
TV=13787.417
FD=16.167762
IGSD=[21.365,21.329,20.937,18.939,20.194,27.771]
SC_pos=0.27681497237615993
SC_neg=0.7231850276238401
SC_avg=-0.0014959015487270124
SC_std=0.008915127542151307
SC_avg_abs=0.0062899462574137486
SC_std_abs=0.006492595522220337
---
run_2
TV=12658.341
FD=14.655941
IGSD=[22.776,22.952,22.133,23.839,24.63,21.779]
SC_pos=0.2649419108980695
SC_neg=0.7350580891019305
SC_avg=-0.0014208285500927381
SC_std=0.007875856266141934
SC_avg_abs=0.005482294249113747
SC_std_abs=0.00583029291372398
---
run_3
TV=13476.649
FD=13.295574
IGSD=[20.507,22.746,21.962,20.396,25.1,21.893]
SC_pos=0.2711358580793232
SC_neg=0.7288641419206768
SC_avg=-0.0018762155398749478
SC_std=0.00818537781808382
SC_avg_abs=0.006012409911338399
SC_std_abs=0.005862723073358203
---
run_4
TV=15680.17
FD=21.573321
IGSD=[18.843,19.654,18.743,19.583,18.145,18.47]
SC_pos=0.27518118077595366
SC_neg=0.7248188192240463
SC_avg=-0.002535168263807078
SC_std=0.012417779191699905
SC_avg_abs=0.008940260136666524
SC_std_abs=0.008983321594397107
---
combined
TV_avg=14127.0296
TV_std=1088.818458323627
FD_avg=16.8703518
FD_std=2.9493742247380816
IGSD_avg=21.09916666666667
IGSD_std=2.1855178041421266
SC_pos_avg=0.2704491518102332
SC_neg_avg=0.7295508481897668
SC_avg=-0.001954575872528228
SC_std=0.00969415126363635
SC_avg_abs=0.006880278311227864
SC_std_abs=0.007103429166520864