conf_id=220
---
run_0
TV=19569.763
FD=27.35193
IGSD=[15.947,13.959,14.52,15.193,14.128,16.75]
SC_pos=0.2585496960828572
SC_neg=0.7414503039171427
SC_avg=-0.003543986953172739
SC_std=0.016151187583140797
SC_avg_abs=0.011421562381857337
SC_std_abs=0.011956948466368893
---
run_1
TV=20709.322
FD=32.7941
IGSD=[15.754,13.194,13.238,14.883,13.53,14.866]
SC_pos=0.24055001969209885
SC_neg=0.7594499803079011
SC_avg=-0.004330140595309723
SC_std=0.01795998564114464
SC_avg_abs=0.013039026573005406
SC_std_abs=0.013087971112198005
---
run_2
TV=18063.542
FD=25.249673
IGSD=[16.767,14.458,19.796,16.92,15.812,15.737]
SC_pos=0.28298032924029104
SC_neg=0.717019670759709
SC_avg=-0.002850706854490872
SC_std=0.01334730861884433
SC_avg_abs=0.009807329272352085
SC_std_abs=0.009491757976296233
---
run_3
TV=21452.629
FD=26.730719
IGSD=[14.621,13.745,12.902,14.676,13.51,12.975]
SC_pos=0.22823733029419643
SC_neg=0.7717626697058035
SC_avg=-0.005003768875339238
SC_std=0.018301163955155714
SC_avg_abs=0.013675312334244238
SC_std_abs=0.013151278935228003
---
run_4
TV=18518.935
FD=27.486935
IGSD=[17.123,13.9,16.562,16.722,14.311,16.683]
SC_pos=0.27193141472968996
SC_neg=0.72806858527031
SC_avg=-0.003317407557400163
SC_std=0.014067498017726948
SC_avg_abs=0.010304866036078006
SC_std_abs=0.010134566066642092
---
combined
TV_avg=19662.8382
TV_std=1278.5464645906925
FD_avg=27.922671399999995
FD_std=2.5617220587380354
IGSD_avg=15.106066666666663
IGSD_std=1.5614403592694652
SC_pos_avg=0.2564497580078267
SC_neg_avg=0.7435502419921733
SC_avg=-0.0038092021671425414
SC_std=0.016107941987189966
SC_avg_abs=0.011649619319507408
SC_std_abs=0.01175849420306016