conf_id=259
---
run_0
TV=8514.211
FD=7.747523
IGSD=[30.333,31.459,32.662,29.692,29.69,30.918]
SC_pos=0.17994103350681578
SC_neg=0.8200589664931842
SC_avg=-0.0008719940825208677
SC_std=0.005722892090231132
SC_avg_abs=0.0030830436981395372
SC_std_abs=0.004899664183568459
---
run_1
TV=13792.174
FD=13.215984
IGSD=[19.057,20.093,24.81,21.551,21.401,17.563]
SC_pos=0.28014118644429475
SC_neg=0.7198588135557052
SC_avg=-0.0014776606067351367
SC_std=0.008301235776510579
SC_avg_abs=0.005712704750957284
SC_std_abs=0.00620153212636249
---
run_2
TV=13210.382
FD=14.63767
IGSD=[21.674,19.137,22.742,20.546,21.545,23.206]
SC_pos=0.25787699492563304
SC_neg=0.7421230050743669
SC_avg=-0.0014347202528365952
SC_std=0.008366864710598727
SC_avg_abs=0.005224875781780032
SC_std_abs=0.006690554562540405
---
run_3
TV=10694.997
FD=10.194541
IGSD=[27.354,24.568,25.575,23.878,27.346,26.651]
SC_pos=0.21797154186130008
SC_neg=0.7820284581386999
SC_avg=-0.0012192961400503746
SC_std=0.007363848783157329
SC_avg_abs=0.004268047084617866
SC_std_abs=0.0061234570351913434
---
run_4
TV=12679.304
FD=12.547349
IGSD=[17.982,35.329,29.737,25.324,17.989,19.38]
SC_pos=0.2673990207609209
SC_neg=0.7326009792390791
SC_avg=-0.0016413523910166683
SC_std=0.006091665505952611
SC_avg_abs=0.004565444049519181
SC_std_abs=0.004354210254296287
---
combined
TV_avg=11778.2136
TV_std=1936.2942908050527
FD_avg=11.668613400000002
FD_std=2.4302126856663886
IGSD_avg=24.63973333333333
IGSD_std=4.843884432514421
SC_pos_avg=0.24066595549979292
SC_neg_avg=0.759334044500207
SC_avg=-0.0013290046946319298
SC_std=0.00725744889098296
SC_avg_abs=0.004570823073002788
SC_std_abs=0.005791752266705554