conf_id=33
---
run_0
TV=7226.055
FD=6.077497
IGSD=[39.416,40.222,38.701,42.86,39.929,38.802]
SC_pos=0.25823043754165537
SC_neg=0.7417695624583446
SC_avg=-0.0005468060539440043
SC_std=0.0030705277347276403
SC_avg_abs=0.002020919099329548
SC_std_abs=0.0023755048777736767
---
run_1
TV=10523.323
FD=10.547985
IGSD=[27.413,29.203,28.183,28.938,27.459,24.682]
SC_pos=0.26702320311410704
SC_neg=0.7329767968858929
SC_avg=-0.001034488572594569
SC_std=0.006522956448346844
SC_avg_abs=0.0041728431405775625
SC_std_abs=0.00511922919568886
---
run_2
TV=7506.557
FD=6.511375
IGSD=[37.331,37.177,34.439,35.944,36.642,32.818]
SC_pos=0.2216860041489108
SC_neg=0.7783139958510892
SC_avg=-0.0004969443734945358
SC_std=0.004824694832064246
SC_avg_abs=0.0023797659637215486
SC_std_abs=0.004226268790648294
---
run_3
TV=9848.003
FD=8.732346
IGSD=[28.604,28.718,23.88,29.129,30.09,45.694]
SC_pos=0.2861414238682326
SC_neg=0.7138585761317674
SC_avg=-0.0007847695357268261
SC_std=0.00436339357410789
SC_avg_abs=0.003144943290189906
SC_std_abs=0.0031248037391587375
---
run_4
TV=8487.2
FD=7.677807
IGSD=[35.076,36.295,34.502,33.663,33.151,30.644]
SC_pos=0.26189393448135195
SC_neg=0.738106065518648
SC_avg=-0.0007182956039776731
SC_std=0.004320633186521854
SC_avg_abs=0.0027210681292516533
SC_std_abs=0.003432143345365776
---
combined
TV_avg=8718.227600000002
TV_std=1287.078888071994
FD_avg=7.909402
FD_std=1.6126592163754871
IGSD_avg=33.653499999999994
IGSD_std=5.373495750750468
SC_pos_avg=0.25899500063085157
SC_neg_avg=0.7410049993691484
SC_avg=-0.0007162608279475224
SC_std=0.004756987226024337
SC_avg_abs=0.0028879079246140462
SC_std_abs=0.003847329575323925