conf_id=191
---
run_0
TV=12773.721
FD=15.097094
IGSD=[22.93,21.973,23.101,21.937,23.915,22.188]
SC_pos=0.2346664224749726
SC_neg=0.7653335775250274
SC_avg=-0.0017053893686829306
SC_std=0.00814902005744003
SC_avg_abs=0.005615419503496202
SC_std_abs=0.006146701928280816
---
run_1
TV=8408.142
FD=5.934617
IGSD=[36.598,34.513,35.333,33.558,33.631,35.093]
SC_pos=0.25873056091508906
SC_neg=0.7412694390849109
SC_avg=-0.0008257451970800029
SC_std=0.003619223062395391
SC_avg_abs=0.0024969607065760254
SC_std_abs=0.0027469652228760953
---
run_2
TV=11069.178
FD=9.883398
IGSD=[27.811,23.572,23.685,31.236,23.5,23.626]
SC_pos=0.24854557120449555
SC_neg=0.7514544287955044
SC_avg=-0.0012104584545750679
SC_std=0.006242942104708007
SC_avg_abs=0.004103598697840962
SC_std_abs=0.004857984512127043
---
run_3
TV=11894.38
FD=12.719584
IGSD=[23.007,24.627,24.998,24.601,22.521,22.797]
SC_pos=0.20838694881028025
SC_neg=0.7916130511897197
SC_avg=-0.0014777822206070055
SC_std=0.008826171592963164
SC_avg_abs=0.0053193677590878796
SC_std_abs=0.007196490250361531
---
run_4
TV=12505.373
FD=12.414304
IGSD=[23.9,22.234,23.495,23.192,22.209,22.361]
SC_pos=0.21637069127864808
SC_neg=0.783629308721352
SC_avg=-0.0018315516054986957
SC_std=0.008192135848316321
SC_avg_abs=0.005456999937452567
SC_std_abs=0.006378622321749184
---
combined
TV_avg=11330.1588
TV_std=1574.143510683241
FD_avg=11.2097994
FD_std=3.112177058080057
IGSD_avg=25.938066666666664
IGSD_std=4.7945055840571875
SC_pos_avg=0.2333400389366971
SC_neg_avg=0.7666599610633029
SC_avg=-0.0014101853692887422
SC_std=0.007268325112930857
SC_avg_abs=0.00459846932089072
SC_std_abs=0.0058026935665985435