conf_id=246
---
run_0
TV=18458.78
FD=23.905034
IGSD=[17.969,14.469,14.921,17.165,15.285,15.481]
SC_pos=0.25557423134000123
SC_neg=0.7444257686599988
SC_avg=-0.00327221597067698
SC_std=0.013789214470342401
SC_avg_abs=0.009867500947829223
SC_std_abs=0.01017262297111434
---
run_1
TV=18236.364
FD=21.630135
IGSD=[18.208,15.074,13.853,18.829,14.631,13.551]
SC_pos=0.25787948104016545
SC_neg=0.7421205189598346
SC_avg=-0.003018385230763804
SC_std=0.014451074429256949
SC_avg_abs=0.010090177030866607
SC_std_abs=0.010776480364524839
---
run_2
TV=15856.147
FD=13.594948
IGSD=[15.502,23.454,17.624,14.884,26.299,18.627]
SC_pos=0.27527275266123025
SC_neg=0.7247272473387698
SC_avg=-0.0021767235051438918
SC_std=0.009953575595285105
SC_avg_abs=0.007098328942398009
SC_std_abs=0.007309276200446651
---
run_3
TV=16935.394
FD=21.258351
IGSD=[15.002,17.826,20.256,16.991,17.179,14.856]
SC_pos=0.27600118421922226
SC_neg=0.7239988157807777
SC_avg=-0.002186792315209601
SC_std=0.011549368192838862
SC_avg_abs=0.007943435335154994
SC_std_abs=0.008664398499597572
---
run_4
TV=11862.968
FD=12.289701
IGSD=[24.367,26.364,25.411,23.442,25.858,24.314]
SC_pos=0.28709961384426025
SC_neg=0.7129003861557397
SC_avg=-0.0014290669072739787
SC_std=0.005214755147597057
SC_avg_abs=0.004090471129640713
SC_std_abs=0.0035360923930846866
---
combined
TV_avg=16269.930599999998
TV_std=2395.550031816626
FD_avg=18.5356338
FD_std=4.6742194610902645
IGSD_avg=18.58973333333333
IGSD_std=4.167329880017766
SC_pos_avg=0.2703654526209759
SC_neg_avg=0.7296345473790241
SC_avg=-0.0024166367858136457
SC_std=0.011496182235539826
SC_avg_abs=0.007817982677177905
SC_std_abs=0.008768208836851182