conf_id=80
---
run_0
TV=18435.258
FD=22.43581
IGSD=[16.717,16.639,15.289,17.461,14.783,15.632]
SC_pos=0.2697376258310615
SC_neg=0.7302623741689386
SC_avg=-0.0031285343467406987
SC_std=0.013185637142781348
SC_avg_abs=0.009836898299263888
SC_std_abs=0.009321168696562177
---
run_1
TV=17534.373
FD=21.771692
IGSD=[13.665,18.869,22.163,18.997,13.048,13.525]
SC_pos=0.26717382021952807
SC_neg=0.7328261797804719
SC_avg=-0.002535440902377822
SC_std=0.012506146925724918
SC_avg_abs=0.00865488435762872
SC_std_abs=0.009376841059404957
---
run_2
TV=17711.923
FD=21.318957
IGSD=[17.265,14.098,16.882,15.485,22.416,15.269]
SC_pos=0.27840028474298445
SC_neg=0.7215997152570156
SC_avg=-0.0027419698266933253
SC_std=0.013058940110910322
SC_avg_abs=0.009351085470382894
SC_std_abs=0.009519008135117503
---
run_3
TV=19719.252
FD=28.347593
IGSD=[16.723,13.445,14.461,14.683,16.245,16.115]
SC_pos=0.2594552633012825
SC_neg=0.7405447366987176
SC_avg=-0.004202501056202844
SC_std=0.01485860238007399
SC_avg_abs=0.011779755116527298
SC_std_abs=0.00998380935370741
---
run_4
TV=18850.435
FD=19.418195
IGSD=[18.649,13.815,13.069,20.243,12.563,12.703]
SC_pos=0.244700173551512
SC_neg=0.755299826448488
SC_avg=-0.003595697965352126
SC_std=0.016149292309180458
SC_avg_abs=0.011273605779778038
SC_std_abs=0.012109273251006766
---
combined
TV_avg=18450.2482
TV_std=794.3168521861795
FD_avg=22.658449400000002
FD_std=3.0164797482060175
IGSD_avg=16.030566666666665
IGSD_std=2.587757403407222
SC_pos_avg=0.2638934335292737
SC_neg_avg=0.7361065664707264
SC_avg=-0.0032408288194733692
SC_std=0.014029883459560258
SC_avg_abs=0.010179245804716169
SC_std_abs=0.010184476234600394