conf_id=72
---
run_0
TV=5956.176
FD=4.910067
IGSD=[47.496,47.11,44.772,46.688,47.995,45.011]
SC_pos=0.23240675154123563
SC_neg=0.7675932484587644
SC_avg=-0.00043246702011718544
SC_std=0.00252727142053684
SC_avg_abs=0.0014557871772945192
SC_std_abs=0.002110642615644862
---
run_1
TV=6278.855
FD=5.144016
IGSD=[44.658,42.632,45.808,45.953,49.563,44.137]
SC_pos=0.25345088235312396
SC_neg=0.746549117646876
SC_avg=-0.00040736364298476455
SC_std=0.0022808623708772935
SC_avg_abs=0.001471789756357239
SC_std_abs=0.001789444943436851
---
run_2
TV=6853.08
FD=5.924968
IGSD=[39.924,40.964,41.169,42.707,42.523,41.801]
SC_pos=0.24875026130099617
SC_neg=0.7512497386990038
SC_avg=-0.0005517321703284537
SC_std=0.0026535911862897677
SC_avg_abs=0.0017892026524078048
SC_std_abs=0.0020358557022409412
---
run_3
TV=7141.608
FD=6.536891
IGSD=[41.065,38.073,36.749,39.012,38.766,38.204]
SC_pos=0.22326344381971608
SC_neg=0.7767365561802839
SC_avg=-0.0006336412725959606
SC_std=0.0034912964869198587
SC_avg_abs=0.0020769044145507896
SC_std_abs=0.0028769985183756007
---
run_4
TV=7162.841
FD=6.043146
IGSD=[41.078,37.031,37.986,40.511,49.26,40.181]
SC_pos=0.25837919006117704
SC_neg=0.741620809938823
SC_avg=-0.0004708715846746457
SC_std=0.0027687975290379614
SC_avg_abs=0.0018446730721491309
SC_std_abs=0.0021178151626024006
---
combined
TV_avg=6678.512
TV_std=481.8716606371452
FD_avg=5.7118176
FD_std=0.6001933686100173
IGSD_avg=42.62756666666667
IGSD_std=3.664996577382061
SC_pos_avg=0.24325010581524978
SC_neg_avg=0.7567498941847502
SC_avg=-0.0004992151381402025
SC_std=0.0027756402820980305
SC_avg_abs=0.0017276714145518953
SC_std_abs=0.0022290236008382304