conf_id=206
---
run_0
TV=11808.273
FD=12.696639
IGSD=[20.188,25.095,31.735,21.933,23.554,24.394]
SC_pos=0.25299115834084174
SC_neg=0.7470088416591583
SC_avg=-0.0010269119232237623
SC_std=0.007300238291653159
SC_avg_abs=0.004502298576145326
SC_std_abs=0.00583757952787094
---
run_1
TV=11739.535
FD=12.725239
IGSD=[20.339,30.098,31.717,24.891,23.074,21.589]
SC_pos=0.2683373218206894
SC_neg=0.7316626781793106
SC_avg=-0.000937087293659948
SC_std=0.006668737122747709
SC_avg_abs=0.004264875192481616
SC_std_abs=0.005211624219070974
---
run_2
TV=10536.549
FD=8.99614
IGSD=[23.401,27.062,40.405,24.977,25.036,29.657]
SC_pos=0.26933508245302434
SC_neg=0.7306649175469756
SC_avg=-0.0008856983043968769
SC_std=0.0052614893787315325
SC_avg_abs=0.0035945771745871983
SC_std_abs=0.003942936330306766
---
run_3
TV=11486.4
FD=12.458084
IGSD=[28.152,24.835,23.588,26.612,25.219,26.258]
SC_pos=0.2613204707292126
SC_neg=0.7386795292707874
SC_avg=-0.001309201370040269
SC_std=0.006320882051722164
SC_avg_abs=0.004480419167761086
SC_std_abs=0.004646870153152298
---
run_4
TV=12791.969
FD=15.193984
IGSD=[22.925,21.541,23.028,23.169,22.425,22.782]
SC_pos=0.2543152215055537
SC_neg=0.7456847784944464
SC_avg=-0.001754572834160966
SC_std=0.008070976618039282
SC_avg_abs=0.0057295129202713305
SC_std_abs=0.005949106747719056
---
combined
TV_avg=11672.545199999999
TV_std=721.270644751441
FD_avg=12.4140172
FD_std=1.9793320053429542
IGSD_avg=25.322633333333332
IGSD_std=4.092735209965199
SC_pos_avg=0.26125985096986437
SC_neg_avg=0.7387401490301356
SC_avg=-0.0011826943450963657
SC_std=0.006797924161962142
SC_avg_abs=0.004514336606249308
SC_std_abs=0.0052183621789972595