conf_id=76
---
run_0
TV=7027.205
FD=6.038048
IGSD=[38.515,43.593,45.255,40.743,36.923,38.028]
SC_pos=0.23466725117981674
SC_neg=0.7653327488201833
SC_avg=-0.0005370456117378919
SC_std=0.0030340512218727136
SC_avg_abs=0.0019011913999271964
SC_std_abs=0.0024247383501889656
---
run_1
TV=6940.949
FD=5.754036
IGSD=[41.467,40.574,39.232,41.876,40.083,41.964]
SC_pos=0.24265907352041483
SC_neg=0.7573409264795852
SC_avg=-0.00047685910741747145
SC_std=0.0033264764081330214
SC_avg_abs=0.0019017468241397815
SC_std_abs=0.002770595408764478
---
run_2
TV=5905.05
FD=4.867092
IGSD=[46.126,45.481,45.762,45.686,44.68,43.25]
SC_pos=0.2163035661862734
SC_neg=0.7836964338137267
SC_avg=-0.0003889897855529191
SC_std=0.0032017359187382715
SC_avg_abs=0.0015648404422314236
SC_std_abs=0.0028202305467745514
---
run_3
TV=6802.429
FD=5.502776
IGSD=[44.049,42.138,40.46,41.23,37.447,39.76]
SC_pos=0.2273978522870907
SC_neg=0.7726021477129092
SC_avg=-0.0004681210256735271
SC_std=0.0033239841807706414
SC_avg_abs=0.001805922580991365
SC_std_abs=0.0028296027565997
---
run_4
TV=6474.678
FD=5.017708
IGSD=[43.054,40.15,39.392,43.909,40.277,42.639]
SC_pos=0.21585647992286416
SC_neg=0.7841435200771358
SC_avg=-0.0003832074371456217
SC_std=0.003456211101451287
SC_avg_abs=0.001703981340137171
SC_std_abs=0.0030312853231167724
---
combined
TV_avg=6630.0622
TV_std=408.37978880125775
FD_avg=5.435931999999999
FD_std=0.4397026750848804
IGSD_avg=41.79143333333334
IGSD_std=2.5670200061982813
SC_pos_avg=0.22737684461929195
SC_neg_avg=0.772623155380708
SC_avg=-0.0004508445935054858
SC_std=0.0032720971154210684
SC_avg_abs=0.0017755365174853845
SC_std_abs=0.002785202049280423