conf_id=199
---
run_0
TV=7386.229
FD=5.917691
IGSD=[38.452,35.778,35.586,41.351,37.75,36.326]
SC_pos=0.22635161242137403
SC_neg=0.773648387578626
SC_avg=-0.0007399660999831242
SC_std=0.003114677396663879
SC_avg_abs=0.002027680196280366
SC_std_abs=0.0024773530503393185
---
run_1
TV=7675.681
FD=6.443463
IGSD=[35.925,33.963,33.857,40.875,36.604,35.747]
SC_pos=0.2219652776813833
SC_neg=0.7780347223186167
SC_avg=-0.0006944086773579808
SC_std=0.0036786718374760153
SC_avg_abs=0.002268064406197608
SC_std_abs=0.002978374346580481
---
run_2
TV=12810.665
FD=10.110061
IGSD=[24.36,22.438,21.669,23.778,23.089,22.501]
SC_pos=0.24726232175335713
SC_neg=0.7527376782466428
SC_avg=-0.0017322364655845107
SC_std=0.006686649071170193
SC_avg_abs=0.004870523545646684
SC_std_abs=0.004897950527004453
---
run_3
TV=10316.693
FD=8.598417
IGSD=[26.125,26.945,26.705,26.635,25.831,25.816]
SC_pos=0.20008104733375612
SC_neg=0.7999189526662439
SC_avg=-0.0012036087162694072
SC_std=0.0070526931537506984
SC_avg_abs=0.004061739957374346
SC_std_abs=0.005889942544839492
---
run_4
TV=7724.101
FD=6.993939
IGSD=[36.938,37.908,37.454,33.382,32.807,34.058]
SC_pos=0.2332155674691085
SC_neg=0.7667844325308916
SC_avg=-0.0007224648412787041
SC_std=0.00392444155449965
SC_avg_abs=0.0023548055088733915
SC_std_abs=0.00322150399300498
---
combined
TV_avg=9182.6738
TV_std=2101.1423333436887
FD_avg=7.612714199999999
FD_std=1.5382773361635929
IGSD_avg=31.68843333333333
IGSD_std=6.122537952425357
SC_pos_avg=0.2257751653317958
SC_neg_avg=0.7742248346682042
SC_avg=-0.0010185369600947466
SC_std=0.0051749546455237255
SC_avg_abs=0.0031165627228744697
SC_std_abs=0.004254951223774006