conf_id=196
---
run_0
TV=7993.869
FD=6.768351
IGSD=[36.686,35.334,34.982,36.371,36.359,34.205]
SC_pos=0.24644956947747465
SC_neg=0.7535504305225253
SC_avg=-0.0006188377981046004
SC_std=0.0038600528693306215
SC_avg_abs=0.0023157351300828084
SC_std_abs=0.003149656994291736
---
run_1
TV=7793.715
FD=6.413494
IGSD=[31.895,52.017,34.671,33.721,34.631,37.174]
SC_pos=0.27030508147308085
SC_neg=0.7296949185269191
SC_avg=-0.0004783927991598744
SC_std=0.0036652365358135577
SC_avg_abs=0.002183001608458008
SC_std_abs=0.0029828379961406443
---
run_2
TV=6490.369
FD=5.721518
IGSD=[42.055,42.098,44.084,41.307,40.341,40.501]
SC_pos=0.22262140474172482
SC_neg=0.7773785952582752
SC_avg=-0.0004828902397495041
SC_std=0.003445053613757645
SC_avg_abs=0.0017461159522552065
SC_std_abs=0.003008763278589701
---
run_3
TV=7491.206
FD=6.755768
IGSD=[34.715,39.071,35.855,37.285,37.956,38.002]
SC_pos=0.23895662745304402
SC_neg=0.761043372546956
SC_avg=-0.0005869746719353832
SC_std=0.003926171672930673
SC_avg_abs=0.002197273407140685
SC_std_abs=0.0033062596457461204
---
run_4
TV=7012.786
FD=6.0852
IGSD=[39.933,37.678,37.112,39.662,38.265,37.614]
SC_pos=0.2306507259765199
SC_neg=0.7693492740234801
SC_avg=-0.0006591475356509843
SC_std=0.0036147464241773957
SC_avg_abs=0.0020667279732585362
SC_std_abs=0.0030380096559110394
---
combined
TV_avg=7356.389
TV_std=544.7685868649182
FD_avg=6.3488662
FD_std=0.402193722942763
IGSD_avg=38.052666666666674
IGSD_std=3.7875475647911747
SC_pos_avg=0.24179668182436886
SC_neg_avg=0.7582033181756311
SC_avg=-0.00056524860892007
SC_std=0.0037070221148435448
SC_avg_abs=0.002101770814239043
SC_std_abs=0.0031054916509689894