conf_id=308
---
run_0
TV=9101.296
FD=8.189527
IGSD=[34.014,30.474,30.246,33.48,30.956,33.938]
SC_pos=0.261235114130267
SC_neg=0.738764885869733
SC_avg=-0.0008699575526604588
SC_std=0.0041275466017413305
SC_avg_abs=0.00289789162974346
SC_std_abs=0.0030652391742309734
---
run_1
TV=7234.225
FD=6.606824
IGSD=[39.677,41.747,36.175,39.801,42.011,38.63]
SC_pos=0.26075715861141385
SC_neg=0.7392428413885861
SC_avg=-0.0004427881247875252
SC_std=0.0032062753061703
SC_avg_abs=0.001975654252474179
SC_std_abs=0.0025637965865276846
---
run_2
TV=8036.747
FD=7.322933
IGSD=[31.319,41.411,35.799,35.33,37.844,33.633]
SC_pos=0.2529474441603138
SC_neg=0.7470525558396862
SC_avg=-0.0005605072509756085
SC_std=0.003930466416654927
SC_avg_abs=0.0024053709075442463
SC_std_abs=0.003158627142919569
---
run_3
TV=8381.64
FD=7.718713
IGSD=[28.473,37.697,35.227,34.678,35.945,34.185]
SC_pos=0.24106588845757104
SC_neg=0.758934111542429
SC_avg=-0.0006155663010179087
SC_std=0.004012323149900146
SC_avg_abs=0.002427162956261613
SC_std_abs=0.0032536961926284504
---
run_4
TV=8666.095
FD=8.368879
IGSD=[29.474,32.857,41.04,35.827,31.262,31.225]
SC_pos=0.2589551399278488
SC_neg=0.7410448600721512
SC_avg=-0.000602994456749981
SC_std=0.0038918378570891713
SC_avg_abs=0.0025075603946043525
SC_std_abs=0.0030367984931758815
---
combined
TV_avg=8284.0006
TV_std=630.3434788864241
FD_avg=7.641375200000001
FD_std=0.6336268508087075
IGSD_avg=35.145833333333336
IGSD_std=3.807142691339822
SC_pos_avg=0.2549921490574829
SC_neg_avg=0.7450078509425171
SC_avg=-0.0006183627372382964
SC_std=0.003849890002665768
SC_avg_abs=0.0024427280281255686
SC_std_abs=0.003039260648256485