conf_id=255
---
run_0
TV=6741.163
FD=5.545749
IGSD=[39.79,38.439,38.261,43.17,41.255,41.515]
SC_pos=0.2218542312322696
SC_neg=0.7781457687677305
SC_avg=-0.0005572598187735996
SC_std=0.0030083573884787736
SC_avg_abs=0.001821229317363885
SC_std_abs=0.0024584296727807138
---
run_1
TV=8854.968
FD=7.176619
IGSD=[31.872,30.868,30.636,33.99,34.998,33.701]
SC_pos=0.25370923108828214
SC_neg=0.7462907689117179
SC_avg=-0.000857622049277751
SC_std=0.003983586292746887
SC_avg_abs=0.002734993276588469
SC_std_abs=0.0030206434924009372
---
run_2
TV=7643.129
FD=6.534288
IGSD=[35.395,42.151,40.199,34.968,35.336,37.439]
SC_pos=0.2523404178619871
SC_neg=0.7476595821380129
SC_avg=-0.0006136509876190374
SC_std=0.0030739450955686912
SC_avg_abs=0.002066791145603075
SC_std_abs=0.0023567096438961996
---
run_3
TV=10292.788
FD=9.889054
IGSD=[30.055,26.931,26.404,27.263,26.614,26.246]
SC_pos=0.24237586363993271
SC_neg=0.7576241363600673
SC_avg=-0.0013530434190994706
SC_std=0.0058787717529868826
SC_avg_abs=0.003910252223093173
SC_std_abs=0.004593540178280767
---
run_4
TV=8114.372
FD=7.269052
IGSD=[33.843,32.501,34.714,35.327,31.451,31.761]
SC_pos=0.21046803385010676
SC_neg=0.7895319661498932
SC_avg=-0.0007693938370595929
SC_std=0.004628409035528166
SC_avg_abs=0.002645903887046115
SC_std_abs=0.0038747038205749784
---
combined
TV_avg=8329.284000000001
TV_std=1197.5655128870408
FD_avg=7.282952400000001
FD_std=1.440946883087451
IGSD_avg=34.23643333333333
IGSD_std=4.866067979271239
SC_pos_avg=0.23614955553451566
SC_neg_avg=0.7638504444654843
SC_avg=-0.00083019402236589
SC_std=0.004260273332059061
SC_avg_abs=0.0026358339699389405
SC_std_abs=0.003448409816356166