conf_id=119
---
run_0
TV=6293.877
FD=5.186833
IGSD=[41.265,41.735,40.188,41.378,40.431,41.282]
SC_pos=0.19571397998139142
SC_neg=0.8042860200186086
SC_avg=-0.0005430778651864314
SC_std=0.003334217140471962
SC_avg_abs=0.0018278844020218309
SC_std_abs=0.0028409111426297294
---
run_1
TV=7257.603
FD=6.204518
IGSD=[36.991,34.355,34.143,40.915,38.269,43.042]
SC_pos=0.23250578177010942
SC_neg=0.7674942182298906
SC_avg=-0.0005559395665284986
SC_std=0.0038158412314464618
SC_avg_abs=0.0021391466601754865
SC_std_abs=0.003208389731859083
---
run_2
TV=6248.587
FD=5.061305
IGSD=[43.93,40.208,40.391,43.785,42.016,42.555]
SC_pos=0.19843151034151132
SC_neg=0.8015684896584887
SC_avg=-0.0004844008567796989
SC_std=0.00311859800114729
SC_avg_abs=0.0017351101251902397
SC_std_abs=0.0026362265714978076
---
run_3
TV=6576.942
FD=5.514289
IGSD=[39.648,41.25,41.312,40.147,38.744,39.168]
SC_pos=0.2049422299494345
SC_neg=0.7950577700505655
SC_avg=-0.00057520031478963
SC_std=0.0033519541845441303
SC_avg_abs=0.0019062697923732956
SC_std_abs=0.0028164849966051783
---
run_4
TV=7968.855
FD=6.911211
IGSD=[37.973,34.968,34.267,32.208,34.952,44.074]
SC_pos=0.2660894599309813
SC_neg=0.7339105400690187
SC_avg=-0.0005255043107736709
SC_std=0.0035708495647562835
SC_avg_abs=0.002218193633809056
SC_std_abs=0.002847233463854137
---
combined
TV_avg=6869.1728
TV_std=657.5210710535135
FD_avg=5.775631200000001
FD_std=0.6926370413445703
IGSD_avg=39.51966666666667
IGSD_std=3.1681488741675143
SC_pos_avg=0.2195365923946856
SC_neg_avg=0.7804634076053144
SC_avg=-0.0005368245828115876
SC_std=0.003446581459479656
SC_avg_abs=0.0019653209227139773
SC_std_abs=0.0028817734227871592