conf_id=158
---
run_0
TV=6096.897
FD=5.325993
IGSD=[41.588,50.231,50.197,45.182,45.546,42.911]
SC_pos=0.2469167518333541
SC_neg=0.753083248166646
SC_avg=-0.00036444383452284015
SC_std=0.0028884812247250906
SC_avg_abs=0.0016169137037204619
SC_std_abs=0.002421101643639118
---
run_1
TV=6629.556
FD=5.512143
IGSD=[33.077,45.923,49.622,36.117,44.271,50.357]
SC_pos=0.25526719619525035
SC_neg=0.7447328038047497
SC_avg=-0.0003515420881700446
SC_std=0.002705397718022583
SC_avg_abs=0.001587190348109884
SC_std_abs=0.002218915377229059
---
run_2
TV=6280.755
FD=5.347452
IGSD=[41.987,47.268,44.593,40.547,43.324,42.929]
SC_pos=0.23360485156963948
SC_neg=0.7663951484303605
SC_avg=-0.00040008585681995624
SC_std=0.0029578048075528216
SC_avg_abs=0.001638790976467908
SC_std_abs=0.002494602595175695
---
run_3
TV=8377.985
FD=7.087794
IGSD=[37.735,31.65,31.575,33.814,37.267,36.078]
SC_pos=0.2560654461363605
SC_neg=0.7439345538636395
SC_avg=-0.000778121886558382
SC_std=0.00352579093392137
SC_avg_abs=0.0024552214860865283
SC_std_abs=0.0026473690400702294
---
run_4
TV=6354.934
FD=5.476287
IGSD=[43.444,49.54,47.354,45.299,46.324,42.97]
SC_pos=0.2635188175044838
SC_neg=0.7364811824955162
SC_avg=-0.0003944776907326054
SC_std=0.0025144231100795744
SC_avg_abs=0.0015981281511152953
SC_std_abs=0.0019808893552141597
---
combined
TV_avg=6748.0254
TV_std=832.7825604712435
FD_avg=5.749933799999999
FD_std=0.6727576609292233
IGSD_avg=42.624
IGSD_std=5.554189505829512
SC_pos_avg=0.25107461264781766
SC_neg_avg=0.7489253873521824
SC_avg=-0.0004577342713607645
SC_std=0.002942603881194962
SC_avg_abs=0.0017792489331000141
SC_std_abs=0.002388035070693944