conf_id=69
---
run_0
TV=9824.311
FD=10.020121
IGSD=[31.404,35.152,29.886,31.633,26.123,27.176]
SC_pos=0.2684974690318179
SC_neg=0.7315025309681821
SC_avg=-0.0009765961850847712
SC_std=0.004482587857544253
SC_avg_abs=0.003311433327274409
SC_std_abs=0.0031751761098152767
---
run_1
TV=7848.312
FD=5.894158
IGSD=[27.86,48.09,43.956,30.431,43.913,38.987]
SC_pos=0.27360871333421316
SC_neg=0.7263912866657869
SC_avg=-0.00052440430237745
SC_std=0.002325852912126024
SC_avg_abs=0.001740148729577929
SC_std_abs=0.0016298693322304729
---
run_2
TV=8392.989
FD=7.99288
IGSD=[32.537,29.282,37.28,32.208,36.631,38.026]
SC_pos=0.25601261620254706
SC_neg=0.7439873837974529
SC_avg=-0.000663291907284972
SC_std=0.003936613368056912
SC_avg_abs=0.0025758408751717435
SC_std_abs=0.003049905695202487
---
run_3
TV=9385.796
FD=9.244012
IGSD=[37.339,30.728,31.467,31.568,27.488,28.272]
SC_pos=0.26394725790890006
SC_neg=0.7360527420910999
SC_avg=-0.0007630788627089182
SC_std=0.004337318109048817
SC_avg_abs=0.0029951496818437775
SC_std_abs=0.0032285749353464024
---
run_4
TV=9381.378
FD=9.254606
IGSD=[30.258,27.953,28.231,31.549,34.01,32.233]
SC_pos=0.25096663240662725
SC_neg=0.7490333675933728
SC_avg=-0.0007881432675798159
SC_std=0.005114030902244502
SC_avg_abs=0.0031898938497262165
SC_std_abs=0.0040741942892824805
---
combined
TV_avg=8966.557200000001
TV_std=729.7988567169451
FD_avg=8.4811554
FD_std=1.4477264627435116
IGSD_avg=33.055699999999995
IGSD_std=5.315274324372481
SC_pos_avg=0.2626065377768211
SC_neg_avg=0.7373934622231789
SC_avg=-0.0007431029050071836
SC_std=0.004149141997723024
SC_avg_abs=0.002762493292718812
SC_std_abs=0.003183741831930265