conf_id=278
---
run_0
TV=12545.296
FD=10.783503
IGSD=[22.469,22.925,24.488,23.217,22.451,22.535]
SC_pos=0.2086784457392037
SC_neg=0.7913215542607963
SC_avg=-0.0017598799842921326
SC_std=0.007842761361027234
SC_avg_abs=0.005382395497259117
SC_std_abs=0.005969581395392694
---
run_1
TV=6139.033
FD=5.26418
IGSD=[43.209,44.284,42.246,43.616,45.804,45.854]
SC_pos=0.23121942467580547
SC_neg=0.7687805753241945
SC_avg=-0.00041023701107537525
SC_std=0.0030978590770758155
SC_avg_abs=0.0016236448555249855
SC_std_abs=0.0026699817695640454
---
run_2
TV=7377.034
FD=6.031062
IGSD=[39.458,36.162,34.186,41.447,37.897,34.722]
SC_pos=0.23051253944376088
SC_neg=0.7694874605562391
SC_avg=-0.0005332662074276737
SC_std=0.003873395569880276
SC_avg_abs=0.002176613533999124
SC_std_abs=0.0032480639791057555
---
run_3
TV=6641.601
FD=5.550395
IGSD=[40.657,44.445,44.206,41.595,39.412,38.101]
SC_pos=0.2320620103260767
SC_neg=0.7679379896739232
SC_avg=-0.0004975236312764743
SC_std=0.0032316739928902965
SC_avg_abs=0.0017803544123288987
SC_std_abs=0.0027425507700866835
---
run_4
TV=8081.812
FD=7.162148
IGSD=[33.648,36.85,36.375,35.751,34.64,32.07]
SC_pos=0.23833302705783468
SC_neg=0.7616669729421653
SC_avg=-0.0006587889222932976
SC_std=0.004158204391340841
SC_avg_abs=0.00248713395273927
SC_std_abs=0.0033968855302223787
---
combined
TV_avg=8156.955199999999
TV_std=2290.8411953852587
FD_avg=6.9582576000000005
FD_std=2.0191949564810825
IGSD_avg=36.157333333333334
IGSD_std=7.5422715160767195
SC_pos_avg=0.2281610894485363
SC_neg_avg=0.7718389105514637
SC_avg=-0.0007719391512729916
SC_std=0.004797814868844511
SC_avg_abs=0.0026900284503702777
SC_std_abs=0.004047056276501738