conf_id=147
---
run_0
TV=8831.562
FD=8.524316
IGSD=[31.408,34.075,33.398,31.465,32.224,29.243]
SC_pos=0.25854803867316895
SC_neg=0.741451961326831
SC_avg=-0.0008596357709152948
SC_std=0.005368129050850697
SC_avg_abs=0.0032764848750116084
SC_std_abs=0.004338251955459072
---
run_1
TV=8015.17
FD=7.182338
IGSD=[37.184,32.919,33.129,39.819,40.947,37.444]
SC_pos=0.2756705309864136
SC_neg=0.7243294690135864
SC_avg=-0.0006210640222276475
SC_std=0.002672957103253661
SC_avg_abs=0.002042398183179069
SC_std_abs=0.0018327656306485619
---
run_2
TV=11365.185
FD=12.718572
IGSD=[25.69,26.06,24.346,27.394,25.844,27.247]
SC_pos=0.27035190329677433
SC_neg=0.7296480967032257
SC_avg=-0.0012193634921440117
SC_std=0.0066358792033567645
SC_avg_abs=0.004621630071159222
SC_std_abs=0.00491551376896386
---
run_3
TV=9579.199
FD=9.085401
IGSD=[31.285,29.626,29.795,28.806,34.051,29.761]
SC_pos=0.26565003918738034
SC_neg=0.7343499608126197
SC_avg=-0.0009902850941015747
SC_std=0.004793489441036327
SC_avg_abs=0.0034612899092913733
SC_std_abs=0.003460878176527487
---
run_4
TV=7800.621
FD=6.949465
IGSD=[36.541,35.283,36.59,35.062,38.423,38.761]
SC_pos=0.2640013308999797
SC_neg=0.7359986691000203
SC_avg=-0.0006726708786748613
SC_std=0.0034756125524314225
SC_avg_abs=0.0024041192626958574
SC_std_abs=0.0025985725497608882
---
combined
TV_avg=9118.3474
TV_std=1288.123635741321
FD_avg=8.892018400000001
FD_std=2.074205154781812
IGSD_avg=32.46066666666667
IGSD_std=4.481898922951695
SC_pos_avg=0.2668443686087434
SC_neg_avg=0.7331556313912566
SC_avg=-0.0008726038516126783
SC_std=0.004801902339564953
SC_avg_abs=0.0031611844602674253
SC_std_abs=0.0037184158412867604