conf_id=91
---
run_0
TV=10492.979
FD=9.486358
IGSD=[30.127,25.579,24.73,28.674,25.002,24.284]
SC_pos=0.22394443202538158
SC_neg=0.7760555679746184
SC_avg=-0.0011231353911208789
SC_std=0.007087426375724755
SC_avg_abs=0.00413587483284493
SC_std_abs=0.005864092862936868
---
run_1
TV=12886.393
FD=12.33103
IGSD=[17.22,27.464,30.575,22.146,20.251,20.376]
SC_pos=0.25434153288435485
SC_neg=0.7456584671156451
SC_avg=-0.0011527139465890993
SC_std=0.007769779777961104
SC_avg_abs=0.004947424463664842
SC_std_abs=0.00610091947307985
---
run_2
TV=10119.526
FD=9.037002
IGSD=[27.418,25.748,26.816,28.26,27.755,27.644]
SC_pos=0.21440521056457795
SC_neg=0.785594789435422
SC_avg=-0.0011642847233212647
SC_std=0.006492018767077479
SC_avg_abs=0.0038663872123566576
SC_std_abs=0.005343492913176776
---
run_3
TV=11024.272
FD=9.610417
IGSD=[26.319,25.383,25.768,26.633,25.631,27.003]
SC_pos=0.24112327626802718
SC_neg=0.7588767237319728
SC_avg=-0.001369200164895944
SC_std=0.006177472623413781
SC_avg_abs=0.004126552803175538
SC_std_abs=0.004796607036977484
---
run_4
TV=11034.759
FD=10.246074
IGSD=[25.824,24.625,24.969,25.549,24.58,25.055]
SC_pos=0.2055422122565861
SC_neg=0.7944577877434139
SC_avg=-0.0015820256001522909
SC_std=0.007295076278314644
SC_avg_abs=0.004423471076495024
SC_std_abs=0.006012806877106414
---
combined
TV_avg=11111.585799999999
TV_std=951.8743271906015
FD_avg=10.1421762
FD_std=1.1607024667158077
IGSD_avg=25.580266666666667
IGSD_std=2.7454866227238393
SC_pos_avg=0.22787133279978553
SC_neg_avg=0.7721286672002144
SC_avg=-0.0012782719652158967
SC_std=0.006989707626118372
SC_avg_abs=0.004299942077707391
SC_std_abs=0.005656897563509137