conf_id=24
---
run_0
TV=14317.781
FD=15.876966
IGSD=[22.628,24.974,20.906,23.451,16.989,16.171]
SC_pos=0.2675181470822649
SC_neg=0.732481852917735
SC_avg=-0.0018301834076571571
SC_std=0.008579079413095946
SC_avg_abs=0.0062620884378321385
SC_std_abs=0.006142997906449198
---
run_1
TV=13805.067
FD=16.145796
IGSD=[21.57,21.464,18.87,21.985,21.268,22.148]
SC_pos=0.2788287251474007
SC_neg=0.7211712748525994
SC_avg=-0.001593632089693226
SC_std=0.00822828775585548
SC_avg_abs=0.005955242589497933
SC_std_abs=0.005897412002793355
---
run_2
TV=15723.36
FD=20.656744
IGSD=[20.196,17.886,18.028,20.423,17.755,17.993]
SC_pos=0.27212802495396027
SC_neg=0.7278719750460397
SC_avg=-0.0024659357906822495
SC_std=0.011792389433123815
SC_avg_abs=0.00851367238637343
SC_std_abs=0.008524005535176557
---
run_3
TV=15983.187
FD=19.950961
IGSD=[19.908,18.205,17.236,20.378,18.767,18.413]
SC_pos=0.2827120360470033
SC_neg=0.7172879639529967
SC_avg=-0.0025559565790274803
SC_std=0.009942939422273398
SC_avg_abs=0.007802816242845276
SC_std_abs=0.006671657745213119
---
run_4
TV=14671.857
FD=20.282119
IGSD=[20.21,19.84,20.876,18.391,20.704,21.327]
SC_pos=0.26453480964338966
SC_neg=0.7354651903566103
SC_avg=-0.0021600383498172043
SC_std=0.010432034522126913
SC_avg_abs=0.007563569016994624
SC_std_abs=0.007502368537247932
---
combined
TV_avg=14900.250399999999
TV_std=829.5929025693507
FD_avg=18.5825172
FD_std=2.1128804524871163
IGSD_avg=19.96533333333333
IGSD_std=2.0206705377726037
SC_pos_avg=0.27314434857480374
SC_neg_avg=0.7268556514251963
SC_avg=-0.0021211492433754605
SC_std=0.009886632825665058
SC_avg_abs=0.007219477734708659
SC_std_abs=0.007079825137687768