conf_id=275
---
run_0
TV=6839.547
FD=5.646718
IGSD=[40.809,38.075,38.63,41.179,43.419,42.136]
SC_pos=0.2282930606949643
SC_neg=0.7717069393050356
SC_avg=-0.0005602705154592258
SC_std=0.002893338675641561
SC_avg_abs=0.001804820996326727
SC_std_abs=0.002329792461502614
---
run_1
TV=8035.313
FD=6.946008
IGSD=[35.264,32.986,40.125,37.333,33.039,34.113]
SC_pos=0.25857994380966803
SC_neg=0.7414200561903319
SC_avg=-0.0006859444549291233
SC_std=0.0037895457323118926
SC_avg_abs=0.002415872152175676
SC_std_abs=0.002999122937939248
---
run_2
TV=8131.195
FD=6.715406
IGSD=[38.873,35.093,34.175,37.171,35.847,34.849]
SC_pos=0.25848775039575833
SC_neg=0.7415122496042417
SC_avg=-0.0007829320684331627
SC_std=0.0030658785485492036
SC_avg_abs=0.002285486983358882
SC_std_abs=0.002188411101034793
---
run_3
TV=5746.616
FD=4.576227
IGSD=[47.062,46.878,45.971,48.26,48.465,48.708]
SC_pos=0.22267050550373962
SC_neg=0.7773294944962603
SC_avg=-0.0003945696360930874
SC_std=0.0024178430598343335
SC_avg_abs=0.0014024602306838023
SC_std_abs=0.002008670097618329
---
run_4
TV=6086.77
FD=5.076147
IGSD=[42.829,46.129,43.139,44.173,44.764,45.948]
SC_pos=0.21815530716048637
SC_neg=0.7818446928395136
SC_avg=-0.0004539384626860332
SC_std=0.002737783020712632
SC_avg_abs=0.0015736513804379508
SC_std_abs=0.002285855929242673
---
combined
TV_avg=6967.888200000001
TV_std=977.4482029307536
FD_avg=5.792101199999999
FD_std=0.9160861769893485
IGSD_avg=40.84806666666666
IGSD_std=5.015596780266753
SC_pos_avg=0.23723731351292335
SC_neg_avg=0.7627626864870767
SC_avg=-0.0005755310275201275
SC_std=0.003019141226612453
SC_avg_abs=0.001896458348596615
SC_std_abs=0.002418655709667568