conf_id=182
---
run_0
TV=15002.893
FD=15.766889
IGSD=[14.847,15.639,33.274,13.155,21.3,32.206]
SC_pos=0.29234262221687246
SC_neg=0.7076573777831275
SC_avg=-0.0014364030046035297
SC_std=0.009311858542507658
SC_avg_abs=0.006308885376457068
SC_std_abs=0.006997994599457278
---
run_1
TV=17751.101
FD=20.926113
IGSD=[14.548,18.153,18.631,16.733,16.716,14.226]
SC_pos=0.2651211183206131
SC_neg=0.734878881679387
SC_avg=-0.0024463862229803066
SC_std=0.013027574253262187
SC_avg_abs=0.009013147103131884
SC_std_abs=0.009719345439562956
---
run_2
TV=15650.694
FD=14.441235
IGSD=[15.112,15.618,63.1,17.277,14.95,16.556]
SC_pos=0.2904759645554651
SC_neg=0.7095240354445349
SC_avg=-0.001623147157657716
SC_std=0.012337476223085033
SC_avg_abs=0.007988094277349
SC_std_abs=0.009541398014273639
---
run_3
TV=20744.948
FD=29.587693
IGSD=[14.551,13.97,13.906,14.141,14.45,14.441]
SC_pos=0.23655069011431776
SC_neg=0.7634493098856823
SC_avg=-0.004473618297917845
SC_std=0.01759391035926704
SC_avg_abs=0.013197633004595522
SC_std_abs=0.012465208601599914
---
run_4
TV=19844.495
FD=27.952983
IGSD=[15.074,15.024,13.882,14.436,14.296,16.496]
SC_pos=0.24497613226460793
SC_neg=0.7550238677353921
SC_avg=-0.003677254201017561
SC_std=0.01704079803894844
SC_avg_abs=0.012118781621941448
SC_std_abs=0.012531804669034096
---
combined
TV_avg=17798.8262
TV_std=2249.372650406455
FD_avg=21.734982600000002
FD_std=6.161164742178855
IGSD_avg=18.2236
IGSD_std=9.524307479986843
SC_pos_avg=0.2658933054943753
SC_neg_avg=0.7341066945056247
SC_avg=-0.002731361776835388
SC_std=0.014251264075322494
SC_avg_abs=0.009725308276695
SC_std_abs=0.010769273133493426