conf_id=39
---
run_0
TV=6221.69
FD=4.950635
IGSD=[42.87,42.16,42.375,42.925,41.686,42.616]
SC_pos=0.20718118326206816
SC_neg=0.7928188167379319
SC_avg=-0.00048606178332217224
SC_std=0.00298655103206424
SC_avg_abs=0.0017081708168254306
SC_std_abs=0.0024975779437039097
---
run_1
TV=8366.857
FD=7.276822
IGSD=[29.617,34.125,35.156,29.365,32.539,32.358]
SC_pos=0.21404265219527022
SC_neg=0.7859573478047298
SC_avg=-0.0007951808264115571
SC_std=0.004993341973772694
SC_avg_abs=0.002886404647816563
SC_std_abs=0.004151438885831719
---
run_2
TV=7439.95
FD=6.295478
IGSD=[36.083,39.867,38.993,35.244,36.889,37.855]
SC_pos=0.23493782331142582
SC_neg=0.7650621766885741
SC_avg=-0.0005706824472807876
SC_std=0.003745585883220697
SC_avg_abs=0.0021769413218553613
SC_std_abs=0.003100970581191508
---
run_3
TV=11149.173
FD=10.499825
IGSD=[27.241,24.838,24.322,26.218,26.744,26.593]
SC_pos=0.22631121306022262
SC_neg=0.7736887869397774
SC_avg=-0.001319448939618773
SC_std=0.0064544145880920745
SC_avg_abs=0.00431144642977326
SC_std_abs=0.0049811487492778484
---
run_4
TV=8543.002
FD=7.657518
IGSD=[32.901,29.111,29.245,33.388,31.256,31.75]
SC_pos=0.19989313851034918
SC_neg=0.8001068614896508
SC_avg=-0.000868040380623272
SC_std=0.005310939750995788
SC_avg_abs=0.0030550595827354486
SC_std_abs=0.004430145154172281
---
combined
TV_avg=8344.134399999999
TV_std=1626.6914794554748
FD_avg=7.3360556
FD_std=1.837896443812066
IGSD_avg=33.87766666666667
IGSD_std=5.8174775537933
SC_pos_avg=0.2164732020678672
SC_neg_avg=0.7835267979321328
SC_avg=-0.0008078828754513111
SC_std=0.004861547622319029
SC_avg_abs=0.0028276045598012093
SC_std_abs=0.004036331561940206