conf_id=221
---
run_0
TV=19333.302
FD=25.612726
IGSD=[18.116,13.479,13.872,17.596,13.784,14.273]
SC_pos=0.24776513841753423
SC_neg=0.7522348615824658
SC_avg=-0.003700632753042891
SC_std=0.015686725695481355
SC_avg_abs=0.011243882115416727
SC_std_abs=0.011547430917428393
---
run_1
TV=18483.98
FD=24.908153
IGSD=[16.356,15.094,15.967,18.243,14.543,13.411]
SC_pos=0.2562289081668655
SC_neg=0.7437710918331345
SC_avg=-0.002907972942735672
SC_std=0.014790689835039646
SC_avg_abs=0.010132907563993156
SC_std_abs=0.011159972971813077
---
run_2
TV=21539.142
FD=34.378485
IGSD=[12.888,14.23,14.105,13.392,13.391,13.545]
SC_pos=0.21566691368976895
SC_neg=0.784333086310231
SC_avg=-0.004546365597895054
SC_std=0.020639829289654354
SC_avg_abs=0.014826146792619933
SC_std_abs=0.01506178490549785
---
run_3
TV=21121.13
FD=34.17364
IGSD=[13.636,13.446,14.608,13.731,14.859,13.172]
SC_pos=0.22766179477994675
SC_neg=0.7723382052200533
SC_avg=-0.004487420305523211
SC_std=0.01957500391577186
SC_avg_abs=0.014203999439763028
SC_std_abs=0.014197327889998062
---
run_4
TV=16881.041
FD=19.389264
IGSD=[16.595,14.298,17.094,13.241,20.07,27.497]
SC_pos=0.28148368829178866
SC_neg=0.7185163117082114
SC_avg=-0.002309137992525802
SC_std=0.010916599207260685
SC_avg_abs=0.007814311767612242
SC_std_abs=0.007964972574908677
---
combined
TV_avg=19471.719
TV_std=1714.71248934298
FD_avg=27.6924536
FD_std=5.791879613532056
IGSD_avg=15.2844
IGSD_std=2.890162955036734
SC_pos_avg=0.24576128866918082
SC_neg_avg=0.7542387113308192
SC_avg=-0.003590305918344536
SC_std=0.016715450005254973
SC_avg_abs=0.011644249535881014
SC_std_abs=0.012518307322142758