conf_id=254
---
run_0
TV=9945.544
FD=9.472913
IGSD=[25.432,24.815,26.641,26.578,33.022,30.004]
SC_pos=0.23604414427834206
SC_neg=0.7639558557216579
SC_avg=-0.0011530693293637577
SC_std=0.005169532595468509
SC_avg_abs=0.003366605812868762
SC_std_abs=0.004088960923595264
---
run_1
TV=9689.027
FD=9.261677
IGSD=[33.099,29.013,28.523,25.853,25.63,27.035]
SC_pos=0.21545352219240496
SC_neg=0.784546477807595
SC_avg=-0.0009878050667463693
SC_std=0.006348004941764888
SC_avg_abs=0.0036242914309192746
SC_std_abs=0.005304473321106106
---
run_2
TV=8130.982
FD=6.806939
IGSD=[33.248,32.498,32.933,33.226,39.275,38.627]
SC_pos=0.25008551198110385
SC_neg=0.7499144880188962
SC_avg=-0.0006565745379406184
SC_std=0.0037469926001469905
SC_avg_abs=0.002419704896024625
SC_std_abs=0.002935314614412346
---
run_3
TV=11943.897
FD=11.291753
IGSD=[25.434,24.548,21.907,25.172,23.62,23.055]
SC_pos=0.2553260342391837
SC_neg=0.7446739657608163
SC_avg=-0.0012792971380914764
SC_std=0.00681378535384766
SC_avg_abs=0.00454282361580757
SC_std_abs=0.005237081783923071
---
run_4
TV=7543.284
FD=6.52388
IGSD=[35.422,35.801,36.201,36.233,34.367,35.191]
SC_pos=0.21807761608134899
SC_neg=0.781922383918651
SC_avg=-0.0007435058221307527
SC_std=0.004071468676224767
SC_avg_abs=0.0024399013195535806
SC_std_abs=0.003343133207017403
---
combined
TV_avg=9450.5468
TV_std=1542.56882525888
FD_avg=8.671432399999999
FD_std=1.785785924246196
IGSD_avg=30.0801
IGSD_std=4.994879900791742
SC_pos_avg=0.23499736575447672
SC_neg_avg=0.7650026342455233
SC_avg=-0.0009640503788545974
SC_std=0.005372979989427311
SC_avg_abs=0.0032786654150347727
SC_std_abs=0.004364477081622825