conf_id=306
---
run_0
TV=8038.237
FD=7.102088
IGSD=[37.959,34.657,36.809,40.631,34.896,32.088]
SC_pos=0.2622968922118112
SC_neg=0.7377031077881888
SC_avg=-0.0005620264301171191
SC_std=0.00341502152553326
SC_avg_abs=0.002273320965850275
SC_std_abs=0.0026096470095074683
---
run_1
TV=9481.366
FD=9.593184
IGSD=[32.635,31.197,31.053,32.628,28.333,28.635]
SC_pos=0.2636512031033339
SC_neg=0.7363487968966661
SC_avg=-0.0010801255252684545
SC_std=0.005399364099047575
SC_avg_abs=0.003667702483475598
SC_std_abs=0.0041070381441042384
---
run_2
TV=6912.639
FD=6.210632
IGSD=[34.079,44.693,44.845,43.673,39.558,42.319]
SC_pos=0.2542350443118839
SC_neg=0.7457649556881161
SC_avg=-0.000421156125214098
SC_std=0.002969021029931752
SC_avg_abs=0.001743620907596467
SC_std_abs=0.0024397222154529876
---
run_3
TV=10293.157
FD=10.92142
IGSD=[27.598,31.016,29.245,27.983,26.988,29.343]
SC_pos=0.27756867943189795
SC_neg=0.722431320568102
SC_avg=-0.0010380809490854192
SC_std=0.005486103118950503
SC_avg_abs=0.0039259241432976705
SC_std_abs=0.003970145980903599
---
run_4
TV=9707.726
FD=9.488092
IGSD=[33.637,31.677,33.884,31.775,26.366,25.872]
SC_pos=0.2625753370394395
SC_neg=0.7374246629605605
SC_avg=-0.0009596889076799353
SC_std=0.004886802897223816
SC_avg_abs=0.003402847787960937
SC_std_abs=0.003636271756594705
---
combined
TV_avg=8886.625
TV_std=1234.7176926768318
FD_avg=8.6630832
FD_std=1.737644096083936
IGSD_avg=33.535733333333326
IGSD_std=5.43802237909661
SC_pos_avg=0.2640654312196733
SC_neg_avg=0.7359345687803267
SC_avg=-0.0008122155874730057
SC_std=0.004560018025231686
SC_avg_abs=0.003002683257636191
SC_std_abs=0.003526662984364016