conf_id=120
---
run_0
TV=12837.361
FD=16.10127
IGSD=[22.217,21.383,22.06,22.409,26.006,24.332]
SC_pos=0.27060859462224424
SC_neg=0.7293914053777558
SC_avg=-0.0015959602515328165
SC_std=0.008442421513754225
SC_avg_abs=0.006125379262107891
SC_std_abs=0.006025055936313906
---
run_1
TV=11638.565
FD=12.857607
IGSD=[25.232,23.569,20.09,24.635,27.896,31.636]
SC_pos=0.27266979074581155
SC_neg=0.7273302092541885
SC_avg=-0.001245238811668644
SC_std=0.0063653598772857945
SC_avg_abs=0.004562668979994437
SC_std_abs=0.004609824057861889
---
run_2
TV=12405.54
FD=14.294007
IGSD=[21.562,26.062,21.021,22.399,26.473,25.919]
SC_pos=0.276872153010405
SC_neg=0.723127846989595
SC_avg=-0.0014285519381228866
SC_std=0.008227971137387944
SC_avg_abs=0.005851427928538897
SC_std_abs=0.00595827666987013
---
run_3
TV=11631.811
FD=13.957085
IGSD=[23.093,29.833,25.219,20.529,24.47,29.161]
SC_pos=0.2723718713543461
SC_neg=0.7276281286456538
SC_avg=-0.0009724901236787765
SC_std=0.006786132415576348
SC_avg_abs=0.0044186074210862975
SC_std_abs=0.005241492026199209
---
run_4
TV=13682.342
FD=17.849524
IGSD=[21.436,21.025,20.365,21.315,21.575,22.208]
SC_pos=0.2620789428378044
SC_neg=0.7379210571621956
SC_avg=-0.0020796567364385118
SC_std=0.009866374136274138
SC_avg_abs=0.007127378366308008
SC_std_abs=0.0071323760670507245
---
combined
TV_avg=12439.123800000001
TV_std=774.333336644988
FD_avg=15.0118986
FD_std=1.76112579538142
IGSD_avg=23.83766666666667
IGSD_std=2.9561033961769487
SC_pos_avg=0.27092027051412226
SC_neg_avg=0.7290797294858777
SC_avg=-0.0014643795722883255
SC_std=0.008044574185940331
SC_avg_abs=0.005617092391607107
SC_std_abs=0.005942041267862622