conf_id=118
---
run_0
TV=9797.242
FD=8.430099
IGSD=[29.707,36.096,31.753,29.866,26.729,24.759]
SC_pos=0.2731632844804922
SC_neg=0.7268367155195078
SC_avg=-0.0007467174666364797
SC_std=0.004421523015867261
SC_avg_abs=0.0029434192308790802
SC_std_abs=0.0033828591437000664
---
run_1
TV=7312.17
FD=5.914818
IGSD=[38.642,39.087,36.678,39.45,39.518,37.143]
SC_pos=0.23462581593761012
SC_neg=0.7653741840623899
SC_avg=-0.0006070802439645685
SC_std=0.0035147171551748414
SC_avg_abs=0.0020591083931570647
SC_std_abs=0.002912362568212031
---
run_2
TV=7932.101
FD=6.616862
IGSD=[35.867,36.221,33.034,36.57,35.809,33.636]
SC_pos=0.23693251587125158
SC_neg=0.7630674841287484
SC_avg=-0.0007063968102040182
SC_std=0.004227489785790829
SC_avg_abs=0.002491039074998237
SC_std_abs=0.0034878920094039765
---
run_3
TV=7194.399
FD=6.064949
IGSD=[38.569,39.775,35.85,34.11,46.267,41.761]
SC_pos=0.25000243432047964
SC_neg=0.7499975656795204
SC_avg=-0.0004848764389284118
SC_std=0.003211361385665501
SC_avg_abs=0.0019276471165628657
SC_std_abs=0.002613833143943627
---
run_4
TV=7140.679
FD=6.208021
IGSD=[34.177,47.953,43.655,36.676,34.754,35.156]
SC_pos=0.23749831410358271
SC_neg=0.7625016858964173
SC_avg=-0.000491712121923399
SC_std=0.0034011644311310514
SC_avg_abs=0.0018977688732300401
SC_std_abs=0.0028649910300447023
---
combined
TV_avg=7875.3182
TV_std=1001.7481705150052
FD_avg=6.6469498
FD_std=0.9217295417215183
IGSD_avg=36.308933333333336
IGSD_std=4.941843103764246
SC_pos_avg=0.24644447294268326
SC_neg_avg=0.7535555270573168
SC_avg=-0.000607356616331377
SC_std=0.0037871662047644456
SC_avg_abs=0.0022637965377654613
SC_std_abs=0.003096245332255277