conf_id=257
---
run_0
TV=7930.178
FD=6.783754
IGSD=[35.366,33.825,32.879,34.273,33.018,36.728]
SC_pos=0.23837052595203168
SC_neg=0.7616294740479683
SC_avg=-0.0006656244013848629
SC_std=0.0047453979739617335
SC_avg_abs=0.002572257123446677
SC_std_abs=0.004042938419748306
---
run_1
TV=6237.713
FD=5.094678
IGSD=[42.462,40.431,40.272,46.319,46.526,44.02]
SC_pos=0.22078230151638484
SC_neg=0.7792176984836151
SC_avg=-0.00041212807286687865
SC_std=0.003141318020317002
SC_avg_abs=0.0016432852805789153
SC_std_abs=0.0027087528384564692
---
run_2
TV=7736.895
FD=7.084355
IGSD=[33.792,34.222,34.53,34.911,36.285,34.339]
SC_pos=0.20723794954389121
SC_neg=0.7927620504561088
SC_avg=-0.0006757131262914465
SC_std=0.004701499855148637
SC_avg_abs=0.0025523084964765336
SC_std_abs=0.004005797106172366
---
run_3
TV=9658.458
FD=9.186901
IGSD=[30.715,29.165,28.04,27.739,27.285,27.395]
SC_pos=0.21926556447541223
SC_neg=0.7807344355245878
SC_avg=-0.0009958265823571876
SC_std=0.006192473207421977
SC_avg_abs=0.003593902727167978
SC_std_abs=0.005140258572720133
---
run_4
TV=9322.937
FD=8.140154
IGSD=[29.994,32.359,29.962,31.53,27.861,28.478]
SC_pos=0.22802766796863103
SC_neg=0.771972332031369
SC_avg=-0.0009143000922599244
SC_std=0.005158448024648529
SC_avg_abs=0.003125639349738469
SC_std_abs=0.004204272747702425
---
combined
TV_avg=8177.236199999999
TV_std=1226.6488261812183
FD_avg=7.2579684
FD_std=1.373599553927505
IGSD_avg=34.15736666666667
IGSD_std=5.433614999754359
SC_pos_avg=0.2227368018912702
SC_neg_avg=0.7772631981087298
SC_avg=-0.0007327184550320612
SC_std=0.00489203064916748
SC_avg_abs=0.0026974785954817157
SC_std_abs=0.004146377869135491