conf_id=52
---
run_0
TV=6454.397
FD=5.310212
IGSD=[44.669,42.578,44.932,41.892,45.298,42.333]
SC_pos=0.23815775598330077
SC_neg=0.7618422440166992
SC_avg=-0.0004658785487553135
SC_std=0.0027586951553135067
SC_avg_abs=0.001656783633957621
SC_std_abs=0.0022544422308834505
---
run_1
TV=7010.556
FD=5.635792
IGSD=[42.726,41.541,49.061,38.793,42.802,33.659]
SC_pos=0.2653005329193676
SC_neg=0.7346994670806324
SC_avg=-0.00042525528837240845
SC_std=0.0028017733085104572
SC_avg_abs=0.001803548872785085
SC_std_abs=0.0021858607448888372
---
run_2
TV=7506.911
FD=6.147242
IGSD=[35.299,40.127,35.057,38.743,40.468,43.096]
SC_pos=0.26775059879104396
SC_neg=0.7322494012089561
SC_avg=-0.0005169928201500814
SC_std=0.003090056917765672
SC_avg_abs=0.0019943443608228407
SC_std_abs=0.0024162623826009325
---
run_3
TV=9549.209
FD=7.717919
IGSD=[30.259,31.039,31.328,31.654,31.14,29.182]
SC_pos=0.2585714495850157
SC_neg=0.7414285504149843
SC_avg=-0.0009998982011915124
SC_std=0.0044405816298188705
SC_avg_abs=0.003173555480072231
SC_std_abs=0.0032629905361086127
---
run_4
TV=9017.312
FD=7.263726
IGSD=[34.114,32.281,31.621,32.238,30.623,29.739]
SC_pos=0.23497988008226553
SC_neg=0.7650201199177344
SC_avg=-0.000979414667713019
SC_std=0.004209663701411196
SC_avg_abs=0.0027335773768043196
SC_std_abs=0.0033478465160956842
---
combined
TV_avg=7907.677000000001
TV_std=1183.5015313928413
FD_avg=6.4149782
FD_std=0.9292308346189121
IGSD_avg=37.2764
IGSD_std=5.773946412405759
SC_pos_avg=0.25295204347219874
SC_neg_avg=0.7470479565278013
SC_avg=-0.0006774879052364673
SC_std=0.0035433906002940753
SC_avg_abs=0.002272361944888423
SC_std_abs=0.00280195967126884