conf_id=319
---
run_0
TV=7087.224
FD=5.894976
IGSD=[38.408,34.827,35.341,37.176,47.018,45.202]
SC_pos=0.2354686087640924
SC_neg=0.7645313912359076
SC_avg=-0.0006244343453968407
SC_std=0.002917945549914181
SC_avg_abs=0.0018637039159110525
SC_std_abs=0.00233043605314391
---
run_1
TV=6554.898
FD=5.466287
IGSD=[43.056,42.498,42.5,45.222,39.718,39.783]
SC_pos=0.2248183012835188
SC_neg=0.7751816987164812
SC_avg=-0.0005127407058763977
SC_std=0.00283169316086521
SC_avg_abs=0.0017354070935797607
SC_std_abs=0.002295593911890009
---
run_2
TV=7132.177
FD=6.199568
IGSD=[39.909,39.735,39.993,38.751,37.685,37.927]
SC_pos=0.2331279319318415
SC_neg=0.7668720680681584
SC_avg=-0.0005596546220130908
SC_std=0.0034162430105937783
SC_avg_abs=0.00204640530513127
SC_std_abs=0.0027921595460327904
---
run_3
TV=6019.582
FD=4.863392
IGSD=[44.699,43.32,42.829,46.608,43.626,43.454]
SC_pos=0.20500086081715685
SC_neg=0.7949991391828432
SC_avg=-0.00046959535875269634
SC_std=0.0028262949818307894
SC_avg_abs=0.001593732975335106
SC_std_abs=0.0023808566375599963
---
run_4
TV=6694.631
FD=5.607904
IGSD=[37.547,42.739,41.047,41.324,38.599,38.353]
SC_pos=0.20514982051288957
SC_neg=0.7948501794871105
SC_avg=-0.0005149457113833816
SC_std=0.003550609174172804
SC_avg_abs=0.0019437862217303989
SC_std_abs=0.00301557452529419
---
combined
TV_avg=6697.7024
TV_std=405.1530727922964
FD_avg=5.606425400000001
FD_std=0.44873582063909273
IGSD_avg=40.96313333333333
IGSD_std=3.1563373999340154
SC_pos_avg=0.2207131046618998
SC_neg_avg=0.7792868953381001
SC_avg=-0.000536274148684481
SC_std=0.003124488796012551
SC_avg_abs=0.0018366071023375203
SC_std_abs=0.002583968759601909