conf_id=90
---
run_0
TV=10295.258
FD=9.445427
IGSD=[27.952,32.709,25.68,31.199,26.215,25.913]
SC_pos=0.27264016454763385
SC_neg=0.7273598354523662
SC_avg=-0.0010884093690106747
SC_std=0.005678058253190824
SC_avg_abs=0.0037927726755484863
SC_std_abs=0.0043634683352571065
---
run_1
TV=9435.885
FD=8.727913
IGSD=[29.223,28.594,27.785,32.219,29.922,29.98]
SC_pos=0.23341942886076494
SC_neg=0.7665805711392351
SC_avg=-0.0009233400642710252
SC_std=0.00625070208045377
SC_avg_abs=0.003483835511425787
SC_std_abs=0.005271311364566292
---
run_2
TV=8600.737
FD=7.282533
IGSD=[29.446,35.875,32.011,29.286,34.045,38.698]
SC_pos=0.2415138034258244
SC_neg=0.7584861965741756
SC_avg=-0.0007097044897364222
SC_std=0.0038728979948500684
SC_avg_abs=0.002493094401595592
SC_std_abs=0.0030475399334542633
---
run_3
TV=12014.467
FD=12.832797
IGSD=[22.187,24.282,26.398,23.852,23.089,22.874]
SC_pos=0.2106696163034419
SC_neg=0.7893303836965582
SC_avg=-0.00160596593853562
SC_std=0.007510490274720162
SC_avg_abs=0.004941543371220848
SC_std_abs=0.005879433635372204
---
run_4
TV=10039.824
FD=9.248004
IGSD=[25.899,28.931,25.113,25.181,34.462,27.112]
SC_pos=0.2404793726041366
SC_neg=0.7595206273958633
SC_avg=-0.0009404342306274959
SC_std=0.006963134298652231
SC_avg_abs=0.003907321465285386
SC_std_abs=0.005839734135225943
---
combined
TV_avg=10077.234199999999
TV_std=1130.7676684248452
FD_avg=9.507334799999999
FD_std=1.826856604923156
IGSD_avg=28.537733333333332
IGSD_std=3.9945632463247964
SC_pos_avg=0.23974447714836034
SC_neg_avg=0.7602555228516397
SC_avg=-0.0010535708184362484
SC_std=0.0061912522548128335
SC_avg_abs=0.0037237134850152207
SC_std_abs=0.005057229857708793