conf_id=103
---
run_0
TV=13398.159
FD=14.303914
IGSD=[22.012,22.397,26.954,17.771,25.596,17.551]
SC_pos=0.27554581090737174
SC_neg=0.7244541890926283
SC_avg=-0.0011795456480790316
SC_std=0.00807732416028821
SC_avg_abs=0.005350673729455814
SC_std_abs=0.006164802037956231
---
run_1
TV=15628.479
FD=20.181518
IGSD=[19.432,19.225,19.322,19.375,17.561,18.186]
SC_pos=0.26555370224924996
SC_neg=0.73444629775075
SC_avg=-0.0026010066932245918
SC_std=0.01320739183431302
SC_avg_abs=0.009222295064128515
SC_std_abs=0.009805595781666112
---
run_2
TV=12857.132
FD=15.782515
IGSD=[23.357,20.591,25.117,17.844,25.667,28.685]
SC_pos=0.28794592866633006
SC_neg=0.7120540713336699
SC_avg=-0.0014737658816708144
SC_std=0.007290455246160086
SC_avg_abs=0.005566923460337662
SC_std_abs=0.004932756506962639
---
run_3
TV=12297.497
FD=11.91588
IGSD=[22.744,19.163,26.62,25.754,25.48,25.763]
SC_pos=0.282590837963549
SC_neg=0.717409162036451
SC_avg=-0.001241579823468666
SC_std=0.006258841158013322
SC_avg_abs=0.004624817672113762
SC_std_abs=0.004396097655761333
---
run_4
TV=13875.835
FD=15.569924
IGSD=[20.743,19.54,22.606,19.293,26.189,19.88]
SC_pos=0.27270687528758647
SC_neg=0.7272931247124135
SC_avg=-0.0015707390229305436
SC_std=0.009482956094836745
SC_avg_abs=0.006390631530539055
SC_std_abs=0.007180077020174521
---
combined
TV_avg=13611.420399999997
TV_std=1138.3555325731236
FD_avg=15.550750200000001
FD_std=2.693138498299737
IGSD_avg=22.01393333333333
IGSD_std=3.3393686622207834
SC_pos_avg=0.27686863101481746
SC_neg_avg=0.7231313689851826
SC_avg=-0.0016133274138747256
SC_std=0.00920056319724007
SC_avg_abs=0.00623106829131495
SC_std_abs=0.006958949377581157