conf_id=21
---
run_0
TV=11326.516
FD=11.874399
IGSD=[26.397,21.64,23.358,23.41,30.098,42.33]
SC_pos=0.29023957649867643
SC_neg=0.7097604235013235
SC_avg=-0.0010872956281793606
SC_std=0.005327596044462907
SC_avg_abs=0.00422808973446547
SC_std_abs=0.0034188811902934745
---
run_1
TV=12504.866
FD=14.141544
IGSD=[22.457,22.616,21.836,21.976,24.758,27.665]
SC_pos=0.2743804447203111
SC_neg=0.7256195552796889
SC_avg=-0.0012629618788682529
SC_std=0.007911253344425674
SC_avg_abs=0.005519507717094206
SC_std_abs=0.005806723408954334
---
run_2
TV=13373.482
FD=15.336074
IGSD=[21.366,19.85,23.713,20.86,20.727,27.08]
SC_pos=0.2859083506308205
SC_neg=0.7140916493691795
SC_avg=-0.0015549627854601835
SC_std=0.007179461209816955
SC_avg_abs=0.005557102372041241
SC_std_abs=0.004804288267171944
---
run_3
TV=11954.517
FD=12.848043
IGSD=[25.623,21.831,20.359,24.383,31.287,30.075]
SC_pos=0.28743088860570204
SC_neg=0.712569111394298
SC_avg=-0.001009054157481104
SC_std=0.00561303065819242
SC_avg_abs=0.004276763489855883
SC_std_abs=0.0037727440297976303
---
run_4
TV=15718.649
FD=21.214843
IGSD=[18.981,19.077,17.575,18.374,19.741,18.821]
SC_pos=0.2715348794617728
SC_neg=0.7284651205382272
SC_avg=-0.002512445241005099
SC_std=0.012739229475677951
SC_avg_abs=0.009135113412825148
SC_std_abs=0.009227678562772608
---
combined
TV_avg=12975.606
TV_std=1527.501681363788
FD_avg=15.082980600000003
FD_std=3.281464233942804
IGSD_avg=23.608800000000006
IGSD_std=4.966927087579736
SC_pos_avg=0.28189882798345656
SC_neg_avg=0.7181011720165434
SC_avg=-0.001485343938198801
SC_std=0.008219543603175028
SC_avg_abs=0.0057433153452563935
SC_std_abs=0.006064773079364297