conf_id=11
---
run_0
TV=10279.113
FD=9.635187
IGSD=[27.117,25.697,26.015,26.704,28.148,26.382]
SC_pos=0.19215407114721134
SC_neg=0.8078459288527887
SC_avg=-0.0011591776486535336
SC_std=0.007150770128411938
SC_avg_abs=0.004126984182752234
SC_std_abs=0.005953587809534624
---
run_1
TV=13230.525
FD=10.846236
IGSD=[22.913,20.927,21.503,23.225,20.614,20.399]
SC_pos=0.22461734035881678
SC_neg=0.7753826596411832
SC_avg=-0.0023909825268431566
SC_std=0.007481971593803939
SC_avg_abs=0.0054557401061639055
SC_std_abs=0.00565080492214631
---
run_2
TV=9503.111
FD=9.074492
IGSD=[28.383,29.653,27.772,30.633,28.476,30.986]
SC_pos=0.24269574370976768
SC_neg=0.7573042562902323
SC_avg=-0.00093238437684201
SC_std=0.0060050049175105645
SC_avg_abs=0.0035659193662298185
SC_std_abs=0.00492073609930996
---
run_3
TV=10093.744
FD=9.625252
IGSD=[26.914,27.061,27.295,25.91,26.963,27.976]
SC_pos=0.21039593652866728
SC_neg=0.7896040634713327
SC_avg=-0.0010726942426892575
SC_std=0.007542976736898892
SC_avg_abs=0.00416813833886985
SC_std_abs=0.006377600942340296
---
run_4
TV=12827.843
FD=13.240119
IGSD=[22.104,22.026,20.524,20.894,20.419,28.225]
SC_pos=0.26336840757527386
SC_neg=0.7366315924247262
SC_avg=-0.001169915043486815
SC_std=0.008259102037360796
SC_avg_abs=0.005230932266350376
SC_std_abs=0.006497600733914677
---
combined
TV_avg=11186.867199999999
TV_std=1531.2289011588566
FD_avg=10.4842572
FD_std=1.4947943650974072
IGSD_avg=25.395266666666664
IGSD_std=3.2935140496976105
SC_pos_avg=0.22664629986394738
SC_neg_avg=0.7733537001360526
SC_avg=-0.001345030767702954
SC_std=0.0073442008025933255
SC_avg_abs=0.004509542852073231
SC_std_abs=0.005950665211570482