conf_id=82
---
run_0
TV=18128.244
FD=14.950715
IGSD=[16.711,13.467,18.26,20.4,12.446,12.576]
SC_pos=0.2551930271117005
SC_neg=0.7448069728882994
SC_avg=-0.0027479766730355163
SC_std=0.01600374108743612
SC_avg_abs=0.010507316705962187
SC_std_abs=0.012380121171856369
---
run_1
TV=18917.602
FD=26.577663
IGSD=[15.454,14.301,15.902,14.094,20.263,15.401]
SC_pos=0.26446872043207015
SC_neg=0.7355312795679299
SC_avg=-0.003388828980674274
SC_std=0.014596701525301237
SC_avg_abs=0.010849822515983269
SC_std_abs=0.010335821624363101
---
run_2
TV=18589.423
FD=20.698663
IGSD=[18.241,13.092,14.764,19.357,13.084,13.08]
SC_pos=0.24950003200872461
SC_neg=0.7504999679912754
SC_avg=-0.0031483819870066665
SC_std=0.016035332006904702
SC_avg_abs=0.010995987279496933
SC_std_abs=0.012088525363207574
---
run_3
TV=19582.515
FD=26.000794
IGSD=[15.458,14.105,17.123,17.454,13.273,13.39]
SC_pos=0.2530375658121131
SC_neg=0.7469624341878869
SC_avg=-0.0037827146661132947
SC_std=0.015594014882454885
SC_avg_abs=0.011380680123324906
SC_std_abs=0.011312044480553039
---
run_4
TV=19663.083
FD=28.71111
IGSD=[17.244,13.352,14.164,15.886,13.978,16.659]
SC_pos=0.2592913869183554
SC_neg=0.7407086130816446
SC_avg=-0.0040171815530702926
SC_std=0.015616120529388858
SC_avg_abs=0.011834862370740164
SC_std_abs=0.010951575260407381
---
combined
TV_avg=18976.1734
TV_std=585.0616519043443
FD_avg=23.387789
FD_std=4.9750669153347875
IGSD_avg=15.432633333333335
IGSD_std=2.2562933243608985
SC_pos_avg=0.25629814645659277
SC_neg_avg=0.7437018535434072
SC_avg=-0.0034170167719800087
SC_std=0.015584391703844062
SC_avg_abs=0.011113733799101496
SC_std_abs=0.01144701661750979