conf_id=289
---
run_0
TV=11345.501
FD=12.129889
IGSD=[24.951,26.372,27.601,26.74,25.901,24.951]
SC_pos=0.2647875646208499
SC_neg=0.73521243537915
SC_avg=-0.0014325006807064157
SC_std=0.006355481173034154
SC_avg_abs=0.004734425979143804
SC_std_abs=0.004475422861476249
---
run_1
TV=10431.178
FD=11.067587
IGSD=[25.388,30.267,31.427,26.353,27.501,29.057]
SC_pos=0.27163846756728927
SC_neg=0.7283615324327107
SC_avg=-0.0011175434951942913
SC_std=0.005597624054591968
SC_avg_abs=0.003965686018316365
SC_std_abs=0.004105561219166974
---
run_2
TV=10368.044
FD=9.440988
IGSD=[32.084,28.314,30.75,30.925,24.014,23.141]
SC_pos=0.259860292793852
SC_neg=0.740139707206148
SC_avg=-0.0009848751942139618
SC_std=0.004768268085439862
SC_avg_abs=0.0032826970801021578
SC_std_abs=0.003595867011318838
---
run_3
TV=8378.968
FD=7.532793
IGSD=[33.274,31.46,31.447,35.862,34.574,33.367]
SC_pos=0.23901028609170158
SC_neg=0.7609897139082984
SC_avg=-0.0009393110915598701
SC_std=0.004026388394154728
SC_avg_abs=0.002666217196022395
SC_std_abs=0.003159967514223175
---
run_4
TV=8434.945
FD=7.341213
IGSD=[32.589,38.67,32.564,37.83,34.158,34.586]
SC_pos=0.2707353864633964
SC_neg=0.7292646135366035
SC_avg=-0.0006236087951906585
SC_std=0.0037377481200826803
SC_avg_abs=0.0025381183425242097
SC_std_abs=0.002813823771660712
---
combined
TV_avg=9791.7272
TV_std=1182.5394620536601
FD_avg=9.502493999999999
FD_std=1.8924778024099516
IGSD_avg=30.20393333333333
IGSD_std=4.0866443849311
SC_pos_avg=0.26120639950741786
SC_neg_avg=0.7387936004925821
SC_avg=-0.0010195678513730386
SC_std=0.004999780437022829
SC_avg_abs=0.0034374289232217865
SC_std_abs=0.003771127871047064