conf_id=100
---
run_0
TV=14333.465
FD=17.242309
IGSD=[21.311,19.327,20.246,18.963,25.583,19.395]
SC_pos=0.27969700064784003
SC_neg=0.72030299935216
SC_avg=-0.001685711761461563
SC_std=0.010064435800797553
SC_avg_abs=0.006882553010547697
SC_std_abs=0.007534252198334357
---
run_1
TV=13396.342
FD=15.059371
IGSD=[25.999,22.866,23.832,20.555,19.019,23.965]
SC_pos=0.28230762808306686
SC_neg=0.7176923719169331
SC_avg=-0.0017201111888596533
SC_std=0.007482665996687093
SC_avg_abs=0.0058407562115130734
SC_std_abs=0.004983436544964623
---
run_2
TV=15128.731
FD=21.342454
IGSD=[18.442,20.826,20.441,18.893,18.683,19.636]
SC_pos=0.2684433960407383
SC_neg=0.7315566039592617
SC_avg=-0.002192129691027512
SC_std=0.012232972508045776
SC_avg_abs=0.00858118487521432
SC_std_abs=0.008989678253546173
---
run_3
TV=13422.973
FD=16.337949
IGSD=[21.957,21.148,24.498,19.68,24.429,23.649]
SC_pos=0.28473221128078613
SC_neg=0.7152677887192139
SC_avg=-0.0017183087231883477
SC_std=0.0072245635564440564
SC_avg_abs=0.005760564891348575
SC_std_abs=0.004686448077365939
---
run_4
TV=14266.978
FD=16.562992
IGSD=[23.561,20.343,18.968,24.04,19.372,19.403]
SC_pos=0.2690437927003119
SC_neg=0.730956207299688
SC_avg=-0.0021652528966659202
SC_std=0.009264220114381126
SC_avg_abs=0.006916945146934427
SC_std_abs=0.006532225062604947
---
combined
TV_avg=14109.6978
TV_std=647.10199074625
FD_avg=17.309015
FD_std=2.136983737737749
IGSD_avg=21.301
IGSD_std=2.2780763229824705
SC_pos_avg=0.27684480575054865
SC_neg_avg=0.7231551942494513
SC_avg=-0.0018963028522405974
SC_std=0.009436268217494033
SC_avg_abs=0.006796400827111627
SC_std_abs=0.006815281225095585