conf_id=108
---
run_0
TV=11053.465
FD=9.798084
IGSD=[33.541,27.343,26.525,29.716,23.733,21.153]
SC_pos=0.279163314728219
SC_neg=0.720836685271781
SC_avg=-0.0012314139943844086
SC_std=0.005307795122759144
SC_avg_abs=0.004046541622633894
SC_std_abs=0.003648913589966602
---
run_1
TV=14340.179
FD=11.943974
IGSD=[24.138,19.025,20.075,23.155,19.526,21.144]
SC_pos=0.2589253065534601
SC_neg=0.74107469344654
SC_avg=-0.0023426725481742036
SC_std=0.00901637451648057
SC_avg_abs=0.006777637952799348
SC_std_abs=0.006391146052953503
---
run_2
TV=9757.27
FD=9.36323
IGSD=[31.584,32.084,30.808,31.335,27.169,27.845]
SC_pos=0.26816495121310996
SC_neg=0.7318350487868901
SC_avg=-0.0010446454695496115
SC_std=0.0049579172461545135
SC_avg_abs=0.00350174622259291
SC_std_abs=0.0036619668170701867
---
run_3
TV=8848.018
FD=7.907765
IGSD=[38.406,31.357,30.938,32.532,29.776,29.638]
SC_pos=0.25711872999325225
SC_neg=0.7428812700067478
SC_avg=-0.00079331862889153
SC_std=0.004966372715489468
SC_avg_abs=0.0030841644073408485
SC_std_abs=0.003972674452380466
---
run_4
TV=13243.305
FD=13.573997
IGSD=[19.162,17.801,30.979,19.536,32.357,19.095]
SC_pos=0.29067464654184577
SC_neg=0.7093253534581543
SC_avg=-0.00117739924474496
SC_std=0.00972637128769706
SC_avg_abs=0.006425588289427628
SC_std_abs=0.0073959706964288495
---
combined
TV_avg=11448.447400000001
TV_std=2066.9760816071966
FD_avg=10.51741
FD_std=2.0018799827844824
IGSD_avg=26.71586666666667
IGSD_std=5.529214240337912
SC_pos_avg=0.2708093898059774
SC_neg_avg=0.7291906101940226
SC_avg=-0.0013178899771489427
SC_std=0.00713782923585802
SC_avg_abs=0.004767135698958934
SC_std_abs=0.005473559848932916