conf_id=184
---
run_0
TV=17802.375
FD=22.975893
IGSD=[18.98,13.062,14.117,14.729,20.134,16.718]
SC_pos=0.2582399676473629
SC_neg=0.7417600323526371
SC_avg=-0.002378590759896366
SC_std=0.013995342948602675
SC_avg_abs=0.009383401547841124
SC_std_abs=0.010652656647242503
---
run_1
TV=15616.826
FD=18.155771
IGSD=[15.341,18.123,26.451,14.593,19.633,31.63]
SC_pos=0.30392045759424086
SC_neg=0.6960795424057592
SC_avg=-0.0016505940834079106
SC_std=0.00886242079553659
SC_avg_abs=0.0067563642773960505
SC_std_abs=0.00596812407180575
---
run_2
TV=18677.673
FD=29.193626
IGSD=[15.588,16.844,15.27,16.647,15.744,14.096]
SC_pos=0.26438792170976727
SC_neg=0.7356120782902328
SC_avg=-0.0028905201411151857
SC_std=0.014988175842334686
SC_avg_abs=0.010434336679574024
SC_std_abs=0.01114114625270818
---
run_3
TV=17421.04
FD=24.410029
IGSD=[16.484,14.659,19.129,14.651,20.746,18.096]
SC_pos=0.27766066566959663
SC_neg=0.7223393343304034
SC_avg=-0.0024228328078641174
SC_std=0.012242345976812518
SC_avg_abs=0.008853650821793223
SC_std_abs=0.0087953408664247
---
run_4
TV=18035.059
FD=26.616265
IGSD=[16.884,15.517,16.975,16.51,18.614,15.351]
SC_pos=0.2802223995190197
SC_neg=0.7197776004809803
SC_avg=-0.002994154881404764
SC_std=0.012248089301663849
SC_avg_abs=0.009379413475181342
SC_std_abs=0.008426580436746538
---
combined
TV_avg=17510.5946
TV_std=1031.1789599448975
FD_avg=24.2703168
FD_std=3.710125853634099
IGSD_avg=17.377200000000002
IGSD_std=3.708473301328549
SC_pos_avg=0.27688628242799745
SC_neg_avg=0.7231137175720025
SC_avg=-0.00246733853473767
SC_std=0.01264975742696713
SC_avg_abs=0.008961433360357148
SC_std_abs=0.00926265807066145