conf_id=26
---
run_0
TV=9248.2
FD=8.748524
IGSD=[32.179,30.534,28.607,30.354,30.758,30.781]
SC_pos=0.25343327237518615
SC_neg=0.7465667276248138
SC_avg=-0.0007165391572268246
SC_std=0.0055739837613182274
SC_avg_abs=0.0031817987298179656
SC_std_abs=0.004632373061208195
---
run_1
TV=8301.558
FD=6.998309
IGSD=[35.116,32.504,35.542,34.549,34.531,36.36]
SC_pos=0.2606110993826356
SC_neg=0.7393889006173644
SC_avg=-0.0006883922873359531
SC_std=0.003885580959426247
SC_avg_abs=0.0024739532588797892
SC_std_abs=0.003074276924155904
---
run_2
TV=11231.122
FD=11.302694
IGSD=[25.238,27.416,27.369,26.104,25.949,25.661]
SC_pos=0.2646367403392179
SC_neg=0.7353632596607821
SC_avg=-0.0012740554449795483
SC_std=0.0064578955738504645
SC_avg_abs=0.004606369419969332
SC_std_abs=0.004702020128243905
---
run_3
TV=11051.739
FD=11.1788
IGSD=[21.577,25.241,28.22,27.204,27.543,26.1]
SC_pos=0.25555786441932965
SC_neg=0.7444421355806704
SC_avg=-0.0009660732678591296
SC_std=0.006652708843765803
SC_avg_abs=0.004094618404187138
SC_std_abs=0.005331597569479877
---
run_4
TV=12474.905
FD=14.379057
IGSD=[24.311,21.299,22.351,23.437,22.695,22.535]
SC_pos=0.24331416469970119
SC_neg=0.7566858353002988
SC_avg=-0.0014525911416613635
SC_std=0.009491649233406209
SC_avg_abs=0.005728481522720022
SC_std_abs=0.007706226420155904
---
combined
TV_avg=10461.504799999999
TV_std=1492.1089857834645
FD_avg=10.521476799999999
FD_std=2.5091581090178754
IGSD_avg=28.068833333333334
IGSD_std=4.368421378357277
SC_pos_avg=0.2555106282432141
SC_neg_avg=0.7444893717567859
SC_avg=-0.0010195302598125624
SC_std=0.006673500253221165
SC_avg_abs=0.0040170442671148485
SC_std_abs=0.005425716813146102