conf_id=305
---
run_0
TV=8495.879
FD=8.354939
IGSD=[36.548,36.128,35.227,32.637,34.464,34.291]
SC_pos=0.27331348723349114
SC_neg=0.7266865127665089
SC_avg=-0.0007277563008884131
SC_std=0.0035843846602113603
SC_avg_abs=0.002689249396392506
SC_std_abs=0.0024789877591153632
---
run_1
TV=8110.206
FD=7.083189
IGSD=[34.563,33.542,45.885,37.32,34.145,33.906]
SC_pos=0.26389836432309627
SC_neg=0.7361016356769037
SC_avg=-0.0006549695507214041
SC_std=0.003264334048800736
SC_avg_abs=0.0023435720486450757
SC_std_abs=0.0023648534727000615
---
run_2
TV=9010.142
FD=8.377494
IGSD=[36.204,33.218,36.174,34.403,28.445,29.773]
SC_pos=0.27931040983805244
SC_neg=0.7206895901619476
SC_avg=-0.0007742678393210823
SC_std=0.0036490860797869025
SC_avg_abs=0.0026836258246587313
SC_std_abs=0.002591036923304301
---
run_3
TV=9170.617
FD=8.908896
IGSD=[32.075,30.163,32.632,29.722,33.972,33.603]
SC_pos=0.26457355159485285
SC_neg=0.7354264484051471
SC_avg=-0.0008224889788974788
SC_std=0.004536317575607595
SC_avg_abs=0.0032306757556781777
SC_std_abs=0.003288981518471555
---
run_4
TV=8877.31
FD=8.016145
IGSD=[36.385,30.236,29.038,30.672,31.898,36.566]
SC_pos=0.24663147019076165
SC_neg=0.7533685298092384
SC_avg=-0.0007925754332819597
SC_std=0.004174760022007468
SC_avg_abs=0.0027042845829366286
SC_std_abs=0.003277749525708932
---
combined
TV_avg=8732.8308
TV_std=382.94654845991215
FD_avg=8.1481326
FD_std=0.6042618782291667
IGSD_avg=33.7945
IGSD_std=3.3198777964457267
SC_pos_avg=0.26554545663605084
SC_neg_avg=0.7344545433639491
SC_avg=-0.0007544116206220677
SC_std=0.0038689378977800836
SC_avg_abs=0.0027302815216622275
SC_std_abs=0.0028431285870812043