conf_id=89
---
run_0
TV=10688.405
FD=10.093615
IGSD=[28.372,25.538,24.792,27.131,25.73,28.323]
SC_pos=0.23861292211894028
SC_neg=0.7613870778810597
SC_avg=-0.0012100284585698233
SC_std=0.006387146391948477
SC_avg_abs=0.004066553532930778
SC_std_abs=0.005071779792788475
---
run_1
TV=11765.166
FD=10.965235
IGSD=[26.367,21.364,20.962,28.052,23.044,21.532]
SC_pos=0.2297109746832742
SC_neg=0.7702890253167258
SC_avg=-0.0015270181355558582
SC_std=0.008087152351367165
SC_avg_abs=0.0049065941626876015
SC_std_abs=0.0066075071897970655
---
run_2
TV=16963.21
FD=18.999889
IGSD=[20.086,16.31,17.736,21.277,15.395,16.951]
SC_pos=0.28229540468661596
SC_neg=0.717704595313384
SC_avg=-0.0030991244471835293
SC_std=0.010544563044025592
SC_avg_abs=0.00856561724914781
SC_std_abs=0.006886405685817705
---
run_3
TV=11856.825
FD=11.800683
IGSD=[26.496,20.42,20.519,22.025,29.678,26.506]
SC_pos=0.2588822139015652
SC_neg=0.7411177860984348
SC_avg=-0.0011477975734361715
SC_std=0.00704651060418459
SC_avg_abs=0.0045788339548832645
SC_std_abs=0.005477684782650408
---
run_4
TV=10856.929
FD=11.341239
IGSD=[22.182,22.128,22.309,27.348,27.83,30.754]
SC_pos=0.2085899814970926
SC_neg=0.7914100185029074
SC_avg=-0.0011980137931176173
SC_std=0.0078019131669155
SC_avg_abs=0.004292093241111195
SC_std_abs=0.006624426142859249
---
combined
TV_avg=12426.107
TV_std=2316.383235567983
FD_avg=12.6401322
FD_std=3.228880163152445
IGSD_avg=23.571900000000003
IGSD_std=4.053342919533621
SC_pos_avg=0.24361829937749763
SC_neg_avg=0.7563817006225023
SC_avg=-0.0016363964815725987
SC_std=0.008132316735400505
SC_avg_abs=0.005281938428152114
SC_std_abs=0.006396365794026174