conf_id=213
---
run_0
TV=10052.821
FD=9.239716
IGSD=[29.406,29.003,28.117,29.51,28.877,27.347]
SC_pos=0.2480812893155706
SC_neg=0.7519187106844294
SC_avg=-0.0010523216418202328
SC_std=0.006184357298485406
SC_avg_abs=0.00395291636668363
SC_std_abs=0.004871150606497163
---
run_1
TV=7935.987
FD=7.288737
IGSD=[37.236,36.363,38.501,37.016,36.6,33.496]
SC_pos=0.2669838396340108
SC_neg=0.7330161603659892
SC_avg=-0.0005957234497341811
SC_std=0.003705600672569085
SC_avg_abs=0.0023829525768304526
SC_std_abs=0.0028996378721634795
---
run_2
TV=10152.269
FD=8.899104
IGSD=[27.526,28.301,27.503,27.226,28.955,27.644]
SC_pos=0.2363607095288005
SC_neg=0.7636392904711995
SC_avg=-0.0011799947631362239
SC_std=0.00601319744109088
SC_avg_abs=0.003839451233847021
SC_std_abs=0.004775933974573081
---
run_3
TV=8915.955
FD=8.435424
IGSD=[32.668,32.095,33.815,32.323,32.529,30.788]
SC_pos=0.2517048012465378
SC_neg=0.7482951987534622
SC_avg=-0.0008655768945777607
SC_std=0.004330894202530819
SC_avg_abs=0.0029278132728534287
SC_std_abs=0.0033066262856944074
---
run_4
TV=8896.362
FD=7.995604
IGSD=[30.393,30.044,36.017,31.218,27.669,30.054]
SC_pos=0.22574852247105698
SC_neg=0.7742514775289431
SC_avg=-0.0006489845141527874
SC_std=0.0054481463833545695
SC_avg_abs=0.0029486162883434882
SC_std_abs=0.004627001393795456
---
combined
TV_avg=9190.6788
TV_std=825.1414356088052
FD_avg=8.371717
FD_std=0.6855544563035088
IGSD_avg=31.274666666666665
IGSD_std=3.3967879075516163
SC_pos_avg=0.24577583243919535
SC_neg_avg=0.7542241675608047
SC_avg=-0.0008685202526842368
SC_std=0.0052312266369227345
SC_avg_abs=0.0032103499477116005
SC_std_abs=0.004220629428106749