conf_id=251
---
run_0
TV=10781.767
FD=10.460445
IGSD=[25.139,26.684,24.373,24.561,28.113,25.726]
SC_pos=0.23029873359397482
SC_neg=0.7697012664060252
SC_avg=-0.00113320815208264
SC_std=0.007739178478413387
SC_avg_abs=0.004331828232560799
SC_std_abs=0.0065126268433154345
---
run_1
TV=10270.12
FD=8.588198
IGSD=[32.761,25.725,26.127,24.771,24.763,24.384]
SC_pos=0.20466689276497163
SC_neg=0.7953331072350284
SC_avg=-0.001158622304536569
SC_std=0.007218291591666039
SC_avg_abs=0.0040399508691835034
SC_std_abs=0.006093023561539018
---
run_2
TV=7498.786
FD=6.11134
IGSD=[35.693,34.445,35.148,37.082,37.215,37.914]
SC_pos=0.22833325287990472
SC_neg=0.7716667471200953
SC_avg=-0.0005603943109729425
SC_std=0.00473686619636359
SC_avg_abs=0.0023617023724734785
SC_std_abs=0.004144189311539231
---
run_3
TV=11450.516
FD=12.322152
IGSD=[23.61,22.904,22.96,24.269,22.967,23.208]
SC_pos=0.1947019241904952
SC_neg=0.8052980758095047
SC_avg=-0.0014755939107469686
SC_std=0.009594052936822028
SC_avg_abs=0.005409723505618506
SC_std_abs=0.008059660088163487
---
run_4
TV=10552.603
FD=10.069786
IGSD=[27.607,26.776,25.803,29.037,27.44,25.96]
SC_pos=0.22015041407273417
SC_neg=0.7798495859272658
SC_avg=-0.001191050346543582
SC_std=0.006491357237783897
SC_avg_abs=0.004023724588745314
SC_std_abs=0.005231248431345745
---
combined
TV_avg=10110.7584
TV_std=1362.954552176792
FD_avg=9.5103842
FD_std=2.074874112792427
IGSD_avg=27.77216666666667
IGSD_std=4.7125531939231795
SC_pos_avg=0.21563024350041612
SC_neg_avg=0.7843697564995838
SC_avg=-0.001103773804976541
SC_std=0.007335735713987219
SC_avg_abs=0.00403338591371632
SC_std_abs=0.006226004589546564