conf_id=133
---
run_0
TV=6313.918
FD=5.509382
IGSD=[41.811,44.096,41.048,42.807,47.418,42.382]
SC_pos=0.24648561813819442
SC_neg=0.7535143818618056
SC_avg=-0.00038894183020145236
SC_std=0.003412499922720358
SC_avg_abs=0.0018381779467821983
SC_std_abs=0.0029012985550974394
---
run_1
TV=8883.197
FD=7.512659
IGSD=[30.264,32.738,31.178,29.311,34.122,39.877]
SC_pos=0.25457439894555595
SC_neg=0.745425601054444
SC_avg=-0.0007819571263596785
SC_std=0.004457880184036975
SC_avg_abs=0.002866301365307044
SC_std_abs=0.0035026374585350943
---
run_2
TV=7763.546
FD=6.864803
IGSD=[35.04,36.748,35.799,35.492,35.891,37.81]
SC_pos=0.24633852302836098
SC_neg=0.753661476971639
SC_avg=-0.0006286314840317606
SC_std=0.004009081219143222
SC_avg_abs=0.0024232416091422536
SC_std_abs=0.0032551205612272676
---
run_3
TV=6359.588
FD=5.275191
IGSD=[45.293,43.779,41.099,40.27,55.797,42.61]
SC_pos=0.2554430887984173
SC_neg=0.7445569112015826
SC_avg=-0.00040112074678048975
SC_std=0.002707284759936792
SC_avg_abs=0.0016132663600165187
SC_std_abs=0.0022108053456880382
---
run_4
TV=8168.66
FD=6.899318
IGSD=[37.316,34.653,33.612,31.532,37.307,30.362]
SC_pos=0.24462041071026427
SC_neg=0.7553795892897357
SC_avg=-0.0005903729474554156
SC_std=0.004448675945432037
SC_avg_abs=0.0025823114914841124
SC_std_abs=0.003670275908634381
---
combined
TV_avg=7497.7818
TV_std=1013.6174888918207
FD_avg=6.412270599999999
FD_std=0.867296167926182
IGSD_avg=38.248733333333334
IGSD_std=5.8169729352034025
SC_pos_avg=0.24949240792415858
SC_neg_avg=0.7505075920758414
SC_avg=-0.0005582048269657584
SC_std=0.0038683349721072924
SC_avg_abs=0.002264659754546426
SC_std_abs=0.0031854237208594136