conf_id=163
---
run_0
TV=21616.499
FD=31.728532
IGSD=[12.793,13.474,14.315,12.727,14.412,13.583]
SC_pos=0.21517777065552005
SC_neg=0.78482222934448
SC_avg=-0.0047247517077321595
SC_std=0.02006975140726633
SC_avg_abs=0.014502607573401759
SC_std_abs=0.01465580341779652
---
run_1
TV=17952.433
FD=21.295258
IGSD=[19.036,14.913,15.064,19.149,16.635,13.961]
SC_pos=0.2771597135913188
SC_neg=0.7228402864086811
SC_avg=-0.003179585450777527
SC_std=0.012676160521859096
SC_avg_abs=0.009791595571403997
SC_std_abs=0.008655603120568608
---
run_2
TV=16255.382
FD=17.683227
IGSD=[14.578,16.626,26.413,15.406,24.027,15.286]
SC_pos=0.2863251891674189
SC_neg=0.7136748108325811
SC_avg=-0.0017527590725257278
SC_std=0.011830087201497088
SC_avg_abs=0.007889539843548102
SC_std_abs=0.008987674260809273
---
run_3
TV=20824.471
FD=26.84624
IGSD=[14.55,13.714,13.621,13.912,15.173,13.909]
SC_pos=0.2328503158090573
SC_neg=0.7671496841909428
SC_avg=-0.0045452452878351444
SC_std=0.01787737144225878
SC_avg_abs=0.013216272505888393
SC_std_abs=0.012868170245267038
---
run_4
TV=18048.282
FD=25.512416
IGSD=[13.966,16.82,19.416,14.29,19.016,15.988]
SC_pos=0.26039169977515164
SC_neg=0.7396083002248484
SC_avg=-0.0027397210099438527
SC_std=0.013109628723096255
SC_avg_abs=0.009277681076599487
SC_std_abs=0.009658833796616749
---
combined
TV_avg=18939.4134
TV_std=1984.565418588221
FD_avg=24.613134600000002
FD_std=4.805336021574084
IGSD_avg=15.892433333333335
IGSD_std=3.1146353203688055
SC_pos_avg=0.25438093779969334
SC_neg_avg=0.7456190622003067
SC_avg=-0.0033884125057628855
SC_std=0.01549940348116694
SC_avg_abs=0.010935539314168335
SC_std_abs=0.011494643425939718