conf_id=127
---
run_0
TV=7916.006
FD=6.546357
IGSD=[35.446,37.633,42.586,29.291,44.653,38.221]
SC_pos=0.2824648748272409
SC_neg=0.7175351251727591
SC_avg=-0.0004921889417159096
SC_std=0.003256943750160665
SC_avg_abs=0.002220571587869876
SC_std_abs=0.0024328983474866165
---
run_1
TV=8445.753
FD=7.780816
IGSD=[34.032,35.475,33.028,31.852,36.513,35.318]
SC_pos=0.272258131614489
SC_neg=0.727741868385511
SC_avg=-0.0007014609325996007
SC_std=0.0038982775403590734
SC_avg_abs=0.0026722131631915285
SC_std_abs=0.002923677826316948
---
run_2
TV=11938.124
FD=12.828632
IGSD=[26.146,23.818,24.361,25.133,25.252,25.758]
SC_pos=0.2798987902773862
SC_neg=0.7201012097226138
SC_avg=-0.0015370973590513653
SC_std=0.006488450946580453
SC_avg_abs=0.00503596939490544
SC_std_abs=0.004370546445349726
---
run_3
TV=8977.225
FD=8.274179
IGSD=[35.138,31.572,29.447,36.95,31.183,33.976]
SC_pos=0.27653528449126535
SC_neg=0.7234647155087347
SC_avg=-0.0007639475169276387
SC_std=0.0037437678635099314
SC_avg_abs=0.002788498188980451
SC_std_abs=0.0026122196451528264
---
run_4
TV=13707.42
FD=16.711425
IGSD=[21.671,21.181,21.124,21.069,21.396,21.152]
SC_pos=0.2765091802886752
SC_neg=0.7234908197113248
SC_avg=-0.002061380535660941
SC_std=0.011083155977775802
SC_avg_abs=0.007779147582417828
SC_std_abs=0.008159074643087431
---
combined
TV_avg=10196.9056
TV_std=2241.0806343766035
FD_avg=10.4282818
FD_std=3.7936300226126107
IGSD_avg=30.345833333333335
IGSD_std=6.725227927157727
SC_pos_avg=0.27753325229981135
SC_neg_avg=0.7224667477001887
SC_avg=-0.0011112150571910898
SC_std=0.006426698483566986
SC_avg_abs=0.004099279983473027
SC_std_abs=0.005072785814432518