conf_id=256
---
run_0
TV=12775.008
FD=11.973887
IGSD=[26.274,17.886,18.249,19.805,22.331,32.422]
SC_pos=0.26099934760211146
SC_neg=0.7390006523978886
SC_avg=-0.001464020886151692
SC_std=0.007504024920774146
SC_avg_abs=0.00500121038995535
SC_std_abs=0.005782874873459598
---
run_1
TV=15682.431
FD=15.749898
IGSD=[19.433,17.583,17.921,20.153,17.458,18.016]
SC_pos=0.2207236706486625
SC_neg=0.7792763293513375
SC_avg=-0.002662489816743422
SC_std=0.012218455645251638
SC_avg_abs=0.008118897125396953
SC_std_abs=0.009511204962908996
---
run_2
TV=8618.56
FD=6.554964
IGSD=[36.116,33.019,32.439,36.675,32.783,31.571]
SC_pos=0.24670232445493492
SC_neg=0.7532976755450651
SC_avg=-0.0008353810348639281
SC_std=0.003945937330249652
SC_avg_abs=0.0025971006965766017
SC_std_abs=0.003085992686237187
---
run_3
TV=7399.734
FD=6.235277
IGSD=[38.62,36.42,35.73,37.843,35.54,36.155]
SC_pos=0.21919988961651476
SC_neg=0.7808001103834853
SC_avg=-0.0006557540648321899
SC_std=0.004016473534906329
SC_avg_abs=0.0022458734619541414
SC_std_abs=0.0033938363901397763
---
run_4
TV=13951.852
FD=13.13777
IGSD=[22.339,21.423,21.142,22.828,22.105,19.499]
SC_pos=0.2842892685415976
SC_neg=0.7157107314584025
SC_avg=-0.0020872791426311196
SC_std=0.006853522443832969
SC_avg_abs=0.005569421915259189
SC_std_abs=0.004506555628993811
---
combined
TV_avg=11685.516999999998
TV_std=3164.577306928684
FD_avg=10.7303592
FD_std=3.746396854978789
IGSD_avg=26.659266666666667
IGSD_std=7.665043391629011
SC_pos_avg=0.24638290017276424
SC_neg_avg=0.7536170998272358
SC_avg=-0.0015409849890444729
SC_std=0.00757783536254026
SC_avg_abs=0.004706500717828443
SC_std_abs=0.006135721189176263