conf_id=202
---
run_0
TV=20044.64
FD=30.207168
IGSD=[17.372,13.288,13.268,16.714,13.995,13.581]
SC_pos=0.2502274276856615
SC_neg=0.7497725723143385
SC_avg=-0.004175827582771174
SC_std=0.016611036702524788
SC_avg_abs=0.012106996144437908
SC_std_abs=0.012115474431165438
---
run_1
TV=22208.66
FD=28.423029
IGSD=[12.99,13.374,13.638,13.612,13.057,12.488]
SC_pos=0.21428380530491262
SC_neg=0.7857161946950874
SC_avg=-0.005266873346805578
SC_std=0.0209369254879731
SC_avg_abs=0.015513341208822059
SC_std_abs=0.015014361400968484
---
run_2
TV=18493.902
FD=22.810102
IGSD=[17.558,13.733,15.135,19.258,13.133,13.356]
SC_pos=0.2531295520498118
SC_neg=0.7468704479501882
SC_avg=-0.003088022788503449
SC_std=0.015352275102134608
SC_avg_abs=0.010641135635007041
SC_std_abs=0.011488884539036938
---
run_3
TV=20030.321
FD=26.692523
IGSD=[15.52,14.012,13.734,14.591,16.741,13.985]
SC_pos=0.2521918725186764
SC_neg=0.7478081274813236
SC_avg=-0.0037199723571067554
SC_std=0.017132386883321533
SC_avg_abs=0.012190855336769323
SC_std_abs=0.012599203181765458
---
run_4
TV=19521.525
FD=27.988472
IGSD=[15.237,14.784,14.542,14.056,15.474,17.519]
SC_pos=0.2570617565352182
SC_neg=0.7429382434647818
SC_avg=-0.0037500452884492706
SC_std=0.015122447818913422
SC_avg_abs=0.011425282938501894
SC_std_abs=0.010593119345894157
---
combined
TV_avg=20059.8096
TV_std=1213.2991929618354
FD_avg=27.2242588
FD_std=2.47735109820529
IGSD_avg=14.658166666666666
IGSD_std=1.652286357008238
SC_pos_avg=0.24537888281885611
SC_neg_avg=0.7546211171811439
SC_avg=-0.004000148272727247
SC_std=0.017174337407698942
SC_avg_abs=0.012375522252707624
SC_std_abs=0.012562065935586704