conf_id=192
---
run_0
TV=9822.272
FD=9.027313
IGSD=[29.079,30.512,31.713,29.256,29.548,29.895]
SC_pos=0.2706204036662731
SC_neg=0.729379596333727
SC_avg=-0.0010241367361078831
SC_std=0.0049893237476585205
SC_avg_abs=0.0035638616270912806
SC_std_abs=0.003638831930186018
---
run_1
TV=11227.36
FD=11.458749
IGSD=[23.1,26.836,23.492,24.386,25.737,24.931]
SC_pos=0.23432851807477778
SC_neg=0.7656714819252223
SC_avg=-0.0012797805725563375
SC_std=0.00808939471849136
SC_avg_abs=0.004667494952196144
SC_std_abs=0.006729831803000137
---
run_2
TV=9126.176
FD=7.687593
IGSD=[30.915,30.793,29.941,37.512,32.183,30.633]
SC_pos=0.2515272512336825
SC_neg=0.7484727487663174
SC_avg=-0.0010344764429293075
SC_std=0.004005911679791327
SC_avg_abs=0.0029096183048328357
SC_std_abs=0.0029413587366123746
---
run_3
TV=7137.229
FD=6.310394
IGSD=[37.253,38.373,36.696,38.103,38.929,36.567]
SC_pos=0.22571827474424613
SC_neg=0.7742817252557539
SC_avg=-0.0005763101233505805
SC_std=0.004076627697069863
SC_avg_abs=0.0021843949126507706
SC_std_abs=0.003489906245786401
---
run_4
TV=8347.068
FD=6.980777
IGSD=[22.818,41.018,45.074,28.437,30.905,48.84]
SC_pos=0.2574294943098018
SC_neg=0.7425705056901982
SC_avg=-0.000367510181579162
SC_std=0.004399215079272653
SC_avg_abs=0.0024591912363193563
SC_std_abs=0.0036661335914658514
---
combined
TV_avg=9132.021
TV_std=1375.6651094957672
FD_avg=8.292965200000001
FD_std=1.821008275408368
IGSD_avg=32.115833333333335
IGSD_std=6.385943084010554
SC_pos_avg=0.24792478840575627
SC_neg_avg=0.7520752115942437
SC_avg=-0.0008564428113046568
SC_std=0.005346167505359112
SC_avg_abs=0.0031569122066180725
SC_std_abs=0.00439873920619294