conf_id=2
---
run_0
TV=16848.586
FD=19.45342
IGSD=[14.944,16.467,22.349,15.961,18.282,15.526]
SC_pos=0.28076126484391656
SC_neg=0.7192387351560835
SC_avg=-0.0016888372764560314
SC_std=0.012479369708194552
SC_avg_abs=0.008227799900591177
SC_std_abs=0.009533632490083883
---
run_1
TV=19339.339
FD=24.783562
IGSD=[19.178,12.928,13.067,17.953,13.36,14.215]
SC_pos=0.2501897216152535
SC_neg=0.7498102783847466
SC_avg=-0.003773288584925618
SC_std=0.015543076611814949
SC_avg_abs=0.011268479498908582
SC_std_abs=0.011351048721970848
---
run_2
TV=21072.476
FD=19.956934
IGSD=[12.723,13.746,15.6,12.737,13.686,15.642]
SC_pos=0.22590204004343242
SC_neg=0.7740979599565676
SC_avg=-0.004317257205244436
SC_std=0.02011054715030792
SC_avg_abs=0.014543957201294002
SC_std_abs=0.014544625309299692
---
run_3
TV=18477.68
FD=24.794748
IGSD=[18.317,15.455,14.991,19.05,15.673,13.979]
SC_pos=0.27898348577704235
SC_neg=0.7210165142229576
SC_avg=-0.0035162823741970725
SC_std=0.013040633413900337
SC_avg_abs=0.010261659157487182
SC_std_abs=0.008781839949941177
---
run_4
TV=15599.433
FD=17.076863
IGSD=[12.471,60.517,20.851,15.882,17.058,14.881]
SC_pos=0.27385359561565414
SC_neg=0.7261464043843459
SC_avg=-0.0015211838893526204
SC_std=0.010149433696785072
SC_avg_abs=0.006745907673980313
SC_std_abs=0.007734192552865218
---
combined
TV_avg=18267.502800000002
TV_std=1907.5011554776468
FD_avg=21.2131054
FD_std=3.077638202626397
IGSD_avg=17.249633333333335
IGSD_std=8.395951510433799
SC_pos_avg=0.26193802157905977
SC_neg_avg=0.7380619784209402
SC_avg=-0.002963369866035154
SC_std=0.014705945430157694
SC_avg_abs=0.010209560686452226
SC_std_abs=0.010991417676867286