conf_id=302
---
run_0
TV=10874.462
FD=12.488801
IGSD=[27.417,26.051,27.01,27.693,26.306,28.518]
SC_pos=0.27202940907750855
SC_neg=0.7279705909224914
SC_avg=-0.0011998971958176816
SC_std=0.005794813018869956
SC_avg_abs=0.004267130756273204
SC_std_abs=0.004100147108710014
---
run_1
TV=10733.516
FD=11.219783
IGSD=[31.883,23.276,22.995,28.011,29.672,28.034]
SC_pos=0.268755610590765
SC_neg=0.731244389409235
SC_avg=-0.0010516661593061665
SC_std=0.00488497846608379
SC_avg_abs=0.00369201978941661
SC_std_abs=0.00336719559860847
---
run_2
TV=10812.385
FD=12.186523
IGSD=[27.465,27.972,29.797,28.648,24.773,24.86]
SC_pos=0.26274646458975276
SC_neg=0.7372535354102472
SC_avg=-0.0013240785754361727
SC_std=0.0058803380348799224
SC_avg_abs=0.004309901073199746
SC_std_abs=0.004213823942408628
---
run_3
TV=10953.66
FD=11.563671
IGSD=[29.738,25.199,26.734,31.886,24.942,25.144]
SC_pos=0.2787201648128194
SC_neg=0.7212798351871806
SC_avg=-0.0012068540314209585
SC_std=0.005000250211492406
SC_avg_abs=0.003938036904256697
SC_std_abs=0.003309208994820244
---
run_4
TV=10159.296
FD=10.790717
IGSD=[28.123,28.154,28.382,27.02,27.474,35.779]
SC_pos=0.2700554341387861
SC_neg=0.7299445658612139
SC_avg=-0.0009493556394552879
SC_std=0.005284724500890951
SC_avg_abs=0.003687204282440324
SC_std_abs=0.003903090283357075
---
combined
TV_avg=10706.6638
TV_std=283.0805115117604
FD_avg=11.649899000000001
FD_std=0.6200565512183545
IGSD_avg=27.631866666666667
IGSD_std=2.586812191782689
SC_pos_avg=0.27046141664192636
SC_neg_avg=0.7295385833580736
SC_avg=-0.0011463703202872543
SC_std=0.005385869483422426
SC_avg_abs=0.0039788585611173245
SC_std_abs=0.00380663099791927