conf_id=102
---
run_0
TV=19331.238
FD=28.723714
IGSD=[15.176,15.379,15.868,15.474,15.487,14.578]
SC_pos=0.26454931197816195
SC_neg=0.735450688021838
SC_avg=-0.0040199582042708
SC_std=0.019448837817660283
SC_avg_abs=0.013532395314974775
SC_std_abs=0.014535874017787364
---
run_1
TV=15355.507
FD=21.163697
IGSD=[18.867,22.405,19.285,20.25,16.574,17.466]
SC_pos=0.2690311549514389
SC_neg=0.7309688450485611
SC_avg=-0.002154619804051928
SC_std=0.011028447264224136
SC_avg_abs=0.00772555334258029
SC_std_abs=0.008159954724796695
---
run_2
TV=14306.581
FD=17.849148
IGSD=[21.468,20.093,19.654,21.878,21.469,20.629]
SC_pos=0.2832554592485429
SC_neg=0.7167445407514571
SC_avg=-0.0017504518075102725
SC_std=0.009266500324583739
SC_avg_abs=0.006819550298432073
SC_std_abs=0.006513512379897786
---
run_3
TV=15024.048
FD=20.422785
IGSD=[18.613,23.461,20.826,20.814,17.587,16.854]
SC_pos=0.27454390675081614
SC_neg=0.7254560932491839
SC_avg=-0.0021999208741605605
SC_std=0.010512766308225596
SC_avg_abs=0.007562025905859859
SC_std_abs=0.007627166675970508
---
run_4
TV=14037.652
FD=17.876302
IGSD=[21.43,20.254,22.527,22.554,22.106,18.438]
SC_pos=0.28026031276563873
SC_neg=0.7197396872343612
SC_avg=-0.0019732818336252295
SC_std=0.00883143328871413
SC_avg_abs=0.006702502158195932
SC_std_abs=0.006079845388437301
---
combined
TV_avg=15611.0052
TV_std=1919.7339897249726
FD_avg=21.2071292
FD_std=3.987143759923257
IGSD_avg=19.2488
IGSD_std=2.5951432895571167
SC_pos_avg=0.27432802913891974
SC_neg_avg=0.7256719708610803
SC_avg=-0.0024196465047237573
SC_std=0.01247069379120659
SC_avg_abs=0.00846840540400858
SC_std_abs=0.00946884379189025