conf_id=224
---
run_0
TV=20211.788
FD=31.238087
IGSD=[14.708,16.028,13.513,14.738,14.175,14.621]
SC_pos=0.24320208236953234
SC_neg=0.7567979176304677
SC_avg=-0.004190935469132316
SC_std=0.01701293217368048
SC_avg_abs=0.01254875069289483
SC_std_abs=0.012228354644033476
---
run_1
TV=20781.19
FD=30.980226
IGSD=[13.401,14.266,16.706,15.276,13.006,12.835]
SC_pos=0.22897653501516219
SC_neg=0.7710234649848378
SC_avg=-0.004239181378851496
SC_std=0.01881190513395964
SC_avg_abs=0.01348122253047241
SC_std_abs=0.013788222242761434
---
run_2
TV=22040.511
FD=34.483889
IGSD=[12.782,13.393,14.355,13.449,13.07,12.808]
SC_pos=0.21450175467891935
SC_neg=0.7854982453210807
SC_avg=-0.005144695984503762
SC_std=0.020628813430208868
SC_avg_abs=0.01529398820110578
SC_std_abs=0.014768539711690256
---
run_3
TV=18237.053
FD=22.877721
IGSD=[19.648,13.485,13.117,16.775,16.153,14.763]
SC_pos=0.25214318610908365
SC_neg=0.7478568138909163
SC_avg=-0.0029399533560640835
SC_std=0.014768934779505409
SC_avg_abs=0.010246267796283242
SC_std_abs=0.011035341250000639
---
run_4
TV=16354.025
FD=17.941323
IGSD=[17.7,16.129,14.529,15.064,15.913,39.913]
SC_pos=0.2823635656600458
SC_neg=0.7176364343399542
SC_avg=-0.0018761322075245947
SC_std=0.012905529582413222
SC_avg_abs=0.008513856844743834
SC_std_abs=0.009878603519215764
---
combined
TV_avg=19524.913399999998
TV_std=2004.563620946025
FD_avg=27.504249200000004
FD_std=6.125253494519761
IGSD_avg=15.54396666666667
IGSD_std=4.800106474397786
SC_pos_avg=0.24423742476654867
SC_neg_avg=0.7557625752334514
SC_avg=-0.0036781796792152424
SC_std=0.0170884193093026
SC_avg_abs=0.012016817213100035
SC_std_abs=0.012694060985755533