conf_id=187
---
run_0
TV=11507.417
FD=12.081311
IGSD=[24.124,23.335,25.283,24.776,28.345,23.027]
SC_pos=0.26612592294412313
SC_neg=0.7338740770558769
SC_avg=-0.0011840971022392907
SC_std=0.007326119453388344
SC_avg_abs=0.00450501052210551
SC_std_abs=0.005897371650876792
---
run_1
TV=11120.565
FD=10.949223
IGSD=[22.294,36.881,30.618,23.923,21.765,22.922]
SC_pos=0.2586079125981575
SC_neg=0.7413920874018425
SC_avg=-0.0013180543052403397
SC_std=0.0055946330019204515
SC_avg_abs=0.0038342887139055756
SC_std_abs=0.004281987346566588
---
run_2
TV=12042.947
FD=12.973473
IGSD=[22.586,28.179,25.243,25.186,23.041,21.588]
SC_pos=0.26611121343313976
SC_neg=0.7338887865668602
SC_avg=-0.0012422317354669292
SC_std=0.008019767227851445
SC_avg_abs=0.005114852055516006
SC_std_abs=0.006300642389765104
---
run_3
TV=11970.878
FD=13.065308
IGSD=[24.25,23.328,23.251,21.974,25.829,29.866]
SC_pos=0.27824386670365453
SC_neg=0.7217561332963455
SC_avg=-0.0011962250158941692
SC_std=0.006664335641259466
SC_avg_abs=0.004727004023853532
SC_std_abs=0.004847654771792719
---
run_4
TV=13016.711
FD=14.711097
IGSD=[22.124,24.936,22.546,23.246,19.293,22.282]
SC_pos=0.2694886000253998
SC_neg=0.7305113999746002
SC_avg=-0.0013982836752837078
SC_std=0.007688342234111882
SC_avg_abs=0.0052970683169635225
SC_std_abs=0.005745160640992953
---
combined
TV_avg=11931.703599999999
TV_std=637.0424998480397
FD_avg=12.7560824
FD_std=1.2397595383382378
IGSD_avg=24.534700000000004
IGSD_std=3.3517119919030427
SC_pos_avg=0.26771550314089493
SC_neg_avg=0.732284496859105
SC_avg=-0.0012677783668248884
SC_std=0.0071111872606558066
SC_avg_abs=0.004695644726468821
SC_std_abs=0.005488821990763427