conf_id=317
---
run_0
TV=6769.975
FD=5.726876
IGSD=[42.214,41.473,40.069,41.054,40.697,42.952]
SC_pos=0.24662981278107338
SC_neg=0.7533701872189267
SC_avg=-0.0004601487881279646
SC_std=0.0026695810199775247
SC_avg_abs=0.0016543433218340763
SC_std_abs=0.002145121885334926
---
run_1
TV=6174.767
FD=5.037777
IGSD=[48.57,45.117,44.65,47.029,45.755,45.074]
SC_pos=0.25580958351573474
SC_neg=0.7441904164842653
SC_avg=-0.0004252759467238046
SC_std=0.0023544780622648935
SC_avg_abs=0.0014627993614591689
SC_std_abs=0.001893315769929339
---
run_2
TV=6228.185
FD=5.290187
IGSD=[46.906,42.615,41.445,43.951,47.986,45.078]
SC_pos=0.22968197001372956
SC_neg=0.7703180299862704
SC_avg=-0.00043461887098273055
SC_std=0.002607945664956763
SC_avg_abs=0.001506102019365779
SC_std_abs=0.0021730004283578475
---
run_3
TV=6750.539
FD=5.453825
IGSD=[41.94,42.343,43.759,43.793,42.28,42.411]
SC_pos=0.2546056825534219
SC_neg=0.745394317446578
SC_avg=-0.0005301664433547327
SC_std=0.0026348152959518316
SC_avg_abs=0.0017713315579580482
SC_std_abs=0.00202131457552333
---
run_4
TV=5885.996
FD=5.001583
IGSD=[47.951,45.355,44.296,47.151,47.969,45.798]
SC_pos=0.22384685202998503
SC_neg=0.776153147970015
SC_avg=-0.00039030175472091084
SC_std=0.0026963103999082397
SC_avg_abs=0.0014569937713631556
SC_std_abs=0.0023020847904889415
---
combined
TV_avg=6361.8924
TV_std=345.5281626111539
FD_avg=5.3020496
FD_std=0.2697310320623861
IGSD_avg=44.25603333333334
IGSD_std=2.3991528294147684
SC_pos_avg=0.24211478017878893
SC_neg_avg=0.757885219821211
SC_avg=-0.0004481023607820285
SC_std=0.002595953588395211
SC_avg_abs=0.0015703140063960466
SC_std_abs=0.002115155947006466