conf_id=171
---
run_0
TV=9601.707
FD=8.694194
IGSD=[36.35,30.282,27.727,26.489,26.078,25.839]
SC_pos=0.23382611576302273
SC_neg=0.7661738842369773
SC_avg=-0.0009448463593880284
SC_std=0.006280146668912644
SC_avg_abs=0.003701854320001478
SC_std_abs=0.005160353807578482
---
run_1
TV=10612.678
FD=9.737867
IGSD=[25.27,25.36,24.672,25.136,29.296,29.084]
SC_pos=0.22810743080987875
SC_neg=0.7718925691901213
SC_avg=-0.0011550888090105006
SC_std=0.006890312747787578
SC_avg_abs=0.004132590278412293
SC_std_abs=0.0056331463241955275
---
run_2
TV=11257.438
FD=9.894365
IGSD=[27.522,23.094,21.449,30.418,21.25,21.217]
SC_pos=0.21926701470888946
SC_neg=0.7807329852911106
SC_avg=-0.001299782965285265
SC_std=0.008338284106306715
SC_avg_abs=0.0048227416516934685
SC_std_abs=0.006925141193892998
---
run_3
TV=9440.875
FD=8.469161
IGSD=[29.352,28.256,28.282,29.92,28.368,29.108]
SC_pos=0.19261938891719146
SC_neg=0.8073806110828086
SC_avg=-0.0010668900214643856
SC_std=0.006243988308194346
SC_avg_abs=0.0035251369547673354
SC_std_abs=0.005262989051945832
---
run_4
TV=8813.005
FD=7.547931
IGSD=[31.264,30.932,30.921,33.556,30.74,31.477]
SC_pos=0.21140778514335248
SC_neg=0.7885922148566475
SC_avg=-0.0009889345155506641
SC_std=0.004765961718715693
SC_avg_abs=0.002979036812537337
SC_std_abs=0.0038493794629599998
---
combined
TV_avg=9945.1406
TV_std=874.2645018740269
FD_avg=8.8687036
FD_std=0.8650958876294813
IGSD_avg=27.95696666666667
IGSD_std=3.5216184109329935
SC_pos_avg=0.21704554706846696
SC_neg_avg=0.782954452931533
SC_avg=-0.00109110853413977
SC_std=0.006606443401164918
SC_avg_abs=0.0038322720034823826
SC_std_abs=0.00549083814525553