conf_id=35
---
run_0
TV=6734.964
FD=5.602871
IGSD=[40.739,48.8,46.425,38.96,40.562,43.2]
SC_pos=0.26095356165947314
SC_neg=0.7390464383405269
SC_avg=-0.0004368521318395738
SC_std=0.0024459019762247637
SC_avg_abs=0.001642729596497168
SC_std_abs=0.0018640589409096582
---
run_1
TV=7847.801
FD=6.605392
IGSD=[35.626,33.726,31.466,35.423,32.538,37.037]
SC_pos=0.22353318724648105
SC_neg=0.7764668127535189
SC_avg=-0.0007700203780734657
SC_std=0.004566543624723266
SC_avg_abs=0.002487492679323028
SC_std_abs=0.003906229925319735
---
run_2
TV=6893.592
FD=5.533335
IGSD=[41.174,38.122,38.672,40.017,38.908,39.796]
SC_pos=0.19652341743789736
SC_neg=0.8034765825621026
SC_avg=-0.0005921285027979414
SC_std=0.0032653180940823865
SC_avg_abs=0.0019196628699432756
SC_std_abs=0.0027069933293469178
---
run_3
TV=9382.632
FD=8.565247
IGSD=[32.136,30.675,31.632,32.69,30.388,30.917]
SC_pos=0.2640274351025698
SC_neg=0.7359725648974301
SC_avg=-0.0009323195375977215
SC_std=0.004182646939417748
SC_avg_abs=0.0030371884754019827
SC_std_abs=0.0030231178119438976
---
run_4
TV=7284.58
FD=6.112557
IGSD=[40.923,37.499,38.232,39.001,40.185,40.058]
SC_pos=0.25836965995546957
SC_neg=0.7416303400445304
SC_avg=-0.0005773779062914766
SC_std=0.002985650420690549
SC_avg_abs=0.001968888379932826
SC_std_abs=0.0023175314946314463
---
combined
TV_avg=7628.7138
TV_std=957.2720712141141
FD_avg=6.483880399999999
FD_std=1.1103555448834572
IGSD_avg=37.51756666666667
IGSD_std=4.579244178415861
SC_pos_avg=0.24068145228037818
SC_neg_avg=0.7593185477196218
SC_avg=-0.0006617396913200374
SC_std=0.0035792227778337115
SC_avg_abs=0.0022111924002196585
SC_std_abs=0.0028912563500393404