conf_id=211
---
run_0
TV=8703.867
FD=8.242679
IGSD=[28.713,35.136,30.699,29.062,35.851,35.792]
SC_pos=0.23393923397424676
SC_neg=0.7660607660257532
SC_avg=-0.0007751240170647753
SC_std=0.005165905492030109
SC_avg_abs=0.0029724749255328866
SC_std_abs=0.004295554633745887
---
run_1
TV=10245.598
FD=9.43377
IGSD=[28.685,27.928,30.727,30.915,26.408,26.053]
SC_pos=0.2603566869954871
SC_neg=0.7396433130045129
SC_avg=-0.0010541427689809465
SC_std=0.005887428051347515
SC_avg_abs=0.0036900438412321344
SC_std_abs=0.004707080038301151
---
run_2
TV=8793.225
FD=8.206318
IGSD=[29.828,35.607,34.71,31.109,29.397,28.796]
SC_pos=0.23553221186087953
SC_neg=0.7644677881391205
SC_avg=-0.0008480501673840496
SC_std=0.0051405175614831
SC_avg_abs=0.0030827733217054488
SC_std_abs=0.004200073634270884
---
run_3
TV=8210.614
FD=7.568269
IGSD=[32.023,35.115,33.56,35.059,36.661,33.157]
SC_pos=0.25375377397365423
SC_neg=0.7462462260263457
SC_avg=-0.0006917454899762126
SC_std=0.004513432020507015
SC_avg_abs=0.0026267036726012835
SC_std_abs=0.00373497098288372
---
run_4
TV=10122.512
FD=9.674394
IGSD=[28.057,29.357,27.568,28.935,26.917,30.141]
SC_pos=0.25204291282294367
SC_neg=0.7479570871770563
SC_avg=-0.0010175361327974214
SC_std=0.006130434378512465
SC_avg_abs=0.0038782739152176905
SC_std_abs=0.0048555737960963895
---
combined
TV_avg=9215.1632
TV_std=816.5356655880747
FD_avg=8.625086
FD_std=0.7991847112754348
IGSD_avg=31.06553333333333
IGSD_std=3.158635430406969
SC_pos_avg=0.24712496392544225
SC_neg_avg=0.7528750360745577
SC_avg=-0.0008773197152406824
SC_std=0.005400430893578932
SC_avg_abs=0.003250053935257889
SC_std_abs=0.004401305844517781