conf_id=3
---
run_0
TV=20176.793
FD=22.783359
IGSD=[14.519,15.574,13.806,14.639,13.728,15.204]
SC_pos=0.2434548373469926
SC_neg=0.7565451626530074
SC_avg=-0.004050577914121094
SC_std=0.016821951126333105
SC_avg_abs=0.012182959869897774
SC_std_abs=0.012286606933713053
---
run_1
TV=16084.894
FD=17.446999
IGSD=[17.342,17.638,13.685,12.986,22.924,29.77]
SC_pos=0.284637531752344
SC_neg=0.7153624682476559
SC_avg=-0.0020910221441444725
SC_std=0.00989474351827134
SC_avg_abs=0.007167254237295577
SC_std_abs=0.0071350395652472675
---
run_2
TV=21143.23
FD=26.407143
IGSD=[13.192,13.41,15.259,13.251,13.389,15.015]
SC_pos=0.22290647920810622
SC_neg=0.7770935207918938
SC_avg=-0.004383155785067939
SC_std=0.01998402184375532
SC_avg_abs=0.014260797216373727
SC_std_abs=0.014669793674122742
---
run_3
TV=19767.189
FD=25.78592
IGSD=[16.461,14.824,13.494,16.667,13.672,14.055]
SC_pos=0.25016693223203984
SC_neg=0.7498330677679601
SC_avg=-0.003907778442185438
SC_std=0.016073071936225588
SC_avg_abs=0.011564081431524096
SC_std_abs=0.011827357881850513
---
run_4
TV=15968.793
FD=15.901229
IGSD=[13.298,18.688,38.501,16.921,13.866,18.342]
SC_pos=0.2788024137685995
SC_neg=0.7211975862314005
SC_avg=-0.001390795947120636
SC_std=0.011886674569492146
SC_avg_abs=0.007643366570450328
SC_std_abs=0.009209033236842008
---
combined
TV_avg=18628.1798
TV_std=2170.7907831900707
FD_avg=21.664930000000002
FD_std=4.2832981984370875
IGSD_avg=16.470666666666666
IGSD_std=5.305313747136502
SC_pos_avg=0.25599363886161647
SC_neg_avg=0.7440063611383836
SC_avg=-0.003164666046527922
SC_std=0.015407809002582038
SC_avg_abs=0.01056369186510832
SC_std_abs=0.011654359854798544