conf_id=222
---
run_0
TV=21596.713
FD=34.875308
IGSD=[14.189,13.224,13.066,13.567,13.965,13.786]
SC_pos=0.22303927915937838
SC_neg=0.7769607208406216
SC_avg=-0.005044322170502819
SC_std=0.019118431682802178
SC_avg_abs=0.014383600086825226
SC_std_abs=0.013567301305421118
---
run_1
TV=18002.093
FD=24.584393
IGSD=[16.363,16.386,14.946,15.932,14.484,20.322]
SC_pos=0.27843426164159385
SC_neg=0.7215657383584061
SC_avg=-0.002757497906608951
SC_std=0.013626820258216042
SC_avg_abs=0.009592786153029494
SC_std_abs=0.010063422821134236
---
run_2
TV=18906.547
FD=23.615455
IGSD=[17.622,13.678,14.887,17.816,14.732,13.546]
SC_pos=0.2563053561887367
SC_neg=0.7436946438112633
SC_avg=-0.0032736179319978837
SC_std=0.015188575331911053
SC_avg_abs=0.010706916382539955
SC_std_abs=0.011259277799003476
---
run_3
TV=19695.038
FD=28.483738
IGSD=[16.392,15.791,13.773,16.548,15.302,13.779]
SC_pos=0.2613933967554962
SC_neg=0.7386066032445038
SC_avg=-0.004251286767624227
SC_std=0.015173854271110235
SC_avg_abs=0.011946196749828112
SC_std_abs=0.010276559533027751
---
run_4
TV=21273.307
FD=34.512954
IGSD=[15.287,12.862,13.454,15.2,12.95,13.509]
SC_pos=0.23324477931486412
SC_neg=0.7667552206851359
SC_avg=-0.005009146974022843
SC_std=0.018955923924115787
SC_avg_abs=0.014213394263401602
SC_std_abs=0.013505481433008214
---
combined
TV_avg=19894.7396
TV_std=1370.8156715531961
FD_avg=29.214369599999998
FD_std=4.763183195344835
IGSD_avg=14.911933333333332
IGSD_std=1.6878566474147685
SC_pos_avg=0.25048341461201384
SC_neg_avg=0.7495165853879862
SC_avg=-0.004067174350151354
SC_std=0.016587292715059692
SC_avg_abs=0.012168578727124906
SC_std_abs=0.011983567022025013