conf_id=144
---
run_0
TV=12041.326
FD=14.655199
IGSD=[23.878,26.876,22.7,25.931,22.514,22.469]
SC_pos=0.2737170664925834
SC_neg=0.7262829335074166
SC_avg=-0.001407941033170877
SC_std=0.008415901330071128
SC_avg_abs=0.005686798628222769
SC_std_abs=0.006361604712053624
---
run_1
TV=12497.514
FD=15.875102
IGSD=[21.845,26.016,24.677,24.007,22.546,21.287]
SC_pos=0.27577826261615074
SC_neg=0.7242217373838492
SC_avg=-0.0014378813986040747
SC_std=0.00952269837534949
SC_avg_abs=0.006389352181820897
SC_std_abs=0.0072059326919556976
---
run_2
TV=11100.914
FD=12.305108
IGSD=[26.799,28.579,25.634,26.574,23.833,25.294]
SC_pos=0.25877448227182803
SC_neg=0.7412255177281719
SC_avg=-0.0010794069909291436
SC_std=0.0066298443681460425
SC_avg_abs=0.004391540877445309
SC_std_abs=0.0050827477332277046
---
run_3
TV=10808.798
FD=11.896903
IGSD=[27.774,28.465,28.508,27.827,26.356,23.01]
SC_pos=0.27234825326628836
SC_neg=0.7276517467337117
SC_avg=-0.0012380233449969425
SC_std=0.0056556903227295155
SC_avg_abs=0.004356030124427715
SC_std_abs=0.003813729983159804
---
run_4
TV=11950.591
FD=13.32996
IGSD=[26.493,23.684,23.668,25.842,22.226,23.36]
SC_pos=0.2692018681493301
SC_neg=0.7307981318506699
SC_avg=-0.0012827231133006863
SC_std=0.007811357132216936
SC_avg_abs=0.005195622135505854
SC_std_abs=0.005972285111870817
---
combined
TV_avg=11679.8286
TV_std=627.1265392348176
FD_avg=13.6124544
FD_std=1.479118978600518
IGSD_avg=24.955733333333335
IGSD_std=2.1474623308040175
SC_pos_avg=0.26996398655923615
SC_neg_avg=0.7300360134407639
SC_avg=-0.0012891951762003442
SC_std=0.007727237913546251
SC_avg_abs=0.005203868789484513
SC_std_abs=0.005855935416029968