conf_id=236
---
run_0
TV=6860.559
FD=5.796355
IGSD=[41.274,40.628,41.907,40.32,36.121,37.077]
SC_pos=0.22985516932615316
SC_neg=0.7701448306738469
SC_avg=-0.000521382284164195
SC_std=0.0038316509922457693
SC_avg_abs=0.0019369227655581405
SC_std_abs=0.0033468969229542853
---
run_1
TV=7621.368
FD=7.114799
IGSD=[36.84,37.845,37.074,39.478,37.817,38.002]
SC_pos=0.25940305489610216
SC_neg=0.7405969451038978
SC_avg=-0.0005794931273178647
SC_std=0.0036464667739935764
SC_avg_abs=0.0022837436048531983
SC_std_abs=0.0029012148086172257
---
run_2
TV=7733.039
FD=6.711494
IGSD=[38.175,37.441,37.369,36.149,37.18,37.672]
SC_pos=0.26105383494561313
SC_neg=0.7389461650543868
SC_avg=-0.0005508453668546442
SC_std=0.0035511194696213177
SC_avg_abs=0.002219600692105248
SC_std_abs=0.0028261728314656763
---
run_3
TV=7394.86
FD=6.621317
IGSD=[39.151,37.622,38.494,42.046,38.714,37.768]
SC_pos=0.25344632447648124
SC_neg=0.7465536755235187
SC_avg=-0.0005283384975843002
SC_std=0.003157642387850008
SC_avg_abs=0.0020684520738146824
SC_std_abs=0.002443635209254545
---
run_4
TV=6672.073
FD=5.605666
IGSD=[41.837,40.93,43.658,40.394,37.956,39.65]
SC_pos=0.22261394639812762
SC_neg=0.7773860536018724
SC_avg=-0.0004900867279844843
SC_std=0.00383481206444889
SC_avg_abs=0.0018665850961292578
SC_std_abs=0.0033855322549781503
---
combined
TV_avg=7256.379800000001
TV_std=418.971523403393
FD_avg=6.3699262
FD_std=0.5740695008924963
IGSD_avg=38.8863
IGSD_std=1.922700707338508
SC_pos_avg=0.24527446600849548
SC_neg_avg=0.7547255339915045
SC_avg=-0.0005340292007810984
SC_std=0.003613023132738187
SC_avg_abs=0.0020750608464921104
SC_std_abs=0.0030055358637593463