conf_id=71
---
run_0
TV=7263.003
FD=6.408826
IGSD=[36.962,39.918,39.712,38.778,38.946,40.889]
SC_pos=0.2542947110606614
SC_neg=0.7457052889393386
SC_avg=-0.0005276063001345622
SC_std=0.0036055139479348026
SC_avg_abs=0.002100267839715944
SC_std_abs=0.0029777465033392295
---
run_1
TV=7379.18
FD=6.399704
IGSD=[40.903,41.395,45.696,38.179,32.965,33.533]
SC_pos=0.24320270389816542
SC_neg=0.7567972961018345
SC_avg=-0.0005006366997518176
SC_std=0.00339115588240035
SC_avg_abs=0.001938284646275913
SC_std_abs=0.0028273004711010055
---
run_2
TV=7169.33
FD=6.49601
IGSD=[38.634,39.157,39.317,37.14,35.828,36.618]
SC_pos=0.21934532731665993
SC_neg=0.7806546726833401
SC_avg=-0.0005690778180686332
SC_std=0.003892892324952349
SC_avg_abs=0.0021864031488300606
SC_std_abs=0.0032707952377788304
---
run_3
TV=8025.072
FD=7.185267
IGSD=[35.429,33.671,33.739,34.9,39.631,36.111]
SC_pos=0.24931999588133694
SC_neg=0.7506800041186631
SC_avg=-0.0006915608859662832
SC_std=0.004047848924606553
SC_avg_abs=0.0024625646272656908
SC_std_abs=0.0032862003639426334
---
run_4
TV=7100.372
FD=6.201983
IGSD=[41.61,41.296,39.072,39.813,39.685,39.855]
SC_pos=0.25607663365175626
SC_neg=0.7439233663482437
SC_avg=-0.0005358976162956548
SC_std=0.0032450462955363954
SC_avg_abs=0.002023788283703357
SC_std_abs=0.002592642030452887
---
combined
TV_avg=7387.3914
TV_std=332.2972641798906
FD_avg=6.538358000000001
FD_std=0.3374718414179172
IGSD_avg=38.312733333333334
IGSD_std=2.8514205808489366
SC_pos_avg=0.244447874361716
SC_neg_avg=0.755552125638284
SC_avg=-0.0005649558640433899
SC_std=0.003649441278509337
SC_avg_abs=0.002142261709158198
SC_std_abs=0.0030080411471719456