conf_id=214
---
run_0
TV=9814.408
FD=8.323447
IGSD=[29.638,27.356,31.745,27.706,30.751,29.369]
SC_pos=0.24682165795248995
SC_neg=0.7531783420475101
SC_avg=-0.0009554863713521534
SC_std=0.005059045119658839
SC_avg_abs=0.0033992059568478633
SC_std_abs=0.003866819182676333
---
run_1
TV=8047.082
FD=7.47588
IGSD=[31.23,36.51,34.665,35.545,31.874,31.899]
SC_pos=0.22355059004820782
SC_neg=0.7764494099517921
SC_avg=-0.0008462756388241265
SC_std=0.0047876040071718985
SC_avg_abs=0.002694048779022431
SC_std_abs=0.0040471515616051935
---
run_2
TV=6275.897
FD=4.992435
IGSD=[44.985,47.,48.109,43.316,44.024,40.276]
SC_pos=0.24285112586804242
SC_neg=0.7571488741319575
SC_avg=-0.00041270357407251966
SC_std=0.0022797424076493886
SC_avg_abs=0.0014693545755894751
SC_std_abs=0.0017912416968353358
---
run_3
TV=8725.001
FD=7.216726
IGSD=[39.513,29.836,29.814,29.951,30.446,35.582]
SC_pos=0.23190269181979234
SC_neg=0.7680973081802077
SC_avg=-0.0007849239582233169
SC_std=0.004170399356662885
SC_avg_abs=0.002648126870735806
SC_std_abs=0.0033159855986922135
---
run_4
TV=9798.778
FD=9.555167
IGSD=[29.132,30.866,33.278,31.24,27.562,28.167]
SC_pos=0.26213757370552676
SC_neg=0.7378624262944732
SC_avg=-0.0009895992872241655
SC_std=0.005168865288195525
SC_avg_abs=0.003542067613937812
SC_std_abs=0.0038923299108734447
---
combined
TV_avg=8532.233199999999
TV_std=1312.3789168659177
FD_avg=7.512731
FD_std=1.501311035768005
IGSD_avg=34.046166666666664
IGSD_std=6.041101450802567
SC_pos_avg=0.24145272787881186
SC_neg_avg=0.7585472721211881
SC_avg=-0.0007977977659392568
SC_std=0.004427960730507272
SC_avg_abs=0.0027505607592266763
SC_std_abs=0.0035605804324652652