conf_id=294
---
run_0
TV=6894.025
FD=5.614275
IGSD=[40.627,41.477,41.201,42.766,38.547,40.385]
SC_pos=0.2415830002803094
SC_neg=0.7584169997196906
SC_avg=-0.0004986356255168802
SC_std=0.0029038189736241343
SC_avg_abs=0.0018014736512606446
SC_std_abs=0.002331414764135243
---
run_1
TV=8284.261
FD=6.779801
IGSD=[32.419,39.347,47.766,38.17,30.166,29.866]
SC_pos=0.2666993866962625
SC_neg=0.7333006133037375
SC_avg=-0.0006136543305212971
SC_std=0.0033298570812385834
SC_avg_abs=0.002255226659419177
SC_std_abs=0.0025255638050715123
---
run_2
TV=7982.091
FD=7.20295
IGSD=[33.384,39.418,37.065,32.396,32.694,32.228]
SC_pos=0.22436251361924617
SC_neg=0.7756374863807538
SC_avg=-0.0007362120611304823
SC_std=0.004208722233624802
SC_avg_abs=0.002486514368665491
SC_std_abs=0.003474564337176932
---
run_3
TV=7534.924
FD=6.453881
IGSD=[37.344,34.684,32.771,38.469,40.355,40.462]
SC_pos=0.2325979751840191
SC_neg=0.767402024815981
SC_avg=-0.0005942993421113688
SC_std=0.0037240919937069628
SC_avg_abs=0.0021967792194739844
SC_std_abs=0.00306532444392328
---
run_4
TV=7516.399
FD=6.441497
IGSD=[37.533,34.078,34.644,35.686,39.857,40.194]
SC_pos=0.22480732094433403
SC_neg=0.775192679055666
SC_avg=-0.0005927523291753076
SC_std=0.0038742853965621736
SC_avg_abs=0.00225568061085823
SC_std_abs=0.0032052063333825953
---
combined
TV_avg=7642.339999999999
TV_std=472.2008013555253
FD_avg=6.4984808
FD_std=0.522010364083473
IGSD_avg=37.19996666666667
IGSD_std=4.093813547971568
SC_pos_avg=0.23801003934483425
SC_neg_avg=0.7619899606551658
SC_avg=-0.0006071107376910673
SC_std=0.0036370661605338766
SC_avg_abs=0.002199134901935504
SC_std_abs=0.0029598377298442444