conf_id=142
---
run_0
TV=9148.973
FD=9.151723
IGSD=[33.629,30.637,30.163,31.505,32.767,36.996]
SC_pos=0.2848786848619865
SC_neg=0.7151213151380136
SC_avg=-0.000702999582275989
SC_std=0.0037902906581862776
SC_avg_abs=0.002870333205117013
SC_std_abs=0.002573266208113159
---
run_1
TV=11671.56
FD=13.843142
IGSD=[25.866,24.388,23.293,24.471,24.753,26.367]
SC_pos=0.2574535267502816
SC_neg=0.7425464732497183
SC_avg=-0.0013372317302981452
SC_std=0.007782940923845288
SC_avg_abs=0.005271041688890321
SC_std_abs=0.005880346727750177
---
run_2
TV=9565.616
FD=9.944485
IGSD=[29.701,33.003,41.691,33.141,23.64,25.807]
SC_pos=0.26848255234462354
SC_neg=0.7315174476553764
SC_avg=-0.0009027417854786488
SC_std=0.0050914251368886065
SC_avg_abs=0.0036893108182466236
SC_std_abs=0.0036230564917150757
---
run_3
TV=11315.095
FD=13.9645
IGSD=[25.465,25.039,25.397,25.307,25.406,25.788]
SC_pos=0.27706089053865607
SC_neg=0.7229391094613439
SC_avg=-0.0012915644143640284
SC_std=0.008923169290576387
SC_avg_abs=0.0061325538726324375
SC_std_abs=0.0066093019165414015
---
run_4
TV=10525.699
FD=12.255663
IGSD=[26.277,28.736,27.245,25.467,30.289,26.864]
SC_pos=0.26949150049235426
SC_neg=0.7305084995076457
SC_avg=-0.001025690760704271
SC_std=0.0062919636903238365
SC_avg_abs=0.00443922216800109
SC_std_abs=0.004575385793577997
---
combined
TV_avg=10445.3886
TV_std=971.7024771360004
FD_avg=11.831902600000001
FD_std=1.9757700451344633
IGSD_avg=28.30326666666667
IGSD_std=4.263807523277236
SC_pos_avg=0.27147343099758037
SC_neg_avg=0.7285265690024196
SC_avg=-0.0010520456546242165
SC_std=0.006638649856879077
SC_avg_abs=0.004480492350577503
SC_std_abs=0.005010355304573797