conf_id=296
---
run_0
TV=8232.443
FD=7.832291
IGSD=[34.462,35.097,33.813,34.628,34.302,34.251]
SC_pos=0.25185624705680293
SC_neg=0.748143752943197
SC_avg=-0.0006971650285936654
SC_std=0.0040643302497921155
SC_avg_abs=0.0024835281026513805
SC_std_abs=0.003291945871336595
---
run_1
TV=6384.85
FD=5.008004
IGSD=[45.164,45.716,41.746,46.391,40.805,44.841]
SC_pos=0.250036204042878
SC_neg=0.749963795957122
SC_avg=-0.0004445790181041302
SC_std=0.0029528269445076123
SC_avg_abs=0.0016203239659485897
SC_std_abs=0.002508263884227738
---
run_2
TV=8639.021
FD=6.622959
IGSD=[37.672,30.264,31.871,38.085,31.021,31.676]
SC_pos=0.24744484399527722
SC_neg=0.7525551560047228
SC_avg=-0.0008345541050400004
SC_std=0.004009279176232968
SC_avg_abs=0.002712054611450269
SC_std_abs=0.0030684784261463755
---
run_3
TV=6509.971
FD=5.328354
IGSD=[44.724,42.417,40.529,45.142,40.213,42.583]
SC_pos=0.24411303616944446
SC_neg=0.7558869638305555
SC_avg=-0.00045850248558552796
SC_std=0.0031065955834593704
SC_avg_abs=0.001720994096353223
SC_std_abs=0.0026266594695115585
---
run_4
TV=7201.576
FD=6.072382
IGSD=[40.932,38.692,35.494,39.809,44.7,41.714]
SC_pos=0.2543668083821009
SC_neg=0.7456331916178991
SC_avg=-0.0005287455636716208
SC_std=0.0030515175248249644
SC_avg_abs=0.001963871590006199
SC_std_abs=0.002394689844924143
---
combined
TV_avg=7393.5722
TV_std=904.4314270018264
FD_avg=6.172798
FD_std=1.0036409764052083
IGSD_avg=38.958466666666666
IGSD_std=4.870142391712542
SC_pos_avg=0.2495634279293007
SC_neg_avg=0.7504365720706992
SC_avg=-0.0005927092401989889
SC_std=0.0034752964621171424
SC_avg_abs=0.0021001544732819283
SC_std_abs=0.0028316675178020247