conf_id=70
---
run_0
TV=8244.659
FD=7.210748
IGSD=[37.163,33.83,34.76,38.265,34.781,34.047]
SC_pos=0.26231636677564824
SC_neg=0.7376836332243517
SC_avg=-0.0008322493530183888
SC_std=0.0035245660870157534
SC_avg_abs=0.0025379504683777413
SC_std_abs=0.0025834110217699147
---
run_1
TV=7964.749
FD=6.99044
IGSD=[37.928,37.131,34.485,32.869,36.116,35.376]
SC_pos=0.25315130555197024
SC_neg=0.7468486944480297
SC_avg=-0.0005667577476227698
SC_std=0.003569522011810668
SC_avg_abs=0.0021946408062351935
SC_std_abs=0.0028716290618564684
---
run_2
TV=6594.58
FD=5.410207
IGSD=[38.419,46.947,42.113,39.465,48.812,47.419]
SC_pos=0.2610832539675798
SC_neg=0.7389167460324202
SC_avg=-0.0004562830275631378
SC_std=0.002510590191084423
SC_avg_abs=0.0016962667905179734
SC_std_abs=0.001906288615136061
---
run_3
TV=7321.112
FD=6.11863
IGSD=[36.408,38.14,44.567,36.853,36.77,42.867]
SC_pos=0.24550070243094352
SC_neg=0.7544992975690565
SC_avg=-0.0005416159181290277
SC_std=0.002923841103563884
SC_avg_abs=0.0019549728775535816
SC_std_abs=0.0022405971636352416
---
run_4
TV=7765.774
FD=6.763323
IGSD=[39.06,35.655,36.927,36.849,38.347,33.901]
SC_pos=0.2581247776740285
SC_neg=0.7418752223259715
SC_avg=-0.0005931023889697737
SC_std=0.003608468673424189
SC_avg_abs=0.0023126518243516974
SC_std_abs=0.0028327474561295
---
combined
TV_avg=7578.174799999999
TV_std=576.6063257590572
FD_avg=6.4986695999999995
FD_std=0.6554565012815421
IGSD_avg=38.20899999999999
IGSD_std=4.108258276528712
SC_pos_avg=0.25603528128003405
SC_neg_avg=0.743964718719966
SC_avg=-0.0005980016870606185
SC_std=0.0032593295401770277
SC_avg_abs=0.0021392965534072416
SC_std_abs=0.0025306610452168125