conf_id=28
---
run_0
TV=13084.162
FD=15.700685
IGSD=[24.914,22.085,22.678,22.526,21.52,22.464]
SC_pos=0.2710480153658452
SC_neg=0.7289519846341548
SC_avg=-0.0017414218100856925
SC_std=0.008473935241093399
SC_avg_abs=0.006223357013328049
SC_std_abs=0.006009156003595453
---
run_1
TV=10862.691
FD=10.679934
IGSD=[26.317,26.168,26.17,26.318,29.739,26.043]
SC_pos=0.24748234288947418
SC_neg=0.7525176571105258
SC_avg=-0.0012107928812472896
SC_std=0.006532953691324275
SC_avg_abs=0.004140503237651883
SC_std_abs=0.0051963194929931745
---
run_2
TV=12679.427
FD=11.827963
IGSD=[20.74,23.451,25.799,22.576,20.774,23.685]
SC_pos=0.2646616014845419
SC_neg=0.7353383985154581
SC_avg=-0.0015970331520244626
SC_std=0.007746423394967194
SC_avg_abs=0.005427779458449312
SC_std_abs=0.005752981874923296
---
run_3
TV=10152.293
FD=10.19144
IGSD=[28.803,29.719,33.241,31.084,27.009,25.756]
SC_pos=0.27895323805023153
SC_neg=0.7210467619497685
SC_avg=-0.0009290437316684144
SC_std=0.004834229489497599
SC_avg_abs=0.003472951477182107
SC_std_abs=0.003488768414443585
---
run_4
TV=13240.888
FD=15.30118
IGSD=[19.937,24.578,28.595,23.968,19.171,21.186]
SC_pos=0.282295819039038
SC_neg=0.717704180960962
SC_avg=-0.001471021369629595
SC_std=0.006519541362154005
SC_avg_abs=0.00510362714369231
SC_std_abs=0.004315241988685092
---
combined
TV_avg=12003.892199999998
TV_std=1255.7267610704807
FD_avg=12.740240400000001
FD_std=2.319316272524694
IGSD_avg=24.90046666666667
IGSD_std=3.412013674585076
SC_pos_avg=0.26888820336582614
SC_neg_avg=0.7311117966341738
SC_avg=-0.0013898625889310935
SC_std=0.006939536762674968
SC_avg_abs=0.004873643666060747
SC_std_abs=0.0051319086033262224