conf_id=272
---
run_0
TV=13523.299
FD=15.664986
IGSD=[22.266,19.817,20.284,19.43,25.453,23.219]
SC_pos=0.2237467859200561
SC_neg=0.776253214079944
SC_avg=-0.0017937311098716142
SC_std=0.008906538774886705
SC_avg_abs=0.006151360457777176
SC_std_abs=0.006686155005799438
---
run_1
TV=7233.731
FD=6.201584
IGSD=[35.823,38.808,38.312,37.626,43.061,44.399]
SC_pos=0.2685206727674536
SC_neg=0.7314793272325464
SC_avg=-0.0005343098248919038
SC_std=0.0030453388317068096
SC_avg_abs=0.0019810129659537943
SC_std_abs=0.0023738498725910107
---
run_2
TV=11086.656
FD=9.673709
IGSD=[29.143,24.905,25.396,26.775,28.762,24.298]
SC_pos=0.26933342504333607
SC_neg=0.7306665749566639
SC_avg=-0.0011668744491421198
SC_std=0.0056306292860712065
SC_avg_abs=0.00396044686860195
SC_std_abs=0.0041689858165031585
---
run_3
TV=9056.06
FD=7.422222
IGSD=[34.012,30.178,30.111,31.822,31.01,30.445]
SC_pos=0.23599773680707067
SC_neg=0.7640022631929293
SC_avg=-0.0010163361834271336
SC_std=0.004323937646459887
SC_avg_abs=0.0029085144859912673
SC_std_abs=0.0033570700756754023
---
run_4
TV=7831.281
FD=7.157064
IGSD=[35.658,35.824,37.312,36.687,36.352,35.749]
SC_pos=0.2565027951178512
SC_neg=0.7434972048821489
SC_avg=-0.0006132481567029119
SC_std=0.003944543364093157
SC_avg_abs=0.002461060327416992
SC_std_abs=0.003143036385046319
---
combined
TV_avg=9746.2054
TV_std=2302.9983767129847
FD_avg=9.223913
FD_std=3.4159088297396933
IGSD_avg=31.0979
IGSD_std=6.751074612484544
SC_pos_avg=0.2508202831311535
SC_neg_avg=0.7491797168688464
SC_avg=-0.0010248999448071402
SC_std=0.005578204624177587
SC_avg_abs=0.0034924790211482344
SC_std_abs=0.004468710889384252