conf_id=23
---
run_0
TV=14030.762
FD=18.310852
IGSD=[22.235,19.905,21.186,20.882,23.28,20.309]
SC_pos=0.2830031186235047
SC_neg=0.7169968813764953
SC_avg=-0.0019518239896296875
SC_std=0.009142436388781452
SC_avg_abs=0.006967026665913308
SC_std_abs=0.0062333217024201516
---
run_1
TV=16067.634
FD=21.253699
IGSD=[19.175,17.988,17.422,19.564,18.307,17.39]
SC_pos=0.2617955257811113
SC_neg=0.7382044742188887
SC_avg=-0.002678621517502943
SC_std=0.012785059806448368
SC_avg_abs=0.009178770873426402
SC_std_abs=0.00929424191322943
---
run_2
TV=14311.849
FD=18.291416
IGSD=[19.767,21.372,22.629,21.096,20.074,19.813]
SC_pos=0.2702953441911623
SC_neg=0.7297046558088377
SC_avg=-0.002032132596066712
SC_std=0.00994303426563316
SC_avg_abs=0.007246393814397024
SC_std_abs=0.007105157984325221
---
run_3
TV=17015.057
FD=20.494504
IGSD=[17.219,17.239,17.591,16.72,16.996,18.036]
SC_pos=0.2296477859389091
SC_neg=0.7703522140610909
SC_avg=-0.0028954767550549054
SC_std=0.012806100642564763
SC_avg_abs=0.009274045304068425
SC_std_abs=0.009293658214322676
---
run_4
TV=15195.606
FD=21.667025
IGSD=[19.832,18.998,18.964,18.98,20.807,19.18]
SC_pos=0.26979749975605
SC_neg=0.73020250024395
SC_avg=-0.002405282381482796
SC_std=0.011338235314118837
SC_avg_abs=0.008116802947172232
SC_std_abs=0.008273963577982392
---
combined
TV_avg=15324.1816
TV_std=1106.893339847449
FD_avg=20.0034992
FD_std=1.439978247627289
IGSD_avg=19.431866666666668
IGSD_std=1.7220366572430708
SC_pos_avg=0.2629078548581475
SC_neg_avg=0.7370921451418525
SC_avg=-0.002392667447947409
SC_std=0.011305898424191527
SC_avg_abs=0.008156607920995488
SC_std_abs=0.008186448797724026