conf_id=284
---
run_0
TV=10450.325
FD=10.595289
IGSD=[31.022,33.295,33.167,30.913,22.798,23.177]
SC_pos=0.2674222244965566
SC_neg=0.7325777755034434
SC_avg=-0.001039695100187744
SC_std=0.005451727357260595
SC_avg_abs=0.003955149854779285
SC_std_abs=0.0038934671830512897
---
run_1
TV=11394.351
FD=12.290586
IGSD=[26.386,22.647,26.035,28.599,24.71,26.782]
SC_pos=0.277826199462212
SC_neg=0.722173800537788
SC_avg=-0.0013012535420434093
SC_std=0.0067167631639697
SC_avg_abs=0.004979083830274855
SC_std_abs=0.004692216149394259
---
run_2
TV=11408.068
FD=12.116509
IGSD=[27.966,30.351,29.632,25.594,22.126,22.669]
SC_pos=0.26904027070472436
SC_neg=0.7309597292952756
SC_avg=-0.0010868833846637525
SC_std=0.006040746255290133
SC_avg_abs=0.004337889072363903
SC_std_abs=0.004342194054683153
---
run_3
TV=12431.647
FD=14.719999
IGSD=[23.278,24.544,24.337,24.3,22.625,22.327]
SC_pos=0.26232320359061234
SC_neg=0.7376767964093877
SC_avg=-0.00153856798054246
SC_std=0.00782184676008219
SC_avg_abs=0.005532736806883897
SC_std_abs=0.005739102856258186
---
run_4
TV=11074.805
FD=12.537401
IGSD=[25.692,25.142,23.938,24.526,29.912,32.034]
SC_pos=0.27358633830342155
SC_neg=0.7264136616965784
SC_avg=-0.0012391226749663478
SC_std=0.006064328662880472
SC_avg_abs=0.004489215134251981
SC_std_abs=0.004261273825213811
---
combined
TV_avg=11351.8392
TV_std=641.9391897681276
FD_avg=12.4519568
FD_std=1.3218999367175113
IGSD_avg=26.3508
IGSD_std=3.416554701254857
SC_pos_avg=0.27003964731150537
SC_neg_avg=0.7299603526884946
SC_avg=-0.0012411045364807438
SC_std=0.006472104434032273
SC_avg_abs=0.004658814939710785
SC_std_abs=0.00466089257900468