conf_id=41
---
run_0
TV=12364.102
FD=15.799641
IGSD=[22.342,22.428,23.918,23.424,25.542,24.728]
SC_pos=0.25769302245023573
SC_neg=0.7423069775497643
SC_avg=-0.0013398567121863582
SC_std=0.007728210122880885
SC_avg_abs=0.0053324325651701735
SC_std_abs=0.005752009270724636
---
run_1
TV=11972.025
FD=14.418386
IGSD=[26.074,24.465,23.703,24.476,23.583,27.066]
SC_pos=0.280249125250243
SC_neg=0.7197508747497571
SC_avg=-0.0013313035198436502
SC_std=0.006840857075092537
SC_avg_abs=0.005142462432052659
SC_std_abs=0.004703697983365716
---
run_2
TV=11958.865
FD=12.728002
IGSD=[25.775,20.622,22.937,23.416,30.207,26.695]
SC_pos=0.2749503864768629
SC_neg=0.7250496135231371
SC_avg=-0.001373713636178512
SC_std=0.006201481512912963
SC_avg_abs=0.004704801980212788
SC_std_abs=0.0042673528605225355
---
run_3
TV=11800.705
FD=11.826677
IGSD=[24.714,22.786,25.952,20.653,26.815,27.982]
SC_pos=0.26448156535715417
SC_neg=0.7355184346428458
SC_avg=-0.0008452344314284655
SC_std=0.0060683366536832175
SC_avg_abs=0.0039030137611593893
SC_std_abs=0.004722882019139151
---
run_4
TV=11160.888
FD=13.005044
IGSD=[25.903,28.968,26.962,24.252,24.285,27.748]
SC_pos=0.26652970937942644
SC_neg=0.7334702906205736
SC_avg=-0.0010066952971475728
SC_std=0.006123955953929876
SC_avg_abs=0.004243514099059725
SC_std_abs=0.004528670890896518
---
combined
TV_avg=11851.317
TV_std=392.0049051677796
FD_avg=13.55555
FD_std=1.396948444119968
IGSD_avg=24.947366666666664
IGSD_std=2.2346915593780623
SC_pos_avg=0.2687807617827844
SC_neg_avg=0.7312192382172156
SC_avg=-0.001179360719356915
SC_std=0.00662625910763041
SC_avg_abs=0.004665244967530948
SC_std_abs=0.004851153559798346