conf_id=7
---
run_0
TV=11662.103
FD=10.981091
IGSD=[23.721,24.159,27.512,24.164,23.54,23.817]
SC_pos=0.24127161443512682
SC_neg=0.7587283855648732
SC_avg=-0.0014492923018293888
SC_std=0.007494419911731577
SC_avg_abs=0.004787939399377255
SC_std_abs=0.005944948637069264
---
run_1
TV=10561.357
FD=10.186574
IGSD=[26.564,29.891,29.295,26.05,25.198,24.813]
SC_pos=0.23868605532143491
SC_neg=0.7613139446785651
SC_avg=-0.001057219768657044
SC_std=0.006569734608502513
SC_avg_abs=0.004064170807145062
SC_std_abs=0.005268931781276426
---
run_2
TV=10313.241
FD=9.803407
IGSD=[29.913,26.369,29.416,26.687,28.315,26.277]
SC_pos=0.2550730720855124
SC_neg=0.7449269279144876
SC_avg=-0.0011073684832784815
SC_std=0.006095014067679644
SC_avg_abs=0.003960260399196357
SC_std_abs=0.0047635909788234735
---
run_3
TV=19599.39
FD=24.960398
IGSD=[15.74,14.019,13.853,13.766,16.797,16.396]
SC_pos=0.23874137136978074
SC_neg=0.7612586286302193
SC_avg=-0.003486648699248877
SC_std=0.016214353603037197
SC_avg_abs=0.011462390867110471
SC_std_abs=0.011986474774756825
---
run_4
TV=10625.762
FD=9.046863
IGSD=[32.397,27.011,27.02,25.529,25.359,25.494]
SC_pos=0.2406374480531548
SC_neg=0.7593625519468452
SC_avg=-0.0012683140241881719
SC_std=0.005644335689945049
SC_avg_abs=0.003873668477250055
SC_std_abs=0.004296724144403393
---
combined
TV_avg=12552.3706
TV_std=3553.666164460618
FD_avg=12.995666600000002
FD_std=6.014779875985509
IGSD_avg=24.302733333333336
IGSD_std=5.055912215306837
SC_pos_avg=0.24288191225300193
SC_neg_avg=0.7571180877469981
SC_avg=-0.0016737686554403929
SC_std=0.009332127154076202
SC_avg_abs=0.005629685990015837
SC_std_abs=0.007628678416711545