conf_id=262
---
run_0
TV=11644.162
FD=12.452374
IGSD=[21.023,25.193,30.9,24.143,23.787,29.728]
SC_pos=0.2854490409709603
SC_neg=0.7145509590290396
SC_avg=-0.0008380547763389866
SC_std=0.0060901282311542956
SC_avg_abs=0.004360173211911692
SC_std_abs=0.004333692102835039
---
run_1
TV=14162.123
FD=15.956321
IGSD=[22.167,20.096,23.012,23.528,18.391,19.141]
SC_pos=0.2787087701212126
SC_neg=0.7212912298787875
SC_avg=-0.0017011112688752245
SC_std=0.00814058183281107
SC_avg_abs=0.006107042065187732
SC_std_abs=0.005645076557480472
---
run_2
TV=15234.86
FD=18.077235
IGSD=[20.029,17.782,20.722,21.795,18.409,19.634]
SC_pos=0.2655615749452692
SC_neg=0.7344384250547308
SC_avg=-0.002589868096017948
SC_std=0.010558009630588682
SC_avg_abs=0.008018156107498882
SC_std_abs=0.007340855314617857
---
run_3
TV=14785.212
FD=19.445895
IGSD=[19.351,22.037,18.691,21.517,19.494,18.366]
SC_pos=0.2750088101683742
SC_neg=0.7249911898316258
SC_avg=-0.0019959196477690694
SC_std=0.010339267142626231
SC_avg_abs=0.007374962004357167
SC_std_abs=0.007516254101693814
---
run_4
TV=13247.432
FD=14.933584
IGSD=[19.012,28.157,25.288,24.673,18.818,18.367]
SC_pos=0.2635103232798315
SC_neg=0.7364896767201685
SC_avg=-0.0013464884181656988
SC_std=0.007844462677737842
SC_avg_abs=0.005459497083635155
SC_std_abs=0.005791590226911386
---
combined
TV_avg=13814.757800000001
TV_std=1273.7722626307107
FD_avg=16.1730818
FD_std=2.4398406597467304
IGSD_avg=21.775033333333337
IGSD_std=3.4264111300633817
SC_pos_avg=0.27364770389712956
SC_neg_avg=0.7263522961028704
SC_avg=-0.0016942884414333874
SC_std=0.00877511861294141
SC_avg_abs=0.006263966094518138
SC_std_abs=0.006374641069165601