conf_id=250
---
run_0
TV=10526.74
FD=9.610748
IGSD=[28.653,29.135,27.416,25.358,25.924,24.54]
SC_pos=0.23945219294983497
SC_neg=0.760547807050165
SC_avg=-0.0012752910236825967
SC_std=0.005876974162359764
SC_avg_abs=0.003894689905088778
SC_std_abs=0.004582202859251131
---
run_1
TV=19524.497
FD=29.597249
IGSD=[13.095,18.972,16.402,15.538,14.019,13.498]
SC_pos=0.24545325907861695
SC_neg=0.7545467409213831
SC_avg=-0.0037739712429216503
SC_std=0.015311229434330817
SC_avg_abs=0.011216230295908718
SC_std_abs=0.011084799668115672
---
run_2
TV=12997.622
FD=13.224975
IGSD=[22.447,19.933,24.92,22.522,20.874,21.25]
SC_pos=0.2783781168884039
SC_neg=0.7216218831115961
SC_avg=-0.0013352465466097783
SC_std=0.0076367837796793795
SC_avg_abs=0.005064879397754924
SC_std_abs=0.005869441755738371
---
run_3
TV=7674.141
FD=6.532639
IGSD=[35.761,38.806,36.916,34.391,33.892,34.467]
SC_pos=0.22981559866984586
SC_neg=0.7701844013301542
SC_avg=-0.0006427364438297766
SC_std=0.003990485706162503
SC_avg_abs=0.0023620877978508233
SC_std_abs=0.0032798822452274807
---
run_4
TV=12306.85
FD=12.084217
IGSD=[24.184,23.533,22.642,23.662,22.146,22.37]
SC_pos=0.22151363354133136
SC_neg=0.7784863664586686
SC_avg=-0.0015836770774599648
SC_std=0.008579847262161171
SC_avg_abs=0.005287072355311552
SC_std_abs=0.00694036584319494
---
combined
TV_avg=12605.97
TV_std=3918.035594309322
FD_avg=14.209965599999999
FD_std=8.029341819596713
IGSD_avg=24.575533333333336
IGSD_std=6.895413614537968
SC_pos_avg=0.2429225602256066
SC_neg_avg=0.7570774397743933
SC_avg=-0.0017221844669007558
SC_std=0.00919319802697499
SC_avg_abs=0.005564991950382946
SC_std_abs=0.007517424684915985