conf_id=228
---
run_0
TV=13975.561
FD=17.245444
IGSD=[22.359,20.095,19.487,21.908,20.26,19.943]
SC_pos=0.24087217870025518
SC_neg=0.7591278212997449
SC_avg=-0.0022071797665048913
SC_std=0.00961642255535365
SC_avg_abs=0.006877395436982912
SC_std_abs=0.007074507565064132
---
run_1
TV=10883.65
FD=11.11366
IGSD=[29.188,24.588,24.448,24.131,34.411,26.673]
SC_pos=0.2692839099288992
SC_neg=0.7307160900711008
SC_avg=-0.0009786248911824635
SC_std=0.0053533867496556265
SC_avg_abs=0.0037800218384419514
SC_std_abs=0.003915085091020657
---
run_2
TV=11966.475
FD=13.394725
IGSD=[24.076,22.752,29.352,21.276,24.778,22.231]
SC_pos=0.265277743536154
SC_neg=0.734722256463846
SC_avg=-0.00105620809427564
SC_std=0.007597201818818175
SC_avg_abs=0.004804279739906685
SC_std_abs=0.005979293201958715
---
run_3
TV=13695.748
FD=12.220843
IGSD=[23.248,19.83,19.263,23.03,21.552,19.182]
SC_pos=0.2396738714956403
SC_neg=0.7603261285043598
SC_avg=-0.0019912353088868315
SC_std=0.009056928945920936
SC_avg_abs=0.006064522740847093
SC_std_abs=0.007015307827356302
---
run_4
TV=14040.255
FD=13.036415
IGSD=[19.603,22.122,20.949,19.562,22.018,20.157]
SC_pos=0.229207536490464
SC_neg=0.770792463509536
SC_avg=-0.002099345666233521
SC_std=0.0094310939227179
SC_avg_abs=0.006565047922971395
SC_std_abs=0.007088930143156225
---
combined
TV_avg=12912.3378
TV_std=1267.0124664604368
FD_avg=13.402217400000001
FD_std=2.07544687606892
IGSD_avg=22.749066666666668
IGSD_std=3.423761975111912
SC_pos_avg=0.24886304803028253
SC_neg_avg=0.7511369519697174
SC_avg=-0.001666518745416668
SC_std=0.008381599773506644
SC_avg_abs=0.005618253535830008
SC_std_abs=0.006439233393751571