conf_id=283
---
run_0
TV=12202.744
FD=12.903009
IGSD=[22.028,22.589,28.708,24.571,23.347,23.054]
SC_pos=0.2730949163308513
SC_neg=0.7269050836691487
SC_avg=-0.00144875825181068
SC_std=0.008493124903700123
SC_avg_abs=0.005777906826078559
SC_std_abs=0.006391233356027265
---
run_1
TV=11566.829
FD=11.330171
IGSD=[27.128,24.18,22.864,31.672,24.81,24.22]
SC_pos=0.2753460930399359
SC_neg=0.724653906960064
SC_avg=-0.001106670210872904
SC_std=0.005579435799965834
SC_avg_abs=0.003984650547269668
SC_std_abs=0.004059234264946699
---
run_2
TV=11994.82
FD=14.692411
IGSD=[23.011,24.035,29.867,22.626,25.183,23.893]
SC_pos=0.2807345391126933
SC_neg=0.7192654608873067
SC_avg=-0.001252206244602831
SC_std=0.007226544753080548
SC_avg_abs=0.005270045412606522
SC_std_abs=0.005100744151235501
---
run_3
TV=11517.943
FD=12.636599
IGSD=[23.994,29.278,23.455,26.833,25.69,24.268]
SC_pos=0.27285624933574126
SC_neg=0.7271437506642587
SC_avg=-0.0012189639185814249
SC_std=0.006546305000695659
SC_avg_abs=0.004674499340196325
SC_std_abs=0.004742260865393268
---
run_4
TV=13338.128
FD=14.766088
IGSD=[21.57,24.03,23.634,22.02,20.902,22.35]
SC_pos=0.26852357323440806
SC_neg=0.7314764267655919
SC_avg=-0.0019094549598275127
SC_std=0.0076994787314296695
SC_avg_abs=0.005959122461423933
SC_std_abs=0.005236110242260048
---
combined
TV_avg=12124.092799999999
TV_std=659.505793416677
FD_avg=13.265655599999999
FD_std=1.3084535725604634
IGSD_avg=24.527
IGSD_std=2.5306132063197646
SC_pos_avg=0.27411107421072595
SC_neg_avg=0.725888925789274
SC_avg=-0.0013872107171390726
SC_std=0.007183649055437907
SC_avg_abs=0.005133244917514989
SC_std_abs=0.005213344794107315