conf_id=13
---
run_0
TV=8021.534
FD=7.548827
IGSD=[31.143,31.573,31.573,32.813,34.636,31.63]
SC_pos=0.20948622578602136
SC_neg=0.7905137742139786
SC_avg=-0.0007844385178492275
SC_std=0.005631238296902445
SC_avg_abs=0.0028046234316425923
SC_std_abs=0.0049457331055635795
---
run_1
TV=11094.947
FD=10.754813
IGSD=[26.898,23.755,24.656,25.474,25.788,24.866]
SC_pos=0.24339931412243576
SC_neg=0.7566006858775642
SC_avg=-0.0013272885859697647
SC_std=0.007150172310006366
SC_avg_abs=0.004527782679093167
SC_std_abs=0.005690856092375839
---
run_2
TV=12573.365
FD=11.017864
IGSD=[20.068,26.899,21.739,20.97,28.57,19.344]
SC_pos=0.25484393519610987
SC_neg=0.7451560648038901
SC_avg=-0.0012436424526448577
SC_std=0.008629855782883292
SC_avg_abs=0.005228161975446147
SC_std_abs=0.006977634251082786
---
run_3
TV=18605.671
FD=22.565241
IGSD=[16.934,14.063,16.483,17.8,13.965,14.624]
SC_pos=0.25841606742674095
SC_neg=0.741583932573259
SC_avg=-0.003100292209624272
SC_std=0.014742227590655096
SC_avg_abs=0.010269624168103711
SC_std_abs=0.0110217923027804
---
run_4
TV=15462.104
FD=18.232959
IGSD=[19.72,19.064,19.031,19.344,19.375,19.109]
SC_pos=0.2532343832125945
SC_neg=0.7467656167874055
SC_avg=-0.002466972009652821
SC_std=0.010033785293915085
SC_avg_abs=0.007537496562823963
SC_std_abs=0.00706745667027496
---
combined
TV_avg=13151.524199999996
TV_std=3632.274043084271
FD_avg=14.023940800000002
FD_std=5.519428164903187
IGSD_avg=23.063566666666667
IGSD_std=5.9181871868747855
SC_pos_avg=0.24387598514878048
SC_neg_avg=0.7561240148512195
SC_avg=-0.001784526755148187
SC_std=0.009787942691114672
SC_avg_abs=0.006073537763421918
SC_std_abs=0.007880386849684017