conf_id=193
---
run_0
TV=11728.363
FD=8.600991
IGSD=[22.142,23.286,22.602,24.334,23.853,23.662]
SC_pos=0.205543
SC_neg=0.794457
SC_avg=-0.0032284730479910854
SC_std=0.013818863386024623
SC_avg_abs=0.008315998321797066
SC_std_abs=0.01149905193548951
---
run_1
TV=12489.09
FD=9.449367
IGSD=[24.041,20.366,22.065,21.617,28.878,23.576]
SC_pos=0.235611
SC_neg=0.764389
SC_avg=-0.0034084864051597183
SC_std=0.011255062611247705
SC_avg_abs=0.008150672873610782
SC_std_abs=0.00847707176238647
---
run_2
TV=13416.059
FD=9.765333
IGSD=[22.242,22.887,21.525,20.321,18.935,19.175]
SC_pos=0.199723
SC_neg=0.800277
SC_avg=-0.004704733291462444
SC_std=0.014154413684715787
SC_avg_abs=0.009918343455159564
SC_std_abs=0.011140395199783448
---
run_3
TV=14544.113
FD=10.774333
IGSD=[20.086,21.394,20.44,20.457,19.387,18.596]
SC_pos=0.223596
SC_neg=0.776404
SC_avg=-0.004769442010285779
SC_std=0.013744776579705104
SC_avg_abs=0.010591961234196303
SC_std_abs=0.009973806571654134
---
run_4
TV=12827.524
FD=9.739739
IGSD=[25.259,21.215,20.236,20.523,22.76,24.18]
SC_pos=0.227627
SC_neg=0.772373
SC_avg=-0.0037709530338547233
SC_std=0.011872847569849179
SC_avg_abs=0.008675748574961627
SC_std_abs=0.00893957397555739
---
combined
TV_avg=13001.0298
TV_std=945.0103072723385
FD_avg=9.6659526
FD_std=0.6964022601105198
IGSD_avg=22.00133333333333
IGSD_std=2.1667362296525368
SC_pos_avg=0.21842
SC_neg_avg=0.78158
SC_avg=-0.0039764175577507496
SC_std=0.013038034768402066
SC_avg_abs=0.009130544891945064
SC_std_abs=0.010121037357495772