conf_id=295
---
run_0
TV=8160.223
FD=6.018227
IGSD=[30.733,31.277,30.473,30.331,29.564,32.159]
SC_pos=0.170684
SC_neg=0.829316
SC_avg=-0.0017860431935465314
SC_std=0.010747802041242493
SC_avg_abs=0.005014785061027764
SC_std_abs=0.009672493463354881
---
run_1
TV=9220.565
FD=6.777609
IGSD=[27.78,31.257,28.691,28.321,26.809,28.351]
SC_pos=0.185827
SC_neg=0.814173
SC_avg=-0.0022834222394092405
SC_std=0.010835800597398113
SC_avg_abs=0.005748940205294013
SC_std_abs=0.009464580192800737
---
run_2
TV=9848.19
FD=6.322923
IGSD=[28.789,28.096,27.,28.54,31.126,28.193]
SC_pos=0.219493
SC_neg=0.780507
SC_avg=-0.0022050245845219234
SC_std=0.009429270711588939
SC_avg_abs=0.005671178511475352
SC_std_abs=0.007849268364743004
---
run_3
TV=10222.357
FD=7.670247
IGSD=[25.927,28.783,27.417,27.024,25.446,28.126]
SC_pos=0.21881
SC_neg=0.78119
SC_avg=-0.0023432387226537755
SC_std=0.010940663935360232
SC_avg_abs=0.006363473275912873
SC_std_abs=0.009202994236908926
---
run_4
TV=8589.423
FD=6.114
IGSD=[30.99,31.547,30.088,29.565,29.394,28.974]
SC_pos=0.194124
SC_neg=0.805876
SC_avg=-0.001931455137560561
SC_std=0.010349589833373026
SC_avg_abs=0.005266883505135639
SC_std_abs=0.009116165137315002
---
combined
TV_avg=9208.151600000001
TV_std=764.1197904149845
FD_avg=6.580601199999999
FD_std=0.6044037587806349
IGSD_avg=29.025700000000004
IGSD_std=1.6971922921892693
SC_pos_avg=0.1977876
SC_neg_avg=0.8022124
SC_avg=-0.002109836775538405
SC_std=0.010477437071306698
SC_avg_abs=0.005613052111769129
SC_std_abs=0.009095149520110724