conf_id=315
---
run_0
TV=9400.228
FD=6.948954
IGSD=[32.663,28.53,28.361,29.204,27.03,28.686]
SC_pos=0.209361
SC_neg=0.790639
SC_avg=-0.0023355222639746534
SC_std=0.009917289816059452
SC_avg_abs=0.005825055331933314
SC_std_abs=0.008359188472642127
---
run_1
TV=8745.96
FD=6.49966
IGSD=[30.829,32.132,31.119,29.742,29.033,29.156]
SC_pos=0.202679
SC_neg=0.797321
SC_avg=-0.0019252985156422784
SC_std=0.010393576159866805
SC_avg_abs=0.005477273159341234
SC_std_abs=0.009040612728308079
---
run_2
TV=8293.94
FD=5.854185
IGSD=[31.05,32.406,31.766,31.076,29.294,34.113]
SC_pos=0.198132
SC_neg=0.801868
SC_avg=-0.0017122051062551378
SC_std=0.009517281655921618
SC_avg_abs=0.004762573532744947
SC_std_abs=0.008415948537700644
---
run_3
TV=9004.354
FD=6.12504
IGSD=[29.798,30.864,31.045,31.489,29.256,30.123]
SC_pos=0.211839
SC_neg=0.788161
SC_avg=-0.0018436034970362104
SC_std=0.009670274995966305
SC_avg_abs=0.005228056946461557
SC_std_abs=0.008341493446406964
---
run_4
TV=8583.434
FD=5.900648
IGSD=[31.802,36.8,29.834,32.999,27.101,28.676]
SC_pos=0.194865
SC_neg=0.805135
SC_avg=-0.001797980918303227
SC_std=0.009488481185038788
SC_avg_abs=0.0049459273167286035
SC_std_abs=0.0082946858625903
---
combined
TV_avg=8805.5832
TV_std=376.24359828302687
FD_avg=6.2656974
FD_std=0.41084452134869687
IGSD_avg=30.53256666666667
IGSD_std=2.038986851082882
SC_pos_avg=0.2033752
SC_neg_avg=0.7966248
SC_avg=-0.0019229220602422989
SC_std=0.009805506151495004
SC_avg_abs=0.005247777257441934
SC_std_abs=0.008503317822653003