conf_id=287
---
run_0
TV=10546.343
FD=7.642614
IGSD=[26.739,25.902,26.581,25.119,33.198,28.263]
SC_pos=0.254483
SC_neg=0.745517
SC_avg=-0.00194831179338434
SC_std=0.008879853930473407
SC_avg_abs=0.006146929534197496
SC_std_abs=0.0066979834258077305
---
run_1
TV=11580.741
FD=8.528224
IGSD=[28.592,25.691,22.639,26.534,26.095,25.919]
SC_pos=0.249028
SC_neg=0.750972
SC_avg=-0.002883969318413312
SC_std=0.009618439266031752
SC_avg_abs=0.007473421164737619
SC_std_abs=0.006706685398789968
---
run_2
TV=12071.494
FD=8.633318
IGSD=[25.981,21.311,23.111,22.967,28.336,25.391]
SC_pos=0.252994
SC_neg=0.747006
SC_avg=-0.0027155527995113902
SC_std=0.009778645979670429
SC_avg_abs=0.007490370313413533
SC_std_abs=0.006847663599403239
---
run_3
TV=10736.367
FD=7.574521
IGSD=[31.181,24.982,26.471,25.291,26.214,29.487]
SC_pos=0.238774
SC_neg=0.761226
SC_avg=-0.002138932271379522
SC_std=0.008326842201721286
SC_avg_abs=0.006049160079401515
SC_std_abs=0.006108927454773905
---
run_4
TV=12605.341
FD=9.835306
IGSD=[23.493,23.766,24.453,23.345,21.994,23.279]
SC_pos=0.244642
SC_neg=0.755358
SC_avg=-0.002929176613825392
SC_std=0.01165715860978574
SC_avg_abs=0.008340526572710363
SC_std_abs=0.008654769724180753
---
combined
TV_avg=11508.0572
TV_std=780.6632650992103
FD_avg=8.4427966
FD_std=0.8218118257259625
IGSD_avg=25.74416666666667
IGSD_std=2.616537560509223
SC_pos_avg=0.2479842
SC_neg_avg=0.7520158
SC_avg=-0.0025231885593027916
SC_std=0.009726498589841568
SC_avg_abs=0.007100081532892105
SC_std_abs=0.0071105623933885205