conf_id=284
---
run_0
TV=15973.401
FD=13.911307
IGSD=[15.808,22.222,19.221,17.561,20.699,17.197]
SC_pos=0.254654
SC_neg=0.745346
SC_avg=-0.004929360870115897
SC_std=0.01884008686445913
SC_avg_abs=0.014231770373129182
SC_std_abs=0.013293012589128083
---
run_1
TV=16094.523
FD=13.481663
IGSD=[20.08,17.81,18.219,19.553,17.658,18.493]
SC_pos=0.255673
SC_neg=0.744327
SC_avg=-0.005342958129050523
SC_std=0.01789928942956247
SC_avg_abs=0.014173935057116322
SC_std_abs=0.012166812591993132
---
run_2
TV=15477.628
FD=14.823056
IGSD=[19.405,19.763,20.514,19.563,18.551,17.316]
SC_pos=0.245049
SC_neg=0.754951
SC_avg=-0.004608697370882347
SC_std=0.017528376833896478
SC_avg_abs=0.01315165020189349
SC_std_abs=0.012470692958071395
---
run_3
TV=15075.441
FD=12.514137
IGSD=[20.896,19.635,18.778,22.488,18.604,18.27]
SC_pos=0.250152
SC_neg=0.749848
SC_avg=-0.004269043426039173
SC_std=0.014303898302472947
SC_avg_abs=0.011390547277378076
SC_std_abs=0.009647884283235972
---
run_4
TV=17119.408
FD=16.127376
IGSD=[17.945,16.555,17.067,17.047,17.012,17.723]
SC_pos=0.245182
SC_neg=0.754818
SC_avg=-0.006871074941675624
SC_std=0.0230307895508671
SC_avg_abs=0.01775152415698663
SC_std_abs=0.016202232200976868
---
combined
TV_avg=15948.0802
TV_std=689.480949337804
FD_avg=14.1715078
FD_std=1.2280393923482102
IGSD_avg=18.721766666666667
IGSD_std=1.5872577123944165
SC_pos_avg=0.250142
SC_neg_avg=0.749858
SC_avg=-0.005204226947552713
SC_std=0.018556393007213803
SC_avg_abs=0.014139885413300735
SC_std_abs=0.013095317485976882