conf_id=169
---
run_0
TV=13884.899
FD=9.582573
IGSD=[16.306,16.706,16.994,20.815,19.034,23.694]
SC_pos=0.170415
SC_neg=0.829585
SC_avg=-0.0038928542034217736
SC_std=0.022952771278236573
SC_avg_abs=0.01223784000102139
SC_std_abs=0.019804527141781016
---
run_1
TV=24738.605
FD=25.798405
IGSD=[12.582,11.472,11.2,12.078,11.939,11.918]
SC_pos=0.18601
SC_neg=0.81399
SC_avg=-0.014323260831857573
SC_std=0.03540046660628289
SC_avg_abs=0.029242637130554992
SC_std_abs=0.0245604765924984
---
run_2
TV=19753.954
FD=16.75337
IGSD=[14.295,14.441,15.547,14.454,14.14,14.343]
SC_pos=0.184418
SC_neg=0.815582
SC_avg=-0.008434895745016593
SC_std=0.029830957784502097
SC_avg_abs=0.02105445989851483
SC_std_abs=0.022753971674234708
---
run_3
TV=26308.66
FD=29.230582
IGSD=[11.046,10.792,10.723,10.77,11.054,11.298]
SC_pos=0.152504
SC_neg=0.847496
SC_avg=-0.015806086041183193
SC_std=0.04579004731061012
SC_avg_abs=0.035691872962037324
SC_std_abs=0.03275135101199627
---
run_4
TV=16731.373
FD=10.018035
IGSD=[9.009,45.279,30.074,9.588,20.916,25.703]
SC_pos=0.230552
SC_neg=0.769448
SC_avg=-0.0033584049540055453
SC_std=0.012366456424260727
SC_avg_abs=0.009144688951913135
SC_std_abs=0.00897679187131942
---
combined
TV_avg=20283.4982
TV_std=4690.21606184736
FD_avg=18.276593
FD_std=8.033399069920005
IGSD_avg=15.940333333333333
IGSD_std=7.366676262437189
SC_pos_avg=0.1847798
SC_neg_avg=0.8152202
SC_avg=-0.009163100355096926
SC_std=0.03178780660869732
SC_avg_abs=0.021474299788808323
SC_std_abs=0.02516508505230817