conf_id=54
---
run_0
TV=8936.031
FD=6.263662
IGSD=[31.964,29.725,31.457,31.222,31.43,30.212]
SC_pos=0.208845
SC_neg=0.791155
SC_avg=-0.001690857276928368
SC_std=0.008959495801184878
SC_avg_abs=0.005151631971114483
SC_std_abs=0.007522782156661335
---
run_1
TV=9041.086
FD=6.155558
IGSD=[30.249,33.57,32.576,31.282,31.752,29.087]
SC_pos=0.223599
SC_neg=0.776401
SC_avg=-0.0018720363458361881
SC_std=0.00801136767988881
SC_avg_abs=0.005114549569156147
SC_std_abs=0.006444215614575871
---
run_2
TV=10343.741
FD=7.307913
IGSD=[27.614,29.479,25.871,27.187,27.253,26.306]
SC_pos=0.22102
SC_neg=0.77898
SC_avg=-0.0023745209432687645
SC_std=0.009951824091114026
SC_avg_abs=0.00642479885796291
SC_std_abs=0.007962355938113919
---
run_3
TV=9012.937
FD=5.965407
IGSD=[30.468,31.499,33.964,31.461,29.486,29.699]
SC_pos=0.214546
SC_neg=0.785454
SC_avg=-0.0018079247786598888
SC_std=0.009069431840939633
SC_avg_abs=0.0051383380032030785
SC_std_abs=0.0076889965852236595
---
run_4
TV=9350.895
FD=6.154552
IGSD=[34.168,31.527,30.965,30.242,26.889,27.881]
SC_pos=0.221405
SC_neg=0.778595
SC_avg=-0.0018798101496584482
SC_std=0.008438106282342822
SC_avg_abs=0.005111695997046301
SC_std_abs=0.006971792299305329
---
combined
TV_avg=9336.938
TV_std=522.8916819403421
FD_avg=6.369418399999999
FD_std=0.47897506871176504
IGSD_avg=30.216166666666666
IGSD_std=2.1669862802724174
SC_pos_avg=0.217883
SC_neg_avg=0.782117
SC_avg=-0.001925029898870331
SC_std=0.008913193111015601
SC_avg_abs=0.0053882028796965915
SC_std_abs=0.007356495175899333