conf_id=99
---
run_0
TV=11491.241
FD=7.98174
IGSD=[24.08,25.32,24.447,24.377,24.213,23.331]
SC_pos=0.202177
SC_neg=0.797823
SC_avg=-0.0028325883421485933
SC_std=0.013234791028071676
SC_avg_abs=0.007810054393048669
SC_std_abs=0.011053791234251887
---
run_1
TV=9478.62
FD=6.186079
IGSD=[29.631,29.961,28.673,29.288,28.336,29.391]
SC_pos=0.204245
SC_neg=0.795755
SC_avg=-0.001926101007021952
SC_std=0.009863237682774553
SC_avg_abs=0.00559481110224778
SC_std_abs=0.00834813820000124
---
run_2
TV=24762.376
FD=24.202475
IGSD=[12.248,11.14,12.906,12.869,11.099,11.198]
SC_pos=0.213805
SC_neg=0.786195
SC_avg=-0.012880095276386701
SC_std=0.03639575994323467
SC_avg_abs=0.028569977758919812
SC_std_abs=0.025967375050805416
---
run_3
TV=14600.054
FD=11.378351
IGSD=[18.746,20.635,21.34,17.563,18.363,19.414]
SC_pos=0.200553
SC_neg=0.799447
SC_avg=-0.004615172275546219
SC_std=0.01698766912408351
SC_avg_abs=0.01112347126434901
SC_std_abs=0.013643647035654084
---
run_4
TV=15157.314
FD=12.556554
IGSD=[18.927,19.228,22.596,19.311,18.153,18.928]
SC_pos=0.227497
SC_neg=0.772503
SC_avg=-0.004885501004238742
SC_std=0.015463929230219471
SC_avg_abs=0.011753812910171373
SC_std_abs=0.011173589815826543
---
combined
TV_avg=15097.920999999998
TV_std=5258.094215134681
FD_avg=12.4610398
FD_std=6.300506301808812
IGSD_avg=20.85706666666667
IGSD_std=5.843981308054372
SC_pos_avg=0.2096554
SC_neg_avg=0.7903446
SC_avg=-0.005427891581068438
SC_std=0.02097759127615046
SC_avg_abs=0.012970425485747323
SC_std_abs=0.017357690096430848