conf_id=92
---
run_0
TV=11688.739
FD=7.598262
IGSD=[23.314,23.046,23.636,23.307,24.973,24.323]
SC_pos=0.198855
SC_neg=0.801145
SC_avg=-0.003299246677871927
SC_std=0.012297130009312193
SC_avg_abs=0.00809065243817931
SC_std_abs=0.009830858468717708
---
run_1
TV=9634.98
FD=6.521522
IGSD=[27.889,27.594,29.118,28.495,29.048,28.294]
SC_pos=0.2017
SC_neg=0.7983
SC_avg=-0.001882609977450055
SC_std=0.01096745689085515
SC_avg_abs=0.0062699613057759776
SC_std_abs=0.00919330822957833
---
run_2
TV=19318.849
FD=18.764872
IGSD=[14.99,13.473,15.688,13.521,17.722,15.548]
SC_pos=0.219127
SC_neg=0.780873
SC_avg=-0.008098200632763375
SC_std=0.024833767446615355
SC_avg_abs=0.018457827782268756
SC_std_abs=0.018482571591668974
---
run_3
TV=18782.235
FD=12.863988
IGSD=[16.821,16.304,13.192,13.638,17.051,21.738]
SC_pos=0.255538
SC_neg=0.744462
SC_avg=-0.007410779635603825
SC_std=0.01765490314941276
SC_avg_abs=0.015340352704684078
SC_std_abs=0.01145813418138036
---
run_4
TV=12363.329
FD=8.832381
IGSD=[21.71,22.404,21.677,23.719,23.868,21.894]
SC_pos=0.210266
SC_neg=0.789734
SC_avg=-0.0035019041684805985
SC_std=0.013239857503915905
SC_avg_abs=0.008624814787351248
SC_std_abs=0.010638126217201381
---
combined
TV_avg=14357.6264
TV_std=3939.4025446228056
FD_avg=10.916205
FD_std=4.473471564158914
IGSD_avg=21.266500000000004
IGSD_std=5.1155507083793035
SC_pos_avg=0.2170972
SC_neg_avg=0.7829028
SC_avg=-0.004838548218433958
SC_std=0.016765114377239963
SC_avg_abs=0.011356721803651878
SC_std_abs=0.013247848082556909