conf_id=235
---
run_0
TV=9360.87
FD=6.94731
IGSD=[28.563,33.652,29.212,28.405,26.038,30.26]
SC_pos=0.209925
SC_neg=0.790075
SC_avg=-0.0019259925586934974
SC_std=0.010492114040268119
SC_avg_abs=0.005651473963015063
SC_std_abs=0.009047361295731308
---
run_1
TV=8842.84
FD=6.143297
IGSD=[30.641,31.086,29.89,29.575,29.986,32.629]
SC_pos=0.208568
SC_neg=0.791432
SC_avg=-0.0020644642174461308
SC_std=0.00952017706019159
SC_avg_abs=0.005321764381470334
SC_std_abs=0.008159326420154258
---
run_2
TV=10419.635
FD=6.936556
IGSD=[27.399,25.62,31.637,30.38,24.872,23.85]
SC_pos=0.214264
SC_neg=0.785736
SC_avg=-0.002231897027229767
SC_std=0.00970541517165357
SC_avg_abs=0.005962031208449152
SC_std_abs=0.007976881086226538
---
run_3
TV=8801.111
FD=6.374705
IGSD=[31.93,29.905,28.758,31.173,31.809,31.882]
SC_pos=0.207714
SC_neg=0.792286
SC_avg=-0.002085596330839234
SC_std=0.009277576778962154
SC_avg_abs=0.005339574754977979
SC_std_abs=0.007868423246162454
---
run_4
TV=8977.563
FD=6.381988
IGSD=[30.539,29.147,29.728,31.561,29.337,32.255]
SC_pos=0.210486
SC_neg=0.789514
SC_avg=-0.0018093363227867883
SC_std=0.008766219497860455
SC_avg_abs=0.004974721402620586
SC_std_abs=0.007441266638142537
---
combined
TV_avg=9280.403800000002
TV_std=602.8629618317582
FD_avg=6.5567712
FD_std=0.3260108068352338
IGSD_avg=29.72396666666667
IGSD_std=2.2814761227961355
SC_pos_avg=0.2101914
SC_neg_avg=0.7898086
SC_avg=-0.002023457291399085
SC_std=0.009570137765306824
SC_avg_abs=0.005449913142106624
SC_std_abs=0.008122829740956142