conf_id=310
---
run_0
TV=11197.749
FD=8.628149
IGSD=[25.555,23.815,24.574,24.383,28.862,25.81]
SC_pos=0.22839
SC_neg=0.77161
SC_avg=-0.002550178798305294
SC_std=0.011826452317511916
SC_avg_abs=0.007580752633457552
SC_std_abs=0.009428710189205894
---
run_1
TV=9966.983
FD=7.436891
IGSD=[27.283,27.988,27.752,26.796,26.647,27.721]
SC_pos=0.208131
SC_neg=0.791869
SC_avg=-0.0025444628740673046
SC_std=0.011337663874134601
SC_avg_abs=0.006625024299766776
SC_std_abs=0.009545992167808616
---
run_2
TV=8609.283
FD=5.709809
IGSD=[33.894,30.542,30.093,31.489,30.286,32.011]
SC_pos=0.20813
SC_neg=0.79187
SC_avg=-0.0018663241659960309
SC_std=0.008993875287622112
SC_avg_abs=0.004843870164948969
SC_std_abs=0.007804478227722704
---
run_3
TV=11473.35
FD=8.870124
IGSD=[24.591,23.704,24.08,24.334,26.716,24.147]
SC_pos=0.1987
SC_neg=0.8013
SC_avg=-0.0031204195791140477
SC_std=0.01236744836835975
SC_avg_abs=0.007613648609895626
SC_std_abs=0.010233433067099083
---
run_4
TV=9432.661
FD=6.696588
IGSD=[31.916,28.476,27.688,32.89,27.466,29.907]
SC_pos=0.215469
SC_neg=0.784531
SC_avg=-0.002125287946417548
SC_std=0.008753663005826152
SC_avg_abs=0.005442129026582303
SC_std_abs=0.007178209841791157
---
combined
TV_avg=10136.0052
TV_std=1074.2377069033466
FD_avg=7.4683122
FD_std=1.1831463782929652
IGSD_avg=27.71386666666667
IGSD_std=2.905557201104272
SC_pos_avg=0.211764
SC_neg_avg=0.788236
SC_avg=-0.0024413346727800446
SC_std=0.010768397706157418
SC_avg_abs=0.0064210849469302465
SC_std_abs=0.008982659530829402