conf_id=13
---
run_0
TV=10146.823
FD=7.183953
IGSD=[24.066,23.837,24.,26.163,29.315,27.877]
SC_pos=0.200099
SC_neg=0.799901
SC_avg=-0.002987219593028228
SC_std=0.010629919731907942
SC_avg_abs=0.006513741547676608
SC_std_abs=0.008915707793206839
---
run_1
TV=22974.922
FD=25.287484
IGSD=[11.655,13.69,14.393,13.657,11.647,11.685]
SC_pos=0.190392
SC_neg=0.809608
SC_avg=-0.012058807298399987
SC_std=0.030630922608177968
SC_avg_abs=0.0248594419291237
SC_std_abs=0.021579536609034475
---
run_2
TV=13659.793
FD=8.978794
IGSD=[21.382,19.998,19.249,19.472,19.276,20.907]
SC_pos=0.192297
SC_neg=0.807703
SC_avg=-0.004927286242848589
SC_std=0.01650377997973031
SC_avg_abs=0.010723913511567845
SC_std_abs=0.013477781061240174
---
run_3
TV=15039.49
FD=11.031327
IGSD=[16.7,20.248,15.285,13.135,21.505,34.112]
SC_pos=0.237622
SC_neg=0.762378
SC_avg=-0.003880720752308102
SC_std=0.017428640251748874
SC_avg_abs=0.011239598057261088
SC_std_abs=0.01387403798803681
---
run_4
TV=21603.124
FD=22.752528
IGSD=[12.524,15.347,13.888,14.853,11.613,12.183]
SC_pos=0.236767
SC_neg=0.763233
SC_avg=-0.00857898050766202
SC_std=0.025980146055282084
SC_avg_abs=0.01981625083101503
SC_std_abs=0.018864864129034424
---
combined
TV_avg=16684.8304
TV_std=4865.355101899905
FD_avg=15.046817200000001
FD_std=7.470193250131282
IGSD_avg=18.4554
IGSD_std=5.891178962935461
SC_pos_avg=0.2114354
SC_neg_avg=0.7885646
SC_avg=-0.006486602878849379
SC_std=0.021722081560834102
SC_avg_abs=0.01463058917532884
SC_std_abs=0.017316775237502406