conf_id=108
---
run_0
TV=13322.298
FD=10.268757
IGSD=[21.047,19.929,25.162,22.661,21.444,19.801]
SC_pos=0.239898
SC_neg=0.760102
SC_avg=-0.0039163690004517535
SC_std=0.015047538482454699
SC_avg_abs=0.01061881103959519
SC_std_abs=0.011358134205670658
---
run_1
TV=14580.973
FD=12.413457
IGSD=[19.127,18.844,20.06,17.866,21.497,22.101]
SC_pos=0.233243
SC_neg=0.766757
SC_avg=-0.0048391669004355575
SC_std=0.01611848704643101
SC_avg_abs=0.011685459568989726
SC_std_abs=0.012110870968586108
---
run_2
TV=12458.923
FD=9.651438
IGSD=[21.638,22.502,23.651,20.6,26.164,25.272]
SC_pos=0.23182
SC_neg=0.76818
SC_avg=-0.0031003469736408922
SC_std=0.011385778174893694
SC_avg_abs=0.008161509732588735
SC_std_abs=0.008522784456368067
---
run_3
TV=15148.804
FD=13.244379
IGSD=[18.392,20.82,20.473,19.494,18.803,18.351]
SC_pos=0.23948
SC_neg=0.76052
SC_avg=-0.005094551551090418
SC_std=0.016857913028923303
SC_avg_abs=0.012828482182081113
SC_std_abs=0.012065393988655622
---
run_4
TV=13735.259
FD=10.649686
IGSD=[23.485,18.483,19.36,20.68,25.149,21.257]
SC_pos=0.241485
SC_neg=0.758515
SC_avg=-0.004096968608307454
SC_std=0.012763996076489165
SC_avg_abs=0.009764956633302808
SC_std_abs=0.009184245726667107
---
combined
TV_avg=13849.251400000003
TV_std=943.1797997146883
FD_avg=11.2455434
FD_std=1.357180582793697
IGSD_avg=21.137099999999993
IGSD_std=2.2449708439086686
SC_pos_avg=0.2371852
SC_neg_avg=0.7628148
SC_avg=-0.004209480606785215
SC_std=0.014597858866359701
SC_avg_abs=0.01061184383131151
SC_std_abs=0.010872257399496807