conf_id=319
---
run_0
TV=9094.674
FD=5.758628
IGSD=[33.293,32.068,29.648,33.523,28.471,30.14]
SC_pos=0.225867
SC_neg=0.774133
SC_avg=-0.0016006511899204017
SC_std=0.007941709427328855
SC_avg_abs=0.004875099707814811
SC_std_abs=0.006470412328343655
---
run_1
TV=8595.752
FD=5.590143
IGSD=[32.8,33.771,31.673,31.384,35.062,30.621]
SC_pos=0.233812
SC_neg=0.766188
SC_avg=-0.0013143119636240032
SC_std=0.008377258052985562
SC_avg_abs=0.0046920767285225
SC_std_abs=0.007063305486646761
---
run_2
TV=11623.059
FD=9.056094
IGSD=[25.828,21.498,22.508,26.123,24.625,23.732]
SC_pos=0.225298
SC_neg=0.774702
SC_avg=-0.0030636813537615235
SC_std=0.014415596201752428
SC_avg_abs=0.00874580977613791
SC_std_abs=0.011861971532969367
---
run_3
TV=8160.951
FD=5.36497
IGSD=[36.319,38.153,35.06,34.665,31.762,31.43]
SC_pos=0.218828
SC_neg=0.781172
SC_avg=-0.0014610360460689943
SC_std=0.007135253283118803
SC_avg_abs=0.004263079015188616
SC_std_abs=0.005905304653650735
---
run_4
TV=8357.134
FD=5.678954
IGSD=[34.511,35.182,35.46,31.984,30.537,33.844]
SC_pos=0.224091
SC_neg=0.775909
SC_avg=-0.001428804062430382
SC_std=0.007247798138361303
SC_avg_abs=0.004324440840846494
SC_std_abs=0.0059892629193641226
---
combined
TV_avg=9166.314
TV_std=1267.4222906859413
FD_avg=6.2897578
FD_std=1.3894235827407566
IGSD_avg=31.189166666666672
IGSD_std=4.180648722254585
SC_pos_avg=0.2255792
SC_neg_avg=0.7744208
SC_avg=-0.0017736969231610617
SC_std=0.009451166905124311
SC_avg_abs=0.005380101213702066
SC_std_abs=0.00797026144954291