conf_id=112
---
run_0
TV=10817.655
FD=7.448511
IGSD=[28.401,23.991,24.557,26.614,27.628,32.314]
SC_pos=0.24234
SC_neg=0.75766
SC_avg=-0.002198696820229733
SC_std=0.008049350486471523
SC_avg_abs=0.005983341660420082
SC_std_abs=0.0058160066657483404
---
run_1
TV=13479.776
FD=10.218273
IGSD=[23.624,21.565,19.823,21.887,23.007,22.538]
SC_pos=0.235182
SC_neg=0.764818
SC_avg=-0.003972735546155402
SC_std=0.012312768164344035
SC_avg_abs=0.009752307740681466
SC_std_abs=0.008501728137244516
---
run_2
TV=10479.743
FD=7.102179
IGSD=[27.981,26.744,27.429,26.065,24.015,23.846]
SC_pos=0.208412
SC_neg=0.791588
SC_avg=-0.0027128105769132988
SC_std=0.010833682057511292
SC_avg_abs=0.006819143450571453
SC_std_abs=0.008844619310630795
---
run_3
TV=8456.737
FD=5.600826
IGSD=[33.305,34.242,38.845,34.884,33.643,30.715]
SC_pos=0.247374
SC_neg=0.752626
SC_avg=-0.0013984231929140723
SC_std=0.0065982105641182705
SC_avg_abs=0.004277302365161247
SC_std_abs=0.005215041184104678
---
run_4
TV=10583.136
FD=7.796502
IGSD=[26.056,30.849,28.331,29.227,25.806,26.365]
SC_pos=0.254242
SC_neg=0.745758
SC_avg=-0.0022767252175529733
SC_std=0.00885336758655002
SC_avg_abs=0.006544849494769644
SC_std_abs=0.006382048294210072
---
combined
TV_avg=10763.4094
TV_std=1600.95551324034
FD_avg=7.6332582
FD_std=1.493713985114607
IGSD_avg=27.47656666666667
IGSD_std=4.439209994907752
SC_pos_avg=0.23751
SC_neg_avg=0.76249
SC_avg=-0.0025118782707530935
SC_std=0.009583852146999172
SC_avg_abs=0.006675388942320779
SC_std_abs=0.007321129481942231