conf_id=21
---
run_0
TV=19577.019
FD=19.990156
IGSD=[16.131,13.982,14.308,15.563,14.887,15.461]
SC_pos=0.229883
SC_neg=0.770117
SC_avg=-0.008780553459433155
SC_std=0.025684154469538287
SC_avg_abs=0.020097586540272775
SC_std_abs=0.01824447656484871
---
run_1
TV=17206.966
FD=16.76068
IGSD=[17.497,17.212,16.777,16.18,16.489,19.061]
SC_pos=0.24908
SC_neg=0.75092
SC_avg=-0.005450406059079223
SC_std=0.0200121536959328
SC_avg_abs=0.01487830359454807
SC_std_abs=0.014450927441065584
---
run_2
TV=17194.81
FD=15.917845
IGSD=[16.99,16.311,18.014,16.316,17.346,17.794]
SC_pos=0.252712
SC_neg=0.747288
SC_avg=-0.005775512914153512
SC_std=0.020087199767435088
SC_avg_abs=0.015566793975765861
SC_std_abs=0.013947296126291212
---
run_3
TV=16734.232
FD=16.352665
IGSD=[17.491,16.545,21.133,17.524,17.855,15.532]
SC_pos=0.240475
SC_neg=0.759525
SC_avg=-0.00512858590174458
SC_std=0.019661558341195432
SC_avg_abs=0.01460246885035359
SC_std_abs=0.014129655807211226
---
run_4
TV=16891.243
FD=13.644789
IGSD=[18.567,14.213,15.117,18.319,17.977,20.506]
SC_pos=0.2443
SC_neg=0.7557
SC_avg=-0.004519811496285595
SC_std=0.016882285132961816
SC_avg_abs=0.012202004212005698
SC_std_abs=0.012512047813318744
---
combined
TV_avg=17520.854
TV_std=1043.8226914481215
FD_avg=16.533227
FD_std=2.037472193668517
IGSD_avg=16.90326666666667
IGSD_std=1.6675044214500767
SC_pos_avg=0.24329
SC_neg_avg=0.75671
SC_avg=-0.005930973966139225
SC_std=0.020718380880943507
SC_avg_abs=0.015469431434589205
SC_std_abs=0.015004147746720254