conf_id=141
---
run_0
TV=14335.126
FD=13.582956
IGSD=[20.383,19.788,19.602,20.874,20.483,20.396]
SC_pos=0.249889
SC_neg=0.750111
SC_avg=-0.004455740118610777
SC_std=0.017261171846166358
SC_avg_abs=0.013046436296641442
SC_std_abs=0.012148751930349082
---
run_1
TV=15319.608
FD=15.184618
IGSD=[18.153,18.554,19.126,16.994,22.524,17.569]
SC_pos=0.240419
SC_neg=0.759581
SC_avg=-0.005367409366012629
SC_std=0.019205899000364353
SC_avg_abs=0.014330272762507727
SC_std_abs=0.013867909801649477
---
run_2
TV=12569.298
FD=10.201459
IGSD=[26.873,23.213,23.567,26.369,20.22,21.979]
SC_pos=0.244459
SC_neg=0.755541
SC_avg=-0.0034306777370613226
SC_std=0.010981225032440863
SC_avg_abs=0.008810836670775661
SC_std_abs=0.007397703029291511
---
run_3
TV=15260.443
FD=15.41719
IGSD=[18.613,19.987,20.515,19.612,18.148,17.024]
SC_pos=0.245402
SC_neg=0.754598
SC_avg=-0.005114063837011576
SC_std=0.019108963135408028
SC_avg_abs=0.014077221221489378
SC_std_abs=0.013897408525356866
---
run_4
TV=13664.049
FD=12.627376
IGSD=[19.215,21.137,22.387,20.608,22.295,21.296]
SC_pos=0.252156
SC_neg=0.747844
SC_avg=-0.003802907648851952
SC_std=0.01674657324182499
SC_avg_abs=0.012161629958545733
SC_std_abs=0.012124544473130043
---
combined
TV_avg=14229.704800000001
TV_std=1033.2803179465673
FD_avg=13.4027198
FD_std=1.9034161493197854
IGSD_avg=20.583466666666666
IGSD_std=2.3326439610212466
SC_pos_avg=0.246465
SC_neg_avg=0.753535
SC_avg=-0.004434159741509648
SC_std=0.0169454492184392
SC_avg_abs=0.012485279381991992
SC_std_abs=0.012285268437504014