conf_id=72
---
run_0
TV=8976.689
FD=5.839135
IGSD=[33.149,31.666,34.492,33.481,29.256,29.305]
SC_pos=0.223341
SC_neg=0.776659
SC_avg=-0.0016975657080915236
SC_std=0.0070198385638562885
SC_avg_abs=0.004420816318422285
SC_std_abs=0.005711063462671682
---
run_1
TV=8523.819
FD=5.88031
IGSD=[32.521,32.819,33.887,31.627,32.594,33.187]
SC_pos=0.228209
SC_neg=0.771791
SC_avg=-0.0013499551926010609
SC_std=0.007694532589561657
SC_avg_abs=0.0043498853089989
SC_std_abs=0.006488968222484415
---
run_2
TV=8012.25
FD=5.487195
IGSD=[35.33,35.24,37.219,32.231,32.349,30.784]
SC_pos=0.203409
SC_neg=0.796591
SC_avg=-0.0014780254441495544
SC_std=0.00748861452220339
SC_avg_abs=0.00414784561586985
SC_std_abs=0.006407751822801679
---
run_3
TV=10879.022
FD=7.834832
IGSD=[25.267,23.623,29.206,27.603,26.768,24.621]
SC_pos=0.220756
SC_neg=0.779244
SC_avg=-0.002680273107987442
SC_std=0.00972451334963075
SC_avg_abs=0.006584873827319438
SC_std_abs=0.007641299660321587
---
run_4
TV=8250.679
FD=5.514031
IGSD=[33.864,35.353,33.509,35.016,34.941,36.897]
SC_pos=0.241527
SC_neg=0.758473
SC_avg=-0.0012867952137085856
SC_std=0.006167225874342594
SC_avg_abs=0.004070220442282798
SC_std_abs=0.004808723578914399
---
combined
TV_avg=8928.4918
TV_std=1026.6041431993933
FD_avg=6.111100599999999
FD_std=0.8768386206062321
IGSD_avg=31.926833333333335
IGSD_std=3.4858800235935954
SC_pos_avg=0.2234484
SC_neg_avg=0.7765516
SC_avg=-0.0016985229333076335
SC_std=0.007726158427295287
SC_avg_abs=0.004714728302578651
SC_std_abs=0.0063521524880548715