conf_id=58
---
run_0
TV=8914.34
FD=6.518609
IGSD=[30.372,28.108,28.364,29.093,28.797,29.732]
SC_pos=0.183479
SC_neg=0.816521
SC_avg=-0.002535628286363475
SC_std=0.009913176636253697
SC_avg_abs=0.005518404668102667
SC_std_abs=0.008616710030355865
---
run_1
TV=9475.97
FD=6.847531
IGSD=[27.118,27.846,27.428,28.276,25.105,24.929]
SC_pos=0.164414
SC_neg=0.835586
SC_avg=-0.0029108961093200964
SC_std=0.011613865712103913
SC_avg_abs=0.006265963486189822
SC_std_abs=0.010202592539534927
---
run_2
TV=9614.265
FD=6.816513
IGSD=[27.19,26.42,28.135,29.508,29.86,27.824]
SC_pos=0.199898
SC_neg=0.800102
SC_avg=-0.0022134812650230523
SC_std=0.009671797316105991
SC_avg_abs=0.005603131316657535
SC_std_abs=0.008188289325783176
---
run_3
TV=8954.323
FD=6.302172
IGSD=[31.022,27.646,27.739,32.726,31.553,28.233]
SC_pos=0.194483
SC_neg=0.805517
SC_avg=-0.002037556411198095
SC_std=0.009583534428745995
SC_avg_abs=0.005240744029614567
SC_std_abs=0.008278307211733177
---
run_4
TV=8059.415
FD=5.844101
IGSD=[31.177,33.486,32.608,32.092,29.697,28.715]
SC_pos=0.173659
SC_neg=0.826341
SC_avg=-0.0018685829952218298
SC_std=0.009799804059269949
SC_avg_abs=0.0047575990254378215
SC_std_abs=0.008768866148098572
---
combined
TV_avg=9003.6626
TV_std=547.3437720638098
FD_avg=6.465785199999999
FD_std=0.37007856546976603
IGSD_avg=29.02663333333333
IGSD_std=2.104211324674612
SC_pos_avg=0.1831866
SC_neg_avg=0.8168134
SC_avg=-0.002313229013425306
SC_std=0.010151524273169824
SC_avg_abs=0.005477168505200487
SC_std_abs=0.008854665363690985