conf_id=100
---
run_0
TV=20154.257
FD=21.151082
IGSD=[15.251,13.748,14.464,14.079,16.785,14.593]
SC_pos=0.244093
SC_neg=0.755907
SC_avg=-0.00855789618127547
SC_std=0.02841525063911502
SC_avg_abs=0.022162911604371154
SC_std_abs=0.019734979228518232
---
run_1
TV=17879.281
FD=18.846822
IGSD=[16.963,16.838,15.581,15.788,16.805,14.568]
SC_pos=0.246895
SC_neg=0.753105
SC_avg=-0.006660643416062679
SC_std=0.026222442495687573
SC_avg_abs=0.018683140007395058
SC_std_abs=0.019568365813722267
---
run_2
TV=18826.653
FD=20.311273
IGSD=[15.151,15.977,14.101,15.807,16.868,16.734]
SC_pos=0.242275
SC_neg=0.757725
SC_avg=-0.007017284096870114
SC_std=0.023927525474445772
SC_avg_abs=0.018422157894797286
SC_std_abs=0.016804548489191707
---
run_3
TV=17557.613
FD=17.108229
IGSD=[14.504,15.146,22.019,12.22,21.25,20.039]
SC_pos=0.264854
SC_neg=0.735146
SC_avg=-0.005281431213235041
SC_std=0.018187862924980678
SC_avg_abs=0.014218727298328925
SC_std_abs=0.012510782048048634
---
run_4
TV=17881.188
FD=16.450285
IGSD=[17.372,15.109,15.916,14.481,14.862,22.261]
SC_pos=0.238276
SC_neg=0.761724
SC_avg=-0.006660039680203662
SC_std=0.021473375761848715
SC_avg_abs=0.0162543706872451
SC_std_abs=0.01553246370390307
---
combined
TV_avg=18459.7984
TV_std=947.7870211518202
FD_avg=18.7735382
FD_std=1.7996373809357697
IGSD_avg=16.176000000000002
IGSD_std=2.3551385238806373
SC_pos_avg=0.2472786
SC_neg_avg=0.7527214
SC_avg=-0.006835458917529391
SC_std=0.023937208876719667
SC_avg_abs=0.017948261498427532
SC_std_abs=0.017250315261032288