conf_id=94
---
run_0
TV=9437.89
FD=6.406533
IGSD=[29.193,29.202,30.338,30.165,30.079,30.198]
SC_pos=0.222179
SC_neg=0.777821
SC_avg=-0.0018685664161793131
SC_std=0.008577837513812556
SC_avg_abs=0.005664542527052968
SC_std_abs=0.0067069959612520704
---
run_1
TV=12421.225
FD=8.90592
IGSD=[23.902,21.483,24.127,21.904,20.877,20.569]
SC_pos=0.20578
SC_neg=0.79422
SC_avg=-0.003153758368404203
SC_std=0.01609183113155972
SC_avg_abs=0.009538006924318313
SC_std_abs=0.013338652290414124
---
run_2
TV=14179.217
FD=10.922696
IGSD=[20.915,20.138,20.771,20.466,19.404,20.591]
SC_pos=0.215858
SC_neg=0.784142
SC_avg=-0.0046837044647452366
SC_std=0.015115055201002025
SC_avg_abs=0.011023515643160705
SC_std_abs=0.01135271263211591
---
run_3
TV=13140.297
FD=9.84463
IGSD=[21.049,20.909,21.334,22.036,20.991,21.47]
SC_pos=0.182368
SC_neg=0.817632
SC_avg=-0.003961715430044792
SC_std=0.015850715446682352
SC_avg_abs=0.0101385563986492
SC_std_abs=0.01281210534891745
---
run_4
TV=10287.899
FD=7.445615
IGSD=[24.807,25.618,26.205,25.431,25.337,25.591]
SC_pos=0.192192
SC_neg=0.807808
SC_avg=-0.0021877644659228923
SC_std=0.015416698342792079
SC_avg_abs=0.0077098180002511795
SC_std_abs=0.013528473955106904
---
combined
TV_avg=11893.305599999998
TV_std=1770.054998765135
FD_avg=8.7050788
FD_std=1.6202655355825355
IGSD_avg=23.83666666666667
IGSD_std=3.5511803139550975
SC_pos_avg=0.2036754
SC_neg_avg=0.7963246
SC_avg=-0.0031711018290592878
SC_std=0.014529197331858408
SC_avg_abs=0.008814887898686478
SC_std_abs=0.011977112058085427