conf_id=138
---
run_0
TV=11619.554
FD=8.41617
IGSD=[24.069,23.241,23.607,24.889,24.548,24.38]
SC_pos=0.216358
SC_neg=0.783642
SC_avg=-0.0033351746385021463
SC_std=0.012954011789801535
SC_avg_abs=0.008463462692911513
SC_std_abs=0.0103585525323435
---
run_1
TV=10452.014
FD=7.781347
IGSD=[26.615,25.837,27.809,25.397,25.839,25.358]
SC_pos=0.199386
SC_neg=0.800614
SC_avg=-0.002920310250728733
SC_std=0.011194294450515663
SC_avg_abs=0.006726795839193992
SC_std_abs=0.009412261043084147
---
run_2
TV=9137.091
FD=6.374291
IGSD=[30.333,28.864,28.863,30.965,28.189,27.345]
SC_pos=0.205043
SC_neg=0.794957
SC_avg=-0.002316968184689528
SC_std=0.0102059656650864
SC_avg_abs=0.005757600454037701
SC_std_abs=0.008739571713616796
---
run_3
TV=10318.491
FD=7.756054
IGSD=[23.642,29.442,29.417,24.487,29.007,27.897]
SC_pos=0.238935
SC_neg=0.761065
SC_avg=-0.0026002504254222106
SC_std=0.009276996225690599
SC_avg_abs=0.006094652117560279
SC_std_abs=0.007461848082901718
---
run_4
TV=8880.568
FD=6.466356
IGSD=[30.029,29.187,29.591,31.058,30.373,29.813]
SC_pos=0.204918
SC_neg=0.795082
SC_avg=-0.002169664342738394
SC_std=0.009600008496852866
SC_avg_abs=0.005323820028138851
SC_std_abs=0.008277955472686798
---
combined
TV_avg=10081.5436
TV_std=989.2625014214581
FD_avg=7.358843599999998
FD_std=0.8025088509589408
IGSD_avg=27.336366666666667
IGSD_std=2.469189684671652
SC_pos_avg=0.212928
SC_neg_avg=0.787072
SC_avg=-0.0026684735684162015
SC_std=0.010736741964583784
SC_avg_abs=0.006473266226368454
SC_std_abs=0.008971911923439036