conf_id=5
---
run_0
TV=20097.783
FD=15.219856
IGSD=[14.037,12.338,16.356,13.678,12.24,19.76]
SC_pos=0.255687
SC_neg=0.744313
SC_avg=-0.006397785350705446
SC_std=0.027667772923864537
SC_avg_abs=0.019549143475182013
SC_std_abs=0.02059777428138733
---
run_1
TV=23496.437
FD=19.839044
IGSD=[13.23,12.382,12.547,12.87,13.05,12.744]
SC_pos=0.218031
SC_neg=0.781969
SC_avg=-0.012288084690110876
SC_std=0.029862668228479803
SC_avg_abs=0.02532923971430284
SC_std_abs=0.020030117188148892
---
run_2
TV=17365.484
FD=17.196135
IGSD=[15.874,15.869,15.488,16.875,15.241,15.52]
SC_pos=0.168372
SC_neg=0.831628
SC_avg=-0.006869485622341694
SC_std=0.02879462183352104
SC_avg_abs=0.017976367807001254
SC_std_abs=0.023519572269037014
---
run_3
TV=13906.28
FD=11.419141
IGSD=[18.648,20.782,20.303,19.318,20.654,19.928]
SC_pos=0.205918
SC_neg=0.794082
SC_avg=-0.0045487891313500395
SC_std=0.01824310392116404
SC_avg_abs=0.011774903900785921
SC_std_abs=0.014657897576635447
---
run_4
TV=15663.75
FD=12.953647
IGSD=[16.65,17.651,18.155,16.564,17.631,20.257]
SC_pos=0.183998
SC_neg=0.816002
SC_avg=-0.005413535592430324
SC_std=0.021450964144033215
SC_avg_abs=0.013955320221042289
SC_std_abs=0.017166807153552944
---
combined
TV_avg=18105.946799999998
TV_std=3381.5560809503904
FD_avg=15.325564600000002
FD_std=2.99225141549039
IGSD_avg=16.221333333333334
IGSD_std=2.8203293464101358
SC_pos_avg=0.2064012
SC_neg_avg=0.7935988
SC_avg=-0.007103536077387682
SC_std=0.025753387364896768
SC_avg_abs=0.017716995023662863
SC_std_abs=0.019995131229893878