conf_id=318
---
run_0
TV=7645.425
FD=5.471391
IGSD=[33.34,31.527,32.736,32.479,31.318,31.446]
SC_pos=0.178645
SC_neg=0.821355
SC_avg=-0.0018540802546983598
SC_std=0.00936082379556837
SC_avg_abs=0.004527690431554974
SC_std_abs=0.008400158038903014
---
run_1
TV=8976.496
FD=6.298303
IGSD=[30.335,27.685,28.573,29.551,30.821,31.134]
SC_pos=0.20604
SC_neg=0.79396
SC_avg=-0.002286610685819947
SC_std=0.009641571972766567
SC_avg_abs=0.005422211411551623
SC_std_abs=0.008293860496956957
---
run_2
TV=8398.41
FD=5.80763
IGSD=[30.263,29.37,29.622,31.366,31.436,31.053]
SC_pos=0.196973
SC_neg=0.803027
SC_avg=-0.002225399443873348
SC_std=0.009428308745799585
SC_avg_abs=0.005046140212736723
SC_std_abs=0.008269333555028128
---
run_3
TV=8391.016
FD=6.122396
IGSD=[31.548,30.348,30.683,34.163,29.429,29.192]
SC_pos=0.194653
SC_neg=0.805347
SC_avg=-0.002002903888603642
SC_std=0.0093248323000678
SC_avg_abs=0.005016010565796803
SC_std_abs=0.008111951640338233
---
run_4
TV=8427.321
FD=5.912993
IGSD=[31.016,28.827,29.577,31.429,30.804,30.374]
SC_pos=0.187543
SC_neg=0.812457
SC_avg=-0.0020199354101801104
SC_std=0.009277372715863697
SC_avg_abs=0.004870463172287897
SC_std_abs=0.008150360240979468
---
combined
TV_avg=8367.733599999998
TV_std=423.6402113098328
FD_avg=5.9225426
FD_std=0.28212448542485646
IGSD_avg=30.71483333333333
IGSD_std=1.3861326796362443
SC_pos_avg=0.1927708
SC_neg_avg=0.8072292
SC_avg=-0.0020777859366350807
SC_std=0.009408766930234042
SC_avg_abs=0.004976503158785602
SC_std_abs=0.008250848796126437