conf_id=234
---
run_0
TV=10058.347
FD=7.518508
IGSD=[28.898,30.165,30.569,27.482,28.226,26.694]
SC_pos=0.241017
SC_neg=0.758983
SC_avg=-0.002058428803751713
SC_std=0.009259586520192707
SC_avg_abs=0.006188331802206964
SC_std_abs=0.0071889930568086536
---
run_1
TV=9414.279
FD=6.468482
IGSD=[29.153,30.062,28.312,28.214,28.875,30.278]
SC_pos=0.210694
SC_neg=0.789306
SC_avg=-0.0018550492859011037
SC_std=0.01022205501948552
SC_avg_abs=0.005655929571197102
SC_std_abs=0.008714475162634268
---
run_2
TV=13065.257
FD=10.21
IGSD=[24.568,20.767,22.83,23.836,20.945,22.708]
SC_pos=0.245208
SC_neg=0.754792
SC_avg=-0.0036134804243888765
SC_std=0.012486137677122238
SC_avg_abs=0.009593346028850685
SC_std_abs=0.008770894301052087
---
run_3
TV=14216.075
FD=11.56715
IGSD=[19.237,23.682,19.434,21.539,18.956,21.955]
SC_pos=0.253386
SC_neg=0.746614
SC_avg=-0.0038340791832356435
SC_std=0.015364855688052742
SC_avg_abs=0.011348352673024684
SC_std_abs=0.01104508239474297
---
run_4
TV=9828.362
FD=6.67693
IGSD=[30.974,28.19,26.275,28.433,30.833,32.555]
SC_pos=0.231012
SC_neg=0.768988
SC_avg=-0.001815838845632178
SC_std=0.007746008136585454
SC_avg_abs=0.005336794896811919
SC_std_abs=0.005900553617646152
---
combined
TV_avg=11316.464
TV_std=1943.2773672581072
FD_avg=8.488214
FD_std=2.036899149629554
IGSD_avg=26.154833333333332
IGSD_std=3.9971217151289697
SC_pos_avg=0.2362634
SC_neg_avg=0.7637366
SC_avg=-0.0026353753085819015
SC_std=0.011368556763169191
SC_avg_abs=0.00762455099441828
SC_std_abs=0.008834902830704967