conf_id=52
---
run_0
TV=9221.556
FD=6.079069
IGSD=[30.893,32.674,31.096,30.197,30.557,29.628]
SC_pos=0.220405
SC_neg=0.779595
SC_avg=-0.0021692725585620563
SC_std=0.007921254188784872
SC_avg_abs=0.005286655095999884
SC_std_abs=0.006285164218428245
---
run_1
TV=8333.808
FD=6.02022
IGSD=[32.084,32.561,33.349,30.705,32.042,31.888]
SC_pos=0.191368
SC_neg=0.808632
SC_avg=-0.0016771499294277016
SC_std=0.009134078960199236
SC_avg_abs=0.004779336468295829
SC_std_abs=0.007962548163731962
---
run_2
TV=9973.722
FD=6.768166
IGSD=[25.344,32.384,30.274,28.817,29.729,28.597]
SC_pos=0.234079
SC_neg=0.765921
SC_avg=-0.001785786069274175
SC_std=0.00841701843479583
SC_avg_abs=0.005452605292039785
SC_std_abs=0.0066561495435519084
---
run_3
TV=12098.181
FD=9.268087
IGSD=[24.246,23.405,24.899,26.545,24.232,21.74]
SC_pos=0.23586
SC_neg=0.76414
SC_avg=-0.003546823381637076
SC_std=0.01045298594164907
SC_avg_abs=0.007954876211818557
SC_std_abs=0.007652765229084439
---
run_4
TV=8483.096
FD=5.874476
IGSD=[29.849,38.801,35.02,35.142,30.993,30.393]
SC_pos=0.229872
SC_neg=0.770128
SC_avg=-0.00152228745362641
SC_std=0.007730855709902812
SC_avg_abs=0.004343768409089479
SC_std_abs=0.006573824237610975
---
combined
TV_avg=9622.072600000001
TV_std=1369.0929136407947
FD_avg=6.802003600000001
FD_std=1.270971266457051
IGSD_avg=29.936133333333338
IGSD_std=3.728537637674529
SC_pos_avg=0.2223168
SC_neg_avg=0.7776832
SC_avg=-0.0021402638785054835
SC_std=0.008817666197560234
SC_avg_abs=0.005563448295448714
SC_std_abs=0.007167985051958504