conf_id=291
---
run_0
TV=11105.733
FD=8.043068
IGSD=[26.691,24.181,25.326,28.266,26.571,26.033]
SC_pos=0.237132
SC_neg=0.762868
SC_avg=-0.0027177627687132245
SC_std=0.009077788572792019
SC_avg_abs=0.006718653550154145
SC_std_abs=0.0066822282445542225
---
run_1
TV=9480.264
FD=5.897681
IGSD=[30.316,27.521,28.454,29.225,32.335,27.436]
SC_pos=0.200511
SC_neg=0.799489
SC_avg=-0.0022893825653327268
SC_std=0.007733287780443374
SC_avg_abs=0.005291598025741561
SC_std_abs=0.0060863784601002495
---
run_2
TV=8823.029
FD=5.834984
IGSD=[34.193,32.066,35.905,30.272,31.098,29.116]
SC_pos=0.217642
SC_neg=0.782358
SC_avg=-0.0016819001759089027
SC_std=0.007004174863753432
SC_avg_abs=0.004546677429520121
SC_std_abs=0.005587036609478238
---
run_3
TV=8115.541
FD=4.960774
IGSD=[34.89,33.405,34.336,35.347,36.387,32.984]
SC_pos=0.215289
SC_neg=0.784711
SC_avg=-0.0017676216807517998
SC_std=0.006087150835070279
SC_avg_abs=0.004080385536935272
SC_std_abs=0.004850602598144899
---
run_4
TV=9050.845
FD=5.840471
IGSD=[30.53,31.385,34.131,31.118,31.051,28.818]
SC_pos=0.222633
SC_neg=0.777367
SC_avg=-0.0016068305284837447
SC_std=0.007585765924534181
SC_avg_abs=0.004796583517987017
SC_std_abs=0.006092498302344168
---
combined
TV_avg=9315.0824
TV_std=998.4540104164238
FD_avg=6.115395600000001
FD_std=1.024761998618333
IGSD_avg=30.646233333333335
IGSD_std=3.267431720106108
SC_pos_avg=0.2186414
SC_neg_avg=0.7813586
SC_avg=-0.002012699543838078
SC_std=0.007573289766331416
SC_avg_abs=0.005086779612067625
SC_std_abs=0.005960734058556828