conf_id=22
---
run_0
TV=18777.283
FD=17.704139
IGSD=[15.404,15.165,15.881,16.159,15.171,14.956]
SC_pos=0.229405
SC_neg=0.770595
SC_avg=-0.0073239845097158
SC_std=0.026018007116316518
SC_avg_abs=0.01875214951560646
SC_std_abs=0.019466235690230264
---
run_1
TV=19456.269
FD=18.620103
IGSD=[15.544,15.611,14.45,14.046,15.003,15.966]
SC_pos=0.23614
SC_neg=0.76386
SC_avg=-0.008171371167715926
SC_std=0.027937961053416473
SC_avg_abs=0.021146626177454757
SC_std_abs=0.020003029167948053
---
run_2
TV=18622.57
FD=17.820868
IGSD=[16.174,13.745,15.997,14.401,18.816,16.81]
SC_pos=0.249876
SC_neg=0.750124
SC_avg=-0.007174717806200245
SC_std=0.02235157281640221
SC_avg_abs=0.017765199751045506
SC_std_abs=0.015344935997617907
---
run_3
TV=19103.717
FD=20.526082
IGSD=[15.514,14.574,14.885,14.199,17.956,15.709]
SC_pos=0.235057
SC_neg=0.764943
SC_avg=-0.006913498759297331
SC_std=0.025488758538214595
SC_avg_abs=0.018766626727915386
SC_std_abs=0.018581899745970663
---
run_4
TV=18673.126
FD=19.221528
IGSD=[16.369,15.893,15.651,16.067,15.739,15.611]
SC_pos=0.241215
SC_neg=0.758785
SC_avg=-0.007434027864222791
SC_std=0.02416602500713798
SC_avg_abs=0.018665335570744138
SC_std_abs=0.017054817001749763
---
combined
TV_avg=18926.593
TV_std=313.33641890785714
FD_avg=18.778544
FD_std=1.03409060156081
IGSD_avg=15.5822
IGSD_std=1.042847333026268
SC_pos_avg=0.2383386
SC_neg_avg=0.7616614
SC_avg=-0.007403520021430418
SC_std=0.02526508289817728
SC_avg_abs=0.01901918754855328
SC_std_abs=0.018204588090710783