conf_id=248
---
run_0
TV=27847.938
FD=31.409721
IGSD=[10.859,10.09,10.09,10.447,11.037,10.31]
SC_pos=0.169436
SC_neg=0.830564
SC_avg=-0.017672188889206797
SC_std=0.04692085305121392
SC_avg_abs=0.037800796095557955
SC_std_abs=0.03293892113794053
---
run_1
TV=18504.835
FD=16.922238
IGSD=[14.968,15.301,15.2,14.725,15.249,14.797]
SC_pos=0.161163
SC_neg=0.838837
SC_avg=-0.008640434484603004
SC_std=0.02695684854304707
SC_avg_abs=0.018954754379801254
SC_std_abs=0.021024891863144053
---
run_2
TV=16043.13
FD=14.088316
IGSD=[16.284,15.799,16.194,16.316,16.16,15.909]
SC_pos=0.138007
SC_neg=0.861993
SC_avg=-0.00701889318360986
SC_std=0.029070498253022322
SC_avg_abs=0.017149064822086075
SC_std_abs=0.024500373587555534
---
run_3
TV=15379.812
FD=12.300113
IGSD=[18.801,18.383,17.718,19.405,18.914,18.865]
SC_pos=0.194107
SC_neg=0.805893
SC_avg=-0.006028322897546161
SC_std=0.018002199444289
SC_avg_abs=0.013040396931719385
SC_std_abs=0.013797387783643778
---
run_4
TV=28374.557
FD=33.265805
IGSD=[10.145,10.285,10.852,10.581,10.293,9.776]
SC_pos=0.177685
SC_neg=0.822315
SC_avg=-0.018256488713024432
SC_std=0.047742883099277614
SC_avg_abs=0.03880163551949533
SC_std_abs=0.033273342900470876
---
combined
TV_avg=21230.0544
TV_std=5716.583636976988
FD_avg=21.5972386
FD_std=8.911973365383059
IGSD_avg=14.1251
IGSD_std=3.2847219501808675
SC_pos_avg=0.1680796
SC_neg_avg=0.8319204
SC_avg=-0.011523265633598038
SC_std=0.03610743443415391
SC_avg_abs=0.025149329549732022
SC_std_abs=0.028355664257395947