conf_id=23
---
run_0
TV=17711.392
FD=16.975583
IGSD=[16.91,16.966,16.183,16.704,15.827,17.924]
SC_pos=0.238166
SC_neg=0.761834
SC_avg=-0.0067316309645079585
SC_std=0.020348386721600505
SC_avg_abs=0.016336524341837248
SC_std_abs=0.01387406465469615
---
run_1
TV=18550.563
FD=16.170842
IGSD=[16.567,17.481,15.965,18.618,13.816,13.999]
SC_pos=0.236682
SC_neg=0.763318
SC_avg=-0.007007819363194681
SC_std=0.020445675449033158
SC_avg_abs=0.016217939360432972
SC_std_abs=0.014286833788341023
---
run_2
TV=17584.648
FD=16.107893
IGSD=[15.211,22.419,18.698,18.396,13.728,13.679]
SC_pos=0.24148
SC_neg=0.75852
SC_avg=-0.0059068239733769115
SC_std=0.018020470514304596
SC_avg_abs=0.01441567135709696
SC_std_abs=0.012321377615086546
---
run_3
TV=20189.668
FD=20.58588
IGSD=[14.898,14.271,14.856,14.924,14.264,14.66]
SC_pos=0.231288
SC_neg=0.768712
SC_avg=-0.009719086040177419
SC_std=0.02600682106486204
SC_avg_abs=0.02127720080967339
SC_std_abs=0.017835248836530343
---
run_4
TV=17760.086
FD=19.081845
IGSD=[16.285,15.842,16.529,17.062,16.295,17.468]
SC_pos=0.233069
SC_neg=0.766931
SC_avg=-0.006841939510954713
SC_std=0.019713801290790513
SC_avg_abs=0.015657347422513308
SC_std_abs=0.01379469351943176
---
combined
TV_avg=18359.2714
TV_std=976.2946749693152
FD_avg=17.7844086
FD_std=1.7663569173843205
IGSD_avg=16.21483333333334
IGSD_std=1.8566279843367177
SC_pos_avg=0.236137
SC_neg_avg=0.763863
SC_avg=-0.007241459970442334
SC_std=0.021119671218372417
SC_avg_abs=0.01678093665831079
SC_std_abs=0.014726826533419505