conf_id=107
---
run_0
TV=14128.572
FD=11.177916
IGSD=[18.237,18.397,20.793,19.641,18.503,23.691]
SC_pos=0.239255
SC_neg=0.760745
SC_avg=-0.0030254566620901884
SC_std=0.016489077379397185
SC_avg_abs=0.010375352581770561
SC_std_abs=0.013167958066529551
---
run_1
TV=12608.931
FD=9.18624
IGSD=[26.366,26.072,23.037,24.941,20.765,19.994]
SC_pos=0.25146
SC_neg=0.74854
SC_avg=-0.0032707815982324653
SC_std=0.010720271343379724
SC_avg_abs=0.008646755155569199
SC_std_abs=0.007131329134085885
---
run_2
TV=13000.41
FD=10.236364
IGSD=[22.765,24.994,21.933,24.444,20.712,22.257]
SC_pos=0.250513
SC_neg=0.749487
SC_avg=-0.0033631005883613574
SC_std=0.012234449360301342
SC_avg_abs=0.009615548846964403
SC_std_abs=0.0082784912326375
---
run_3
TV=13123.539
FD=9.455591
IGSD=[20.288,23.81,26.959,20.648,20.551,21.944]
SC_pos=0.236504
SC_neg=0.763496
SC_avg=-0.0036155104671902073
SC_std=0.014462139792627114
SC_avg_abs=0.010195288533866843
SC_std_abs=0.010875729632123715
---
run_4
TV=12040.391
FD=9.274089
IGSD=[25.152,23.318,22.423,23.251,26.982,22.416]
SC_pos=0.243763
SC_neg=0.756237
SC_avg=-0.00335099909265516
SC_std=0.012967501002795572
SC_avg_abs=0.008833466112793984
SC_std_abs=0.010067529667728834
---
combined
TV_avg=12980.368600000002
TV_std=687.1381590505945
FD_avg=9.866040000000002
FD_std=0.7535464036612476
IGSD_avg=22.509466666666665
IGSD_std=2.468287824023411
SC_pos_avg=0.244299
SC_neg_avg=0.755701
SC_avg=-0.0033251696817058773
SC_std=0.013520239649723851
SC_avg_abs=0.009533282246193002
SC_std_abs=0.010147421505610281