conf_id=244
---
run_0
TV=21330.076
FD=19.57781
IGSD=[13.662,11.423,12.914,12.414,22.721,12.113]
SC_pos=0.263499
SC_neg=0.736501
SC_avg=-0.006045290903642966
SC_std=0.032825209952795115
SC_avg_abs=0.022222381074176928
SC_std_abs=0.024903930010117092
---
run_1
TV=22378.917
FD=23.224261
IGSD=[12.984,11.591,16.781,13.86,10.976,13.322]
SC_pos=0.25254
SC_neg=0.74746
SC_avg=-0.00874121560843461
SC_std=0.03233272089514125
SC_avg_abs=0.02388369907470102
SC_std_abs=0.02348153762651352
---
run_2
TV=24473.779
FD=25.939433
IGSD=[11.431,13.181,11.396,10.867,12.329,13.689]
SC_pos=0.215358
SC_neg=0.784642
SC_avg=-0.01159936405823058
SC_std=0.03649761509647264
SC_avg_abs=0.028143823597351455
SC_std_abs=0.025972030101761433
---
run_3
TV=22978.524
FD=21.416251
IGSD=[12.62,13.2,12.081,12.626,11.315,15.785]
SC_pos=0.234988
SC_neg=0.765012
SC_avg=-0.010200073431761852
SC_std=0.03114536629636951
SC_avg_abs=0.024040213796237626
SC_std_abs=0.02227427799906317
---
run_4
TV=28639.299
FD=22.243267
IGSD=[9.716,10.809,10.367,10.198,9.711,10.387]
SC_pos=0.179606
SC_neg=0.820394
SC_avg=-0.01790153493370066
SC_std=0.051230776394007645
SC_avg_abs=0.040580960585128056
SC_std_abs=0.036031139877938864
---
combined
TV_avg=23960.119
TV_std=2551.055732777235
FD_avg=22.480204399999998
FD_std=2.103896962928708
IGSD_avg=12.548966666666667
IGSD_std=2.476554037142918
SC_pos_avg=0.2291982
SC_neg_avg=0.7708018
SC_avg=-0.010897495787154146
SC_std=0.03775666951982152
SC_avg_abs=0.02777421562551902
SC_std_abs=0.027801339069318903