conf_id=60
---
run_0
TV=12171.703
FD=10.742603
IGSD=[23.522,22.577,24.849,20.265,26.648,26.672]
SC_pos=0.235327
SC_neg=0.764673
SC_avg=-0.002867369686729065
SC_std=0.010992426444076202
SC_avg_abs=0.0078589564174258
SC_std_abs=0.008203173293171384
---
run_1
TV=14014.81
FD=12.299184
IGSD=[21.282,22.455,20.282,22.365,20.426,20.643]
SC_pos=0.240592
SC_neg=0.759408
SC_avg=-0.004688106810968942
SC_std=0.014729383573794646
SC_avg_abs=0.011334772875534253
SC_std_abs=0.010509805411856012
---
run_2
TV=12900.132
FD=11.742797
IGSD=[20.394,24.735,24.29,21.346,21.005,24.176]
SC_pos=0.237326
SC_neg=0.762674
SC_avg=-0.0033235207552659205
SC_std=0.01256975357866907
SC_avg_abs=0.008994120542574785
SC_std_abs=0.009388838634505417
---
run_3
TV=13524.859
FD=12.318591
IGSD=[21.541,20.363,22.72,19.944,21.925,23.691]
SC_pos=0.246546
SC_neg=0.753454
SC_avg=-0.00384219803668107
SC_std=0.015155438155562084
SC_avg_abs=0.011163975446433208
SC_std_abs=0.010946024103371024
---
run_4
TV=14384.802
FD=13.952293
IGSD=[19.109,21.136,21.079,21.239,19.379,19.579]
SC_pos=0.234819
SC_neg=0.765181
SC_avg=-0.004463812788440509
SC_std=0.017101574689157937
SC_avg_abs=0.01240527517944364
SC_std_abs=0.012589623869733833
---
combined
TV_avg=13399.261199999999
TV_std=790.1892043923152
FD_avg=12.211093599999998
FD_std=1.0418116248150808
IGSD_avg=21.9879
IGSD_std=2.004576004213027
SC_pos_avg=0.238922
SC_neg_avg=0.761078
SC_avg=-0.0038370016156171003
SC_std=0.014284671470712685
SC_avg_abs=0.010351420092282345
SC_std_abs=0.010565156056468577