conf_id=302
---
run_0
TV=15031.496
FD=13.516319
IGSD=[20.394,19.186,17.372,20.88,19.924,19.127]
SC_pos=0.238291
SC_neg=0.761709
SC_avg=-0.004774209838185169
SC_std=0.016716828426189538
SC_avg_abs=0.012626004775027167
SC_std_abs=0.01195112696069596
---
run_1
TV=12881.479
FD=11.2033
IGSD=[23.095,25.41,22.337,23.121,21.584,23.312]
SC_pos=0.263711
SC_neg=0.736289
SC_avg=-0.0027304195570981367
SC_std=0.011926930933301808
SC_avg_abs=0.008885052204181485
SC_std_abs=0.008412057998760195
---
run_2
TV=14123.448
FD=12.933965
IGSD=[18.577,24.464,22.368,21.993,19.629,19.801]
SC_pos=0.250195
SC_neg=0.749805
SC_avg=-0.0038965939544698238
SC_std=0.014621917554052434
SC_avg_abs=0.011174547196501815
SC_std_abs=0.010203598010342773
---
run_3
TV=14196.345
FD=12.86503
IGSD=[23.062,18.192,19.166,20.042,22.896,22.451]
SC_pos=0.253487
SC_neg=0.746513
SC_avg=-0.004246949692730664
SC_std=0.013322152513467193
SC_avg_abs=0.010941704798664261
SC_std_abs=0.008706056821750746
---
run_4
TV=13606.909
FD=11.530624
IGSD=[22.32,22.507,18.621,21.008,20.64,23.783]
SC_pos=0.234404
SC_neg=0.765596
SC_avg=-0.003570766368513615
SC_std=0.012915125755130681
SC_avg_abs=0.009526309041931014
SC_std_abs=0.009423390141927232
---
combined
TV_avg=13967.935399999998
TV_std=709.6821590826698
FD_avg=12.4098476
FD_std=0.8871257267302307
IGSD_avg=21.242066666666666
IGSD_std=1.9938521833097078
SC_pos_avg=0.2480176
SC_neg_avg=0.7519824
SC_avg=-0.003843787882199481
SC_std=0.014015205104856869
SC_avg_abs=0.010630723603261153
SC_std_abs=0.009909005756664806