conf_id=110
---
run_0
TV=8746.873
FD=6.389796
IGSD=[30.203,32.717,29.949,28.952,27.908,30.199]
SC_pos=0.191956
SC_neg=0.808044
SC_avg=-0.001934083464702687
SC_std=0.010590654143648773
SC_avg_abs=0.005399808519206494
SC_std_abs=0.009313683588931195
---
run_1
TV=10028.109
FD=6.814408
IGSD=[25.32,27.945,33.693,27.661,22.963,25.478]
SC_pos=0.209608
SC_neg=0.790392
SC_avg=-0.002119910549989602
SC_std=0.010982126534921642
SC_avg_abs=0.005907473872105193
SC_std_abs=0.009497519487707395
---
run_2
TV=9899.149
FD=6.980134
IGSD=[28.733,27.99,26.99,28.499,29.529,28.882]
SC_pos=0.219194
SC_neg=0.780806
SC_avg=-0.002527505557382342
SC_std=0.010076745166738593
SC_avg_abs=0.006244005927039187
SC_std_abs=0.00830309987180015
---
run_3
TV=10465.53
FD=6.738797
IGSD=[24.938,24.522,27.395,25.478,23.786,28.594]
SC_pos=0.191269
SC_neg=0.808731
SC_avg=-0.0025336946063583264
SC_std=0.011976022825588583
SC_avg_abs=0.0066311957880882625
SC_std_abs=0.010289410745875999
---
run_4
TV=10047.752
FD=7.228597
IGSD=[28.754,26.596,24.626,27.616,28.135,25.866]
SC_pos=0.209633
SC_neg=0.790367
SC_avg=-0.0021963721214195743
SC_std=0.011702668544154452
SC_avg_abs=0.006606544472025414
SC_std_abs=0.009906062370550752
---
combined
TV_avg=9837.4826
TV_std=577.6205027699765
FD_avg=6.830346400000001
FD_std=0.2770414574352366
IGSD_avg=27.6639
IGSD_std=2.4123348903776467
SC_pos_avg=0.204332
SC_neg_avg=0.795668
SC_avg=-0.002262313259970505
SC_std=0.011090209751866774
SC_avg_abs=0.00615780571569291
SC_std_abs=0.009496959639506683