conf_id=93
---
run_0
TV=12074.428
FD=8.97411
IGSD=[21.185,26.22,23.374,24.418,20.963,20.902]
SC_pos=0.196916
SC_neg=0.803084
SC_avg=-0.0032370343654993523
SC_std=0.014710012044419265
SC_avg_abs=0.008544065119858174
SC_std_abs=0.012404104040921564
---
run_1
TV=25449.667
FD=29.318373
IGSD=[12.849,10.985,10.521,11.718,12.046,11.825]
SC_pos=0.207158
SC_neg=0.792842
SC_avg=-0.014407105597650577
SC_std=0.03657672765618762
SC_avg_abs=0.02993384984050022
SC_std_abs=0.025483059695867758
---
run_2
TV=12167.841
FD=8.992816
IGSD=[25.875,22.389,23.6,21.295,21.432,21.057]
SC_pos=0.193442
SC_neg=0.806558
SC_avg=-0.0034086470936677644
SC_std=0.014255915764649772
SC_avg_abs=0.008786116521953076
SC_std_abs=0.011732611208108057
---
run_3
TV=9740.17
FD=7.015127
IGSD=[27.447,26.106,26.515,27.486,27.405,27.747]
SC_pos=0.188015
SC_neg=0.811985
SC_avg=-0.002570069984591466
SC_std=0.01127798151239798
SC_avg_abs=0.006508974155549967
SC_std_abs=0.00956197585031834
---
run_4
TV=24983.864
FD=26.950743
IGSD=[12.143,11.189,11.079,11.105,11.597,14.114]
SC_pos=0.211954
SC_neg=0.788046
SC_avg=-0.012945879260589167
SC_std=0.03659464646725322
SC_avg_abs=0.02880225023544864
SC_std_abs=0.026022957581097492
---
combined
TV_avg=16883.194
TV_std=6861.295655057725
FD_avg=16.2502338
FD_std=9.75885697788374
IGSD_avg=19.219566666666665
IGSD_std=6.436463390627564
SC_pos_avg=0.199497
SC_neg_avg=0.800503
SC_avg=-0.0073137472603996695
SC_std=0.025923896792468492
SC_avg_abs=0.016515051174662013
SC_std_abs=0.021278919347416506