conf_id=198
---
run_0
TV=11529.944
FD=8.269065
IGSD=[23.345,24.349,27.253,21.843,23.461,23.31]
SC_pos=0.212718
SC_neg=0.787282
SC_avg=-0.0030627059853961984
SC_std=0.012204834309265031
SC_avg_abs=0.00751635242515325
SC_std_abs=0.01009170920560474
---
run_1
TV=10861.171
FD=8.035651
IGSD=[25.416,24.971,26.823,26.12,27.004,26.389]
SC_pos=0.220737
SC_neg=0.779263
SC_avg=-0.0027315607611351884
SC_std=0.009808692323240897
SC_avg_abs=0.006574100861077764
SC_std_abs=0.007775157049999379
---
run_2
TV=14579.452
FD=10.914261
IGSD=[22.028,18.373,18.039,21.468,19.084,18.81]
SC_pos=0.214252
SC_neg=0.785748
SC_avg=-0.005542513724579462
SC_std=0.015348289583175407
SC_avg_abs=0.011360728346350341
SC_std_abs=0.011714235056400148
---
run_3
TV=12410.938
FD=9.52202
IGSD=[23.075,24.029,23.195,23.787,22.892,22.456]
SC_pos=0.215739
SC_neg=0.784261
SC_avg=-0.003867011690477834
SC_std=0.011435697686976855
SC_avg_abs=0.008497989480610426
SC_std_abs=0.008573980160325458
---
run_4
TV=13079.202
FD=10.128306
IGSD=[20.337,25.824,24.207,24.238,18.792,18.968]
SC_pos=0.22542
SC_neg=0.77458
SC_avg=-0.0041692633531996565
SC_std=0.013131956620546078
SC_avg_abs=0.009407676866749539
SC_std_abs=0.010066114322968087
---
combined
TV_avg=12492.141399999999
TV_std=1287.9431636030524
FD_avg=9.3738606
FD_std=1.0931926374634253
IGSD_avg=22.996199999999998
IGSD_std=2.7050325617263833
SC_pos_avg=0.2177732
SC_neg_avg=0.7822268
SC_avg=-0.0038746111029576654
SC_std=0.012560226238951101
SC_avg_abs=0.00867136959598826
SC_std_abs=0.009878220674927692