conf_id=14
---
run_0
TV=13447.526
FD=10.791176
IGSD=[19.979,18.284,20.092,18.086,22.512,23.117]
SC_pos=0.200889
SC_neg=0.799111
SC_avg=-0.0029666347786692637
SC_std=0.018799905579970935
SC_avg_abs=0.010581453657675929
SC_std_abs=0.0158199307905025
---
run_1
TV=17740.347
FD=14.267319
IGSD=[16.006,15.525,18.19,17.526,15.187,15.854]
SC_pos=0.208152
SC_neg=0.791848
SC_avg=-0.006941640229922211
SC_std=0.022018242469224705
SC_avg_abs=0.01636996747528223
SC_std_abs=0.016279236326481865
---
run_2
TV=11889.439
FD=8.014148
IGSD=[24.662,23.93,24.599,24.846,24.862,24.3]
SC_pos=0.221025
SC_neg=0.778975
SC_avg=-0.0031181011265999274
SC_std=0.011175987457156205
SC_avg_abs=0.007930064200566711
SC_std_abs=0.008469907440645786
---
run_3
TV=14168.923
FD=10.056633
IGSD=[24.232,17.43,17.757,15.56,16.541,16.721]
SC_pos=0.164561
SC_neg=0.835439
SC_avg=-0.005824350100334383
SC_std=0.021025347225460983
SC_avg_abs=0.01264936069806774
SC_std_abs=0.0177758812432083
---
run_4
TV=9712.118
FD=6.248982
IGSD=[32.218,30.218,28.266,29.485,28.18,28.541]
SC_pos=0.22402
SC_neg=0.77598
SC_avg=-0.0019723369337509913
SC_std=0.008604385035771529
SC_avg_abs=0.005654404426515795
SC_std_abs=0.006778883787574904
---
combined
TV_avg=13391.670600000001
TV_std=2657.5942002923325
FD_avg=9.8756516
FD_std=2.712032809047162
IGSD_avg=21.756866666666667
IGSD_std=5.044907688176487
SC_pos_avg=0.2037294
SC_neg_avg=0.7962706
SC_avg=-0.0041646126338553534
SC_std=0.017303443792699005
SC_avg_abs=0.01063705009162169
SC_std_abs=0.014269069024484129