conf_id=122
---
run_0
TV=15230.6
FD=13.220844
IGSD=[19.214,17.295,16.63,20.566,23.038,20.009]
SC_pos=0.229007
SC_neg=0.770993
SC_avg=-0.005140116760349058
SC_std=0.016212508678797467
SC_avg_abs=0.012538071275466519
SC_std_abs=0.011491866978930175
---
run_1
TV=17124.982
FD=16.791432
IGSD=[17.487,16.783,16.244,16.733,16.944,18.393]
SC_pos=0.249718
SC_neg=0.750282
SC_avg=-0.005830113438592161
SC_std=0.023763041724674493
SC_avg_abs=0.017331383948727463
SC_std_abs=0.017271233457320456
---
run_2
TV=16815.108
FD=17.372833
IGSD=[17.407,16.153,16.736,17.147,17.494,19.455]
SC_pos=0.24391
SC_neg=0.75609
SC_avg=-0.005953140192003396
SC_std=0.025103790249421484
SC_avg_abs=0.0179000258458697
SC_std_abs=0.01858034546906467
---
run_3
TV=16488.366
FD=14.700772
IGSD=[19.451,17.475,17.203,18.468,17.511,16.688]
SC_pos=0.24624
SC_neg=0.75376
SC_avg=-0.006244189552560994
SC_std=0.022104027534630328
SC_avg_abs=0.01684070491061928
SC_std_abs=0.015619494054976668
---
run_4
TV=14784.749
FD=13.564829
IGSD=[18.854,25.587,23.59,19.825,16.456,16.527]
SC_pos=0.246047
SC_neg=0.753953
SC_avg=-0.0038785426732681136
SC_std=0.01672632423768458
SC_avg_abs=0.012061723042554704
SC_std_abs=0.01221997761934208
---
combined
TV_avg=16088.761000000002
TV_std=916.2866013797212
FD_avg=15.130142000000001
FD_std=1.6774700964997262
IGSD_avg=18.378766666666667
IGSD_std=2.2681105746609638
SC_pos_avg=0.2429844
SC_neg_avg=0.7570156
SC_avg=-0.005409220523354746
SC_std=0.021117156032758235
SC_avg_abs=0.015334381804647565
SC_std_abs=0.015493568996568683