conf_id=253
---
run_0
TV=9555.457
FD=6.875063
IGSD=[27.02,26.525,27.198,27.464,26.633,26.464]
SC_pos=0.187981
SC_neg=0.812019
SC_avg=-0.002824216500746726
SC_std=0.011291931836675487
SC_avg_abs=0.006291373356014566
SC_std_abs=0.009792984465547034
---
run_1
TV=10869.143
FD=7.409495
IGSD=[22.909,23.462,24.316,24.983,22.639,22.686]
SC_pos=0.163444
SC_neg=0.836556
SC_avg=-0.003555981032363889
SC_std=0.014562529604659154
SC_avg_abs=0.007924665793152603
SC_std_abs=0.012724462332685928
---
run_2
TV=9954.515
FD=7.19424
IGSD=[26.393,25.256,26.866,26.385,26.351,25.348]
SC_pos=0.186444
SC_neg=0.813556
SC_avg=-0.002965486401978671
SC_std=0.01212772684513764
SC_avg_abs=0.006747896206581609
SC_std_abs=0.010504368844237819
---
run_3
TV=11927.15
FD=8.287614
IGSD=[25.647,22.463,23.374,24.391,22.316,22.432]
SC_pos=0.201228
SC_neg=0.798772
SC_avg=-0.0037965118969233254
SC_std=0.011798805800644145
SC_avg_abs=0.008069151904574991
SC_std_abs=0.009408193686658883
---
run_4
TV=10912.034
FD=7.576772
IGSD=[27.818,24.454,23.745,24.099,24.834,25.38]
SC_pos=0.200156
SC_neg=0.799844
SC_avg=-0.002604197622783766
SC_std=0.011858171272450554
SC_avg_abs=0.0070997784147302945
SC_std_abs=0.009848411935282457
---
combined
TV_avg=10643.6598
TV_std=828.1691092402323
FD_avg=7.4686368000000005
FD_std=0.47191907950469636
IGSD_avg=24.99503333333333
IGSD_std=1.6740297186396929
SC_pos_avg=0.1878506
SC_neg_avg=0.8121494
SC_avg=-0.0031492786909592774
SC_std=0.012389557472245263
SC_avg_abs=0.007226573135010821
SC_std_abs=0.010544938660596304