conf_id=118
---
run_0
TV=8581.987
FD=5.861705
IGSD=[31.665,32.129,30.205,33.11,30.295,31.701]
SC_pos=0.206672
SC_neg=0.793328
SC_avg=-0.0018008056027040045
SC_std=0.008450685125004966
SC_avg_abs=0.004655039982675333
SC_std_abs=0.007279257012937816
---
run_1
TV=11323.13
FD=8.568725
IGSD=[22.918,27.951,25.685,25.078,23.108,22.551]
SC_pos=0.221487
SC_neg=0.778513
SC_avg=-0.0033354808812373457
SC_std=0.012035025581997169
SC_avg_abs=0.007912634770605942
SC_std_abs=0.009662167689262282
---
run_2
TV=9603.883
FD=6.465781
IGSD=[25.477,27.331,25.667,26.735,25.804,27.411]
SC_pos=0.173334
SC_neg=0.826666
SC_avg=-0.0028606457716647414
SC_std=0.012355068976167517
SC_avg_abs=0.006400635013991291
SC_std_abs=0.01094819140563724
---
run_3
TV=9626.035
FD=6.919072
IGSD=[27.447,28.975,31.97,29.316,26.577,27.655]
SC_pos=0.210354
SC_neg=0.789646
SC_avg=-0.0022990822551236267
SC_std=0.009748424007272223
SC_avg_abs=0.00597988632587785
SC_std_abs=0.008034831010728534
---
run_4
TV=10906.816
FD=7.848016
IGSD=[23.991,26.133,23.184,25.693,24.821,27.72]
SC_pos=0.209212
SC_neg=0.790788
SC_avg=-0.0028377861197662986
SC_std=0.011365788368201998
SC_avg_abs=0.007076048294627524
SC_std_abs=0.009336151017651388
---
combined
TV_avg=10008.370200000001
TV_std=987.9430470020832
FD_avg=7.132659800000001
FD_std=0.9674389838507442
IGSD_avg=27.276766666666667
IGSD_std=2.9226365001864707
SC_pos_avg=0.2042118
SC_neg_avg=0.7957882
SC_avg=-0.002626760126099202
SC_std=0.010904197891998235
SC_avg_abs=0.006404848877555593
SC_std_abs=0.00920756815253617