conf_id=133
---
run_0
TV=10835.158
FD=7.529268
IGSD=[28.807,23.113,22.551,28.705,26.063,25.16]
SC_pos=0.218428
SC_neg=0.781572
SC_avg=-0.002884114332550001
SC_std=0.009762104359676248
SC_avg_abs=0.006528416577426166
SC_std_abs=0.007810030345908879
---
run_1
TV=9424.996
FD=6.971975
IGSD=[27.923,26.086,26.922,28.644,29.125,29.236]
SC_pos=0.193101
SC_neg=0.806899
SC_avg=-0.0024730875468362075
SC_std=0.01069070594677439
SC_avg_abs=0.006034010544997415
SC_std_abs=0.009165046229974706
---
run_2
TV=9701.61
FD=6.17174
IGSD=[31.789,27.391,30.077,32.808,25.814,24.627]
SC_pos=0.210573
SC_neg=0.789427
SC_avg=-0.0021240138233476593
SC_std=0.008798634983889277
SC_avg_abs=0.005331193988265139
SC_std_abs=0.0073147647235558945
---
run_3
TV=8904.89
FD=6.060997
IGSD=[34.946,26.898,27.588,31.718,29.657,29.065]
SC_pos=0.19952
SC_neg=0.80048
SC_avg=-0.00223195211876457
SC_std=0.008999429527517385
SC_avg_abs=0.005126852936710704
SC_std_abs=0.007725718157333354
---
run_4
TV=9992.121
FD=7.148047
IGSD=[32.973,29.486,28.245,29.658,24.332,24.736]
SC_pos=0.217094
SC_neg=0.782906
SC_avg=-0.0024236075541360373
SC_std=0.009300598760432863
SC_avg_abs=0.005864333875849263
SC_std_abs=0.0076147619182478305
---
combined
TV_avg=9771.755
TV_std=641.2494316092607
FD_avg=6.7764054
FD_std=0.5693147576729765
IGSD_avg=28.138099999999998
IGSD_std=2.9069557197636615
SC_pos_avg=0.2077432
SC_neg_avg=0.7922568
SC_avg=-0.002427355075126896
SC_std=0.009537690020389155
SC_avg_abs=0.005776961584649736
SC_std_abs=0.0079678289662402