conf_id=163
---
run_0
TV=19311.439
FD=15.493817
IGSD=[12.349,11.385,19.408,9.474,28.883,22.257]
SC_pos=0.26818
SC_neg=0.73182
SC_avg=-0.005850006894026453
SC_std=0.020393448652880217
SC_avg_abs=0.015428309008168679
SC_std_abs=0.014563056333279773
---
run_1
TV=25253.282
FD=20.804378
IGSD=[11.658,12.207,11.091,11.31,12.005,11.888]
SC_pos=0.210776
SC_neg=0.789224
SC_avg=-0.012846356738760516
SC_std=0.038001695180520385
SC_avg_abs=0.029435453210084787
SC_std_abs=0.027252739538798545
---
run_2
TV=24878.546
FD=28.974094
IGSD=[9.908,13.905,14.661,12.06,11.287,10.377]
SC_pos=0.209985
SC_neg=0.790015
SC_avg=-0.012594096909920463
SC_std=0.035040321734019546
SC_avg_abs=0.027724593220293574
SC_std_abs=0.024855227920285158
---
run_3
TV=25313.112
FD=26.096431
IGSD=[13.648,10.626,10.602,13.341,11.195,10.573]
SC_pos=0.210526
SC_neg=0.789474
SC_avg=-0.013958176609463933
SC_std=0.03669693622615768
SC_avg_abs=0.029506583912720645
SC_std_abs=0.02590091366051102
---
run_4
TV=20349.245
FD=18.773141
IGSD=[10.472,15.964,21.13,12.799,11.359,16.463]
SC_pos=0.263716
SC_neg=0.736284
SC_avg=-0.004054346247649345
SC_std=0.02842455082938812
SC_avg_abs=0.018660274098546575
SC_std_abs=0.02182170900537832
---
combined
TV_avg=23021.124799999998
TV_std=2630.0743337424824
FD_avg=22.0283722
FD_std=4.890547154505042
IGSD_avg=13.476166666666666
IGSD_std=4.241656846746982
SC_pos_avg=0.2326366
SC_neg_avg=0.7673634
SC_avg=-0.009860596679964143
SC_std=0.03263568682421726
SC_avg_abs=0.024151042689962838
SC_std_abs=0.024063386261307874