conf_id=82
---
run_0
TV=20977.792
FD=19.31577
IGSD=[13.321,10.697,12.657,9.651,28.319,17.795]
SC_pos=0.237518
SC_neg=0.762482
SC_avg=-0.007945547369471402
SC_std=0.023356243651406896
SC_avg_abs=0.01769303446731235
SC_std_abs=0.017193090817037415
---
run_1
TV=20478.904
FD=16.622003
IGSD=[13.129,12.167,10.936,9.786,15.825,34.42]
SC_pos=0.253654
SC_neg=0.746346
SC_avg=-0.006372249876692612
SC_std=0.0242208480144629
SC_avg_abs=0.017260431748551266
SC_std_abs=0.018147521673339426
---
run_2
TV=22680.254
FD=23.806886
IGSD=[13.13,12.698,12.938,13.614,11.828,13.04]
SC_pos=0.240533
SC_neg=0.759467
SC_avg=-0.008257089356455825
SC_std=0.03109609614661269
SC_avg_abs=0.02310087557397843
SC_std_abs=0.022394112349352954
---
run_3
TV=24913.744
FD=26.989803
IGSD=[10.999,13.715,12.58,13.155,10.44,10.57]
SC_pos=0.211162
SC_neg=0.788838
SC_avg=-0.012826360644411602
SC_std=0.0347954893942266
SC_avg_abs=0.027408095743440313
SC_std_abs=0.0249807505348149
---
run_4
TV=30983.722
FD=36.582943
IGSD=[9.524,9.319,9.252,9.543,9.3,9.234]
SC_pos=0.158315
SC_neg=0.841685
SC_avg=-0.021948889741346567
SC_std=0.05791528771321358
SC_avg_abs=0.04689278478636569
SC_std_abs=0.04045986958409145
---
combined
TV_avg=24006.8832
TV_std=3817.869875194932
FD_avg=24.663480999999997
FD_std=6.949568112842092
IGSD_avg=13.1194
IGSD_std=5.337338810056313
SC_pos_avg=0.2202364
SC_neg_avg=0.7797636
SC_avg=-0.011470027397675601
SC_std=0.03694432537363267
SC_avg_abs=0.02647104446392961
SC_std_abs=0.028208660209320984