conf_id=217
---
run_0
TV=8940.481
FD=6.252081
IGSD=[31.511,28.978,29.656,33.423,33.207,36.308]
SC_pos=0.225838
SC_neg=0.774162
SC_avg=-0.0017853924959004436
SC_std=0.00712512431066217
SC_avg_abs=0.00473348566625162
SC_std_abs=0.005616861779872914
---
run_1
TV=10063.94
FD=6.644791
IGSD=[25.009,26.296,36.355,32.656,25.21,25.993]
SC_pos=0.23559
SC_neg=0.76441
SC_avg=-0.0017858953853644064
SC_std=0.009041719430508422
SC_avg_abs=0.005613234217677722
SC_std_abs=0.007309836811105388
---
run_2
TV=8646.973
FD=5.570114
IGSD=[33.832,29.418,29.979,33.926,36.059,34.439]
SC_pos=0.213316
SC_neg=0.786684
SC_avg=-0.0016084475024014445
SC_std=0.0070087786139606395
SC_avg_abs=0.004367534970983323
SC_std_abs=0.005712680570864362
---
run_3
TV=10516.345
FD=7.341653
IGSD=[28.573,27.42,26.021,28.058,26.415,26.227]
SC_pos=0.206234
SC_neg=0.793766
SC_avg=-0.0025429802722052434
SC_std=0.009908852722486611
SC_avg_abs=0.006253557336836051
SC_std_abs=0.008095994786044475
---
run_4
TV=8793.007
FD=5.710942
IGSD=[31.996,36.741,32.557,31.957,28.978,33.308]
SC_pos=0.243951
SC_neg=0.756049
SC_avg=-0.0013686997241833592
SC_std=0.007642123241417743
SC_avg_abs=0.0045724546857154255
SC_std_abs=0.0062743959644794445
---
combined
TV_avg=9392.1492
TV_std=752.7791420411169
FD_avg=6.3039162
FD_std=0.6458891938868151
IGSD_avg=30.68353333333333
IGSD_std=3.6069846754441426
SC_pos_avg=0.2249858
SC_neg_avg=0.7750142
SC_avg=-0.0018182830760109776
SC_std=0.008234123477480919
SC_avg_abs=0.005108053375492825
SC_std_abs=0.0067093020128793325