conf_id=186
---
run_0
TV=16310.173
FD=13.160534
IGSD=[17.317,19.457,17.702,17.76,18.027,17.727]
SC_pos=0.2254
SC_neg=0.7746
SC_avg=-0.006194112347933197
SC_std=0.016635102723074037
SC_avg_abs=0.013247442647464898
SC_std_abs=0.0118151992656989
---
run_1
TV=15484.084
FD=12.210705
IGSD=[19.48,19.051,17.813,20.631,17.453,18.577]
SC_pos=0.235576
SC_neg=0.764424
SC_avg=-0.004633812981147076
SC_std=0.015201474431161335
SC_avg_abs=0.011407798283317349
SC_std_abs=0.0110643204017527
---
run_2
TV=17396.347
FD=15.820252
IGSD=[17.58,16.708,16.635,17.363,15.578,16.697]
SC_pos=0.227748
SC_neg=0.772252
SC_avg=-0.007256946907437246
SC_std=0.022624803044678815
SC_avg_abs=0.017045251124244865
SC_std_abs=0.016553078424851982
---
run_3
TV=16129.367
FD=14.983925
IGSD=[14.325,22.629,22.335,16.344,16.756,19.502]
SC_pos=0.237377
SC_neg=0.762623
SC_avg=-0.004246911132525673
SC_std=0.018565072113607674
SC_avg_abs=0.012808970632891159
SC_std_abs=0.014093559808535092
---
run_4
TV=16593.754
FD=14.413129
IGSD=[18.413,17.751,17.687,17.343,17.717,19.543]
SC_pos=0.24308
SC_neg=0.75692
SC_avg=-0.00540687387668168
SC_std=0.016494889752317617
SC_avg_abs=0.013417251289948938
SC_std_abs=0.011013311985130498
---
combined
TV_avg=16382.745
TV_std=624.3352483200035
FD_avg=14.117709
FD_std=1.287563904320558
IGSD_avg=18.06336666666667
IGSD_std=1.7199598150990496
SC_pos_avg=0.2338362
SC_neg_avg=0.7661638
SC_avg=-0.005547731449144976
SC_std=0.0181235919060805
SC_avg_abs=0.013585342795573434
SC_std_abs=0.013216670115302854