conf_id=80
---
run_0
TV=27175.148
FD=29.790391
IGSD=[10.627,11.097,11.325,11.493,10.102,10.312]
SC_pos=0.188114
SC_neg=0.811886
SC_avg=-0.01639156401495889
SC_std=0.042610434646277257
SC_avg_abs=0.0342905262872429
SC_std_abs=0.030141206321994882
---
run_1
TV=23671.739
FD=22.715518
IGSD=[12.25,11.163,13.004,10.741,14.318,14.154]
SC_pos=0.229417
SC_neg=0.770583
SC_avg=-0.010621199153672708
SC_std=0.03201599190321144
SC_avg_abs=0.0249269865451835
SC_std_abs=0.022726173254305693
---
run_2
TV=22927.09
FD=26.5098
IGSD=[11.381,13.621,14.827,12.978,13.168,11.134]
SC_pos=0.239317
SC_neg=0.760683
SC_avg=-0.009478564126362202
SC_std=0.0297446744811794
SC_avg_abs=0.022500824884188673
SC_std_abs=0.02164027997554472
---
run_3
TV=29803.017
FD=40.572207
IGSD=[9.929,9.658,9.642,9.887,9.543,9.903]
SC_pos=0.170375
SC_neg=0.829625
SC_avg=-0.019548963291218236
SC_std=0.0549975476891013
SC_avg_abs=0.04360339273103874
SC_std_abs=0.03880253032882219
---
run_4
TV=26533.176
FD=30.424027
IGSD=[12.209,10.118,10.339,10.953,11.335,11.915]
SC_pos=0.198972
SC_neg=0.801028
SC_avg=-0.015432579672705077
SC_std=0.040407983022736654
SC_avg_abs=0.03252154802073177
SC_std_abs=0.028518739832878347
---
combined
TV_avg=26022.034000000003
TV_std=2489.551583623444
FD_avg=30.0023886
FD_std=5.953829712071604
IGSD_avg=11.437533333333333
IGSD_std=1.4825617408916079
SC_pos_avg=0.205239
SC_neg_avg=0.794761
SC_avg=-0.01429457405178342
SC_std=0.04111676676682023
SC_avg_abs=0.03156865569367711
SC_std_abs=0.029972376188301765