conf_id=264
---
run_0
TV=19600.858
FD=18.580464
IGSD=[17.948,12.242,12.1,16.278,14.687,15.285]
SC_pos=0.226592
SC_neg=0.773408
SC_avg=-0.008161934216219899
SC_std=0.024574397225330384
SC_avg_abs=0.0192570653336177
SC_std_abs=0.017311372096832953
---
run_1
TV=17273.593
FD=14.759872
IGSD=[18.209,17.408,17.397,19.753,15.199,15.378]
SC_pos=0.243292
SC_neg=0.756708
SC_avg=-0.005424676988590862
SC_std=0.019320008744620976
SC_avg_abs=0.01468619051703497
SC_std_abs=0.013675001514447097
---
run_2
TV=16930.376
FD=14.671598
IGSD=[19.728,14.681,15.215,11.998,26.227,24.02]
SC_pos=0.245611
SC_neg=0.754389
SC_avg=-0.005522376895862011
SC_std=0.01462181014946387
SC_avg_abs=0.01200733027198536
SC_std_abs=0.010005898178893259
---
run_3
TV=16818.91
FD=13.563516
IGSD=[15.277,13.339,20.399,14.972,24.692,19.624]
SC_pos=0.255587
SC_neg=0.744413
SC_avg=-0.0036334677924787003
SC_std=0.017763346461983225
SC_avg_abs=0.01255907233655646
SC_std_abs=0.013077012952986411
---
run_4
TV=16538.625
FD=14.713303
IGSD=[18.744,16.323,17.948,17.056,21.525,17.241]
SC_pos=0.236475
SC_neg=0.763525
SC_avg=-0.006074929986525165
SC_std=0.018110397016184176
SC_avg_abs=0.014863117696626033
SC_std_abs=0.011999124416441286
---
combined
TV_avg=17432.472400000002
TV_std=1109.4738899230751
FD_avg=15.2577506
FD_std=1.7203916053240433
IGSD_avg=17.3631
IGSD_std=3.4933886829266503
SC_pos_avg=0.2415114
SC_neg_avg=0.7584886
SC_avg=-0.005763477175935324
SC_std=0.01920959906116061
SC_avg_abs=0.014674555231164102
SC_std_abs=0.013670544759283877