conf_id=74
---
run_0
TV=10144.477
FD=6.856275
IGSD=[28.73,25.59,25.713,31.772,29.899,28.164]
SC_pos=0.228759
SC_neg=0.771241
SC_avg=-0.0020889854699535017
SC_std=0.010090818693420581
SC_avg_abs=0.006494240431308407
SC_std_abs=0.008000832670261407
---
run_1
TV=8604.143
FD=5.820535
IGSD=[32.678,31.448,31.988,34.079,33.384,34.348]
SC_pos=0.222092
SC_neg=0.777908
SC_avg=-0.0014824554831428434
SC_std=0.007460420487520594
SC_avg_abs=0.004550803478896533
SC_std_abs=0.006094730166839261
---
run_2
TV=8022.116
FD=5.242266
IGSD=[34.631,32.409,32.826,33.239,43.065,37.033]
SC_pos=0.224185
SC_neg=0.775815
SC_avg=-0.0012121325340598513
SC_std=0.006455099718511073
SC_avg_abs=0.00380971467617823
SC_std_abs=0.005350107638371428
---
run_3
TV=8373.775
FD=5.739813
IGSD=[30.496,32.45,35.146,32.707,33.438,31.681]
SC_pos=0.2082
SC_neg=0.7918
SC_avg=-0.0014581417863682616
SC_std=0.008889127783188778
SC_avg_abs=0.004685427694840191
SC_std_abs=0.007693473697325316
---
run_4
TV=9850.987
FD=7.002851
IGSD=[28.04,31.688,33.382,27.108,27.547,28.627]
SC_pos=0.23615
SC_neg=0.76385
SC_avg=-0.0015416526647922242
SC_std=0.008105387838032002
SC_avg_abs=0.005188806166399839
SC_std_abs=0.006414849609406992
---
combined
TV_avg=8999.099600000001
TV_std=841.3227747573699
FD_avg=6.132348
FD_std=0.6819681538394591
IGSD_avg=31.77686666666666
IGSD_std=3.494950822098773
SC_pos_avg=0.2238772
SC_neg_avg=0.7761228
SC_avg=-0.0015566735876633355
SC_std=0.008297978305942666
SC_avg_abs=0.004945798489524644
SC_std_abs=0.006842423103363274