conf_id=218
---
run_0
TV=13142.252
FD=10.421228
IGSD=[21.752,21.632,21.667,22.119,21.819,22.5]
SC_pos=0.236848
SC_neg=0.763152
SC_avg=-0.004429278217594324
SC_std=0.014946132728225195
SC_avg_abs=0.010666380194373742
SC_std_abs=0.011368101099464744
---
run_1
TV=8880.566
FD=6.767023
IGSD=[30.395,29.46,30.467,29.373,26.851,26.635]
SC_pos=0.172546
SC_neg=0.827454
SC_avg=-0.0021289953489317007
SC_std=0.011144192414711223
SC_avg_abs=0.005737823434406599
SC_std_abs=0.00978790212494253
---
run_2
TV=9972.44
FD=6.92615
IGSD=[28.727,28.289,26.899,24.308,28.792,28.317]
SC_pos=0.220428
SC_neg=0.779572
SC_avg=-0.002326720444834166
SC_std=0.008846068250314908
SC_avg_abs=0.005515378641088093
SC_std_abs=0.007297064475737354
---
run_3
TV=12566.042
FD=8.760745
IGSD=[25.238,20.553,20.821,25.617,21.323,20.768]
SC_pos=0.198043
SC_neg=0.801957
SC_avg=-0.004338261189010931
SC_std=0.014073968006194617
SC_avg_abs=0.009360942216053669
SC_std_abs=0.011369689811563558
---
run_4
TV=14324.127
FD=11.516905
IGSD=[20.443,19.819,19.75,20.284,19.316,19.346]
SC_pos=0.192489
SC_neg=0.807511
SC_avg=-0.005368435609866471
SC_std=0.016463184851906513
SC_avg_abs=0.011639560740173572
SC_std_abs=0.01282096650573335
---
combined
TV_avg=11777.0854
TV_std=2030.7694565798056
FD_avg=8.878410200000001
FD_std=1.8775016628350982
IGSD_avg=24.109333333333332
IGSD_std=3.754776232421255
SC_pos_avg=0.2040708
SC_neg_avg=0.7959292
SC_avg=-0.0037183381620475237
SC_std=0.013438906464889164
SC_avg_abs=0.00858401704521913
SC_std_abs=0.01098839829214276