conf_id=203
---
run_0
TV=25966.409
FD=30.830313
IGSD=[12.511,10.525,10.206,11.189,11.141,12.813]
SC_pos=0.202759
SC_neg=0.797241
SC_avg=-0.014371624767060777
SC_std=0.040262271773926855
SC_avg_abs=0.03189829102845402
SC_std_abs=0.028462135483951163
---
run_1
TV=26909.021
FD=33.271184
IGSD=[11.202,11.102,10.809,11.555,10.96,10.277]
SC_pos=0.202963
SC_neg=0.797037
SC_avg=-0.016340383380249176
SC_std=0.04251109374724893
SC_avg_abs=0.03528503512214251
SC_std_abs=0.028795269004301384
---
run_2
TV=25614.181
FD=32.051179
IGSD=[12.778,10.604,10.803,11.97,11.993,11.161]
SC_pos=0.209044
SC_neg=0.790956
SC_avg=-0.01416295573930959
SC_std=0.038154150395824545
SC_avg_abs=0.030595153460971025
SC_std_abs=0.026837754980632685
---
run_3
TV=25062.053
FD=29.990252
IGSD=[11.227,13.103,11.081,10.978,11.669,12.668]
SC_pos=0.215415
SC_neg=0.784585
SC_avg=-0.01224453789562411
SC_std=0.037879540555652715
SC_avg_abs=0.02906927913784661
SC_std_abs=0.02719862701297014
---
run_4
TV=23783.444
FD=24.369987
IGSD=[14.335,10.779,11.302,14.085,12.071,10.637]
SC_pos=0.226863
SC_neg=0.773137
SC_avg=-0.011240087583164195
SC_std=0.03461382632835008
SC_avg_abs=0.026321425847965433
SC_std_abs=0.02513243090702607
---
combined
TV_avg=25467.0216
TV_std=1034.2958025724752
FD_avg=30.102583
FD_std=3.073822531444976
IGSD_avg=11.584466666666668
IGSD_std=1.0365456971220435
SC_pos_avg=0.2114088
SC_neg_avg=0.7885912
SC_avg=-0.013671917873081562
SC_std=0.038814332421037816
SC_avg_abs=0.030633836919475924
SC_std_abs=0.027478023495332973