conf_id=144
---
run_0
TV=15098.118
FD=15.410005
IGSD=[17.045,19.469,21.419,18.496,19.383,18.671]
SC_pos=0.251912
SC_neg=0.748088
SC_avg=-0.004843492552155686
SC_std=0.02320225662281141
SC_avg_abs=0.016081771484413733
SC_std_abs=0.017412086561256267
---
run_1
TV=14182.695
FD=13.276086
IGSD=[20.397,21.787,19.931,21.724,19.848,20.634]
SC_pos=0.24442
SC_neg=0.75558
SC_avg=-0.0041945986952301164
SC_std=0.015283084081063483
SC_avg_abs=0.011657453219269653
SC_std_abs=0.010736438035187543
---
run_2
TV=15763.462
FD=15.149216
IGSD=[19.023,17.647,18.435,17.51,18.957,18.609]
SC_pos=0.243382
SC_neg=0.756618
SC_avg=-0.0060844863722776645
SC_std=0.02227509461356884
SC_avg_abs=0.016537952943568357
SC_std_abs=0.016115114858237748
---
run_3
TV=14721.558
FD=14.368694
IGSD=[19.396,17.136,20.787,18.602,20.041,20.585]
SC_pos=0.239312
SC_neg=0.760688
SC_avg=-0.004211695356981974
SC_std=0.018974405878356495
SC_avg_abs=0.013026254492714455
SC_std_abs=0.014425087525130303
---
run_4
TV=13156.121
FD=10.791318
IGSD=[19.636,24.412,22.74,20.387,24.234,20.843]
SC_pos=0.257886
SC_neg=0.742114
SC_avg=-0.003160501704009948
SC_std=0.01718076058848659
SC_avg_abs=0.011941740285076162
SC_std_abs=0.012749986054256403
---
combined
TV_avg=14584.3908
TV_std=880.2560432936319
FD_avg=13.799063799999999
FD_std=1.6770546594839892
IGSD_avg=19.92613333333333
IGSD_std=1.8033947383260884
SC_pos_avg=0.2473824
SC_neg_avg=0.7526176
SC_avg=-0.004498954936131078
SC_std=0.01963620660027913
SC_avg_abs=0.013849034485008457
SC_std_abs=0.014629608641355728