conf_id=9
---
run_0
TV=17437.493
FD=15.253618
IGSD=[16.454,17.075,17.675,15.476,16.128,16.079]
SC_pos=0.187634
SC_neg=0.812366
SC_avg=-0.007288700733046395
SC_std=0.020693845118820522
SC_avg_abs=0.015293979431577932
SC_std_abs=0.01573068902890506
---
run_1
TV=20744.166
FD=19.02142
IGSD=[12.758,17.206,14.782,16.107,11.87,12.166]
SC_pos=0.216363
SC_neg=0.783637
SC_avg=-0.007621589284301784
SC_std=0.028116811274563322
SC_avg_abs=0.020031509864854996
SC_std_abs=0.021151413948060575
---
run_2
TV=13803.148
FD=11.118617
IGSD=[19.175,19.338,19.747,21.069,21.075,19.287]
SC_pos=0.20113
SC_neg=0.79887
SC_avg=-0.0041582713227123185
SC_std=0.019381921376440583
SC_avg_abs=0.011860803041202574
SC_std_abs=0.01588305536896524
---
run_3
TV=14038.264
FD=10.662975
IGSD=[19.735,18.412,18.995,20.765,19.347,18.961]
SC_pos=0.173934
SC_neg=0.826066
SC_avg=-0.005065924222113575
SC_std=0.017954388595258126
SC_avg_abs=0.011778030585577186
SC_std_abs=0.014467261440194558
---
run_4
TV=21552.806
FD=19.742809
IGSD=[14.204,15.051,11.888,15.198,11.534,12.819]
SC_pos=0.231605
SC_neg=0.768395
SC_avg=-0.008518562869187209
SC_std=0.030534352208775716
SC_avg_abs=0.0220772609121152
SC_std_abs=0.022748783017652867
---
combined
TV_avg=17515.1754
TV_std=3243.5454679722075
FD_avg=15.159887800000002
FD_std=3.807295034986777
IGSD_avg=16.679199999999998
IGSD_std=2.9241197011522404
SC_pos_avg=0.2021332
SC_neg_avg=0.7978668
SC_avg=-0.00653060968627226
SC_std=0.023927582837089432
SC_avg_abs=0.016208316767065575
SC_std_abs=0.018774145809561358