conf_id=4
---
run_0
TV=26062.584
FD=32.769622
IGSD=[12.999,10.338,10.334,12.361,10.617,11.192]
SC_pos=0.203178
SC_neg=0.796822
SC_avg=-0.014791229200390615
SC_std=0.04023588652899066
SC_avg_abs=0.03173125600620175
SC_std_abs=0.02882419848497416
---
run_1
TV=21059.464
FD=21.752601
IGSD=[12.378,13.486,12.767,10.94,22.857,14.209]
SC_pos=0.252508
SC_neg=0.747492
SC_avg=-0.005114981159065889
SC_std=0.028686499939352753
SC_avg_abs=0.01968096381850136
SC_std_abs=0.02148808912404555
---
run_2
TV=21388.632
FD=20.249739
IGSD=[9.842,31.075,16.68,14.047,11.243,10.672]
SC_pos=0.236887
SC_neg=0.763113
SC_avg=-0.00677596405464162
SC_std=0.02912089852227887
SC_avg_abs=0.02082029575668134
SC_std_abs=0.02145823161910076
---
run_3
TV=25779.65
FD=26.870128
IGSD=[13.215,10.721,10.44,13.1,11.153,10.404]
SC_pos=0.211567
SC_neg=0.788433
SC_avg=-0.015239040802850858
SC_std=0.037101960470594775
SC_avg_abs=0.03093546179556162
SC_std_abs=0.02553000271930808
---
run_4
TV=26720.876
FD=23.310054
IGSD=[12.064,10.152,10.406,11.376,10.562,11.702]
SC_pos=0.199395
SC_neg=0.800605
SC_avg=-0.015851178788076542
SC_std=0.041449246356973266
SC_avg_abs=0.0332408487085397
SC_std_abs=0.029399759687259417
---
combined
TV_avg=24202.241199999997
TV_std=2453.000626610796
FD_avg=24.9904288
FD_std=4.468342959893718
IGSD_avg=12.777733333333334
IGSD_std=4.216518634555711
SC_pos_avg=0.220707
SC_neg_avg=0.779293
SC_avg=-0.011554478801005102
SC_std=0.03603131855135424
SC_avg_abs=0.027281765217097128
SC_std_abs=0.026219595411661658