conf_id=317
---
run_0
TV=7290.478
FD=5.040109
IGSD=[38.483,38.295,37.615,35.036,37.464,36.525]
SC_pos=0.216469
SC_neg=0.783531
SC_avg=-0.0012343701591054175
SC_std=0.0068932073438757215
SC_avg_abs=0.003535007500881323
SC_std_abs=0.006045138471868524
---
run_1
TV=9366.262
FD=6.424307
IGSD=[30.468,28.749,28.457,29.195,29.345,28.25]
SC_pos=0.182219
SC_neg=0.817781
SC_avg=-0.0021342973533983634
SC_std=0.010353279982734451
SC_avg_abs=0.005607821686101398
SC_std_abs=0.008960913320108836
---
run_2
TV=7259.936
FD=4.891266
IGSD=[38.084,38.576,36.851,39.13,37.315,36.4]
SC_pos=0.209502
SC_neg=0.790498
SC_avg=-0.0011875563299477473
SC_std=0.006455719286556173
SC_avg_abs=0.003524004489778571
SC_std_abs=0.005537869075703468
---
run_3
TV=8017.017
FD=5.501824
IGSD=[32.646,32.671,33.148,33.77,34.117,32.447]
SC_pos=0.185212
SC_neg=0.814788
SC_avg=-0.0013749671857245433
SC_std=0.008757587104179032
SC_avg_abs=0.0045325631475855
SC_std_abs=0.007618512844528908
---
run_4
TV=7791.431
FD=4.978839
IGSD=[40.381,36.682,34.408,38.04,35.695,35.787]
SC_pos=0.237889
SC_neg=0.762111
SC_avg=-0.0012840715526313245
SC_std=0.005880599282092872
SC_avg_abs=0.0038017762772035025
SC_std_abs=0.004666560275719247
---
combined
TV_avg=7945.024799999999
TV_std=767.6545171102431
FD_avg=5.367269
FD_std=0.5691967617578301
IGSD_avg=34.801
IGSD_std=3.4951724325608504
SC_pos_avg=0.2062582
SC_neg_avg=0.7937418
SC_avg=-0.0014430525161614777
SC_std=0.007852087134112916
SC_avg_abs=0.00420023462031006
SC_std_abs=0.006789381566862362