conf_id=294
---
run_0
TV=8184.668
FD=5.170811
IGSD=[36.972,33.36,34.268,29.766,32.798,33.126]
SC_pos=0.214178
SC_neg=0.785822
SC_avg=-0.0015955074596290073
SC_std=0.00695844147416814
SC_avg_abs=0.004191695540658311
SC_std_abs=0.005778861505312298
---
run_1
TV=10513.438
FD=7.501581
IGSD=[24.833,33.227,28.116,26.815,24.731,24.306]
SC_pos=0.240263
SC_neg=0.759737
SC_avg=-0.002004072379323426
SC_std=0.010104639263869446
SC_avg_abs=0.006357088740522843
SC_std_abs=0.008106014032779413
---
run_2
TV=8959.733
FD=6.321243
IGSD=[34.536,29.563,31.341,31.324,33.427,30.485]
SC_pos=0.23586
SC_neg=0.76414
SC_avg=-0.0015712659742733593
SC_std=0.008498831778246521
SC_avg_abs=0.005212109707469907
SC_std_abs=0.006894413010122046
---
run_3
TV=8966.765
FD=6.137943
IGSD=[33.21,30.22,30.179,31.788,31.675,31.92]
SC_pos=0.223501
SC_neg=0.776499
SC_avg=-0.0016955214207440364
SC_std=0.007634871288396101
SC_avg_abs=0.004982645474480474
SC_std_abs=0.006028208403349727
---
run_4
TV=11009.968
FD=8.065473
IGSD=[27.174,25.49,26.133,25.644,28.474,24.056]
SC_pos=0.24656
SC_neg=0.75344
SC_avg=-0.002341000453985421
SC_std=0.010723252701234155
SC_avg_abs=0.007107436848862756
SC_std_abs=0.008363777439621013
---
combined
TV_avg=9526.9144
TV_std=1059.2227606097977
FD_avg=6.6394102
FD_std=1.0282486983204797
IGSD_avg=29.965233333333337
IGSD_std=3.4785422107863266
SC_pos_avg=0.2320724
SC_neg_avg=0.7679276
SC_avg=-0.001841473537591049
SC_std=0.00890465014545679
SC_avg_abs=0.0055701952623988605
SC_std_abs=0.007187262604175601