conf_id=32
---
run_0
TV=11998.92
FD=7.729618
IGSD=[26.428,23.626,24.825,23.676,23.186,23.188]
SC_pos=0.213263
SC_neg=0.786737
SC_avg=-0.0035819580766160946
SC_std=0.011068568749300825
SC_avg_abs=0.008117054558194978
SC_std_abs=0.008334090419471122
---
run_1
TV=9558.474
FD=6.347185
IGSD=[30.734,26.997,29.657,27.646,29.337,29.302]
SC_pos=0.211196
SC_neg=0.788804
SC_avg=-0.0016095962251536494
SC_std=0.009179832636797964
SC_avg_abs=0.005227474161998882
SC_std_abs=0.007715804632913147
---
run_2
TV=10758.299
FD=7.178423
IGSD=[29.991,26.768,25.038,25.92,26.322,25.708]
SC_pos=0.213931
SC_neg=0.786069
SC_avg=-0.002533861729813393
SC_std=0.009327136520093674
SC_avg_abs=0.006595455652645433
SC_std_abs=0.007065118234273614
---
run_3
TV=14107.896
FD=10.369307
IGSD=[23.859,19.12,17.867,25.937,21.8,19.833]
SC_pos=0.246578
SC_neg=0.753422
SC_avg=-0.004489727180174481
SC_std=0.011777805387605393
SC_avg_abs=0.010047630128980942
SC_std_abs=0.007610484786917229
---
run_4
TV=13550.797
FD=9.758169
IGSD=[24.398,20.12,20.795,20.601,23.362,20.62]
SC_pos=0.23366
SC_neg=0.76634
SC_avg=-0.003504954320088448
SC_std=0.013957683605693211
SC_avg_abs=0.009836981788121587
SC_std_abs=0.010504067103874956
---
combined
TV_avg=11994.877199999999
TV_std=1694.162767570035
FD_avg=8.2765404
FD_std=1.5363784394300253
IGSD_avg=24.555366666666664
IGSD_std=3.4059171010006817
SC_pos_avg=0.2237256
SC_neg_avg=0.7762744
SC_avg=-0.003144019506369214
SC_std=0.01124429979180259
SC_avg_abs=0.007964919257988359
SC_std_abs=0.008536931397058788