conf_id=87
---
run_0
TV=24367.546
FD=27.945039
IGSD=[13.766,10.893,11.958,12.449,12.409,12.982]
SC_pos=0.234373
SC_neg=0.765627
SC_avg=-0.012696664308728317
SC_std=0.032902717041124664
SC_avg_abs=0.02785860904353112
SC_std_abs=0.021626187260276306
---
run_1
TV=30759.297
FD=26.332632
IGSD=[9.525,9.389,9.347,9.462,9.371,9.532]
SC_pos=0.155807
SC_neg=0.844193
SC_avg=-0.021450860790093975
SC_std=0.05661083665550069
SC_avg_abs=0.04563374041196347
SC_std_abs=0.039780497627421724
---
run_2
TV=18547.757
FD=15.48736
IGSD=[15.356,15.365,16.354,15.73,14.979,14.535]
SC_pos=0.176817
SC_neg=0.823183
SC_avg=-0.007876760952091508
SC_std=0.027039849136563855
SC_avg_abs=0.018847122302781044
SC_std_abs=0.020928038258005446
---
run_3
TV=21461.699
FD=23.930341
IGSD=[15.008,12.2,12.288,11.826,16.657,17.275]
SC_pos=0.248873
SC_neg=0.751127
SC_avg=-0.008281586455676978
SC_std=0.023874733815940713
SC_avg_abs=0.01960931720120843
SC_std_abs=0.015939330848792458
---
run_4
TV=13388.81
FD=8.518966
IGSD=[20.144,20.849,20.259,24.554,22.267,20.358]
SC_pos=0.207058
SC_neg=0.792942
SC_avg=-0.003817570882095222
SC_std=0.014427796812917388
SC_avg_abs=0.01000047233410606
SC_std_abs=0.011078164171442376
---
combined
TV_avg=21705.0218
TV_std=5800.962682481223
FD_avg=20.4428676
FD_std=7.346711591703232
IGSD_avg=14.569566666666667
IGSD_std=4.172157081441472
SC_pos_avg=0.2045856
SC_neg_avg=0.7954144
SC_avg=-0.010824688677737226
SC_std=0.0345756286005707
SC_avg_abs=0.02438985225871806
SC_std_abs=0.02679147410823905