conf_id=239
---
run_0
TV=10527.739
FD=7.053399
IGSD=[26.573,26.685,25.109,27.762,25.375,25.318]
SC_pos=0.194438
SC_neg=0.805562
SC_avg=-0.0023950555679832955
SC_std=0.011498625425696839
SC_avg_abs=0.006835493990195549
SC_std_abs=0.009551476313335553
---
run_1
TV=9306.632
FD=6.447432
IGSD=[29.962,27.881,28.538,30.738,30.501,30.269]
SC_pos=0.211712
SC_neg=0.788288
SC_avg=-0.0017817761769710284
SC_std=0.011177976741259577
SC_avg_abs=0.005933539550511619
SC_std_abs=0.00963924264532624
---
run_2
TV=9115.152
FD=6.009061
IGSD=[32.009,28.392,29.578,31.459,32.365,30.278]
SC_pos=0.227041
SC_neg=0.772959
SC_avg=-0.0014645399169519176
SC_std=0.009828635243979335
SC_avg_abs=0.0051550035169789345
SC_std_abs=0.008495462710616356
---
run_3
TV=9193.634
FD=6.414043
IGSD=[30.692,29.979,32.377,30.323,29.332,28.609]
SC_pos=0.217962
SC_neg=0.782038
SC_avg=-0.0017038696245082739
SC_std=0.009636585335879948
SC_avg_abs=0.005520031090541313
SC_std_abs=0.008080606746555339
---
run_4
TV=8158.697
FD=5.459605
IGSD=[33.679,34.149,33.579,36.79,34.146,35.682]
SC_pos=0.229024
SC_neg=0.770976
SC_avg=-0.001406452443029622
SC_std=0.007384139748652737
SC_avg_abs=0.0044141741549975294
SC_std_abs=0.006084299041918399
---
combined
TV_avg=9260.3708
TV_std=754.6641259462117
FD_avg=6.276708
FD_std=0.5273611144367776
IGSD_avg=30.270966666666663
IGSD_std=2.958722162052771
SC_pos_avg=0.2160354
SC_neg_avg=0.7839646
SC_avg=-0.0017503387458888276
SC_std=0.010017740907640469
SC_avg_abs=0.005571648460644999
SC_std_abs=0.008507382208938619