conf_id=247
---
run_0
TV=23414.71
FD=26.443408
IGSD=[13.412,12.612,11.895,13.624,11.807,12.133]
SC_pos=0.216293
SC_neg=0.783707
SC_avg=-0.01173888044162496
SC_std=0.03281657210319978
SC_avg_abs=0.025804671292653895
SC_std_abs=0.023427497905353863
---
run_1
TV=14743.364
FD=10.806435
IGSD=[19.113,17.458,18.15,22.103,18.879,18.602]
SC_pos=0.190144
SC_neg=0.809856
SC_avg=-0.004820433277664234
SC_std=0.018670738133452477
SC_avg_abs=0.012257851777861642
SC_std_abs=0.014885499965548471
---
run_2
TV=16926.309
FD=13.472809
IGSD=[14.918,23.844,17.657,18.103,14.631,14.399]
SC_pos=0.223242
SC_neg=0.776758
SC_avg=-0.004598013328170505
SC_std=0.023169855405112606
SC_avg_abs=0.01465022370961962
SC_std_abs=0.018529837325728438
---
run_3
TV=14979.624
FD=10.906303
IGSD=[20.341,18.023,18.85,19.552,17.797,18.427]
SC_pos=0.186237
SC_neg=0.813763
SC_avg=-0.005582712508924375
SC_std=0.0174556850953634
SC_avg_abs=0.01224477264418015
SC_std_abs=0.013635731150111824
---
run_4
TV=29100.437
FD=34.473144
IGSD=[10.077,9.737,9.787,9.775,9.984,10.348]
SC_pos=0.156296
SC_neg=0.843704
SC_avg=-0.019227789388808737
SC_std=0.052851802912446275
SC_avg_abs=0.042165854030746394
SC_std_abs=0.0372164172071176
---
combined
TV_avg=19832.8888
TV_std=5596.830188429783
FD_avg=19.2204198
FD_std=9.56840490725131
IGSD_avg=15.5346
IGSD_std=4.009784213645418
SC_pos_avg=0.1944424
SC_neg_avg=0.8055576
SC_avg=-0.009193565789038564
SC_std=0.03231354515219537
SC_avg_abs=0.02142467469101235
SC_std_abs=0.025877986138891206