conf_id=1
---
run_0
TV=24813.735
FD=22.092173
IGSD=[12.111,11.788,11.892,12.533,11.076,11.704]
SC_pos=0.219851
SC_neg=0.780149
SC_avg=-0.011525529084224008
SC_std=0.037955758673396116
SC_avg_abs=0.028445872459263007
SC_std_abs=0.027646153026700142
---
run_1
TV=23349.776
FD=24.8336
IGSD=[13.559,11.228,12.117,14.065,11.455,10.868]
SC_pos=0.231892
SC_neg=0.768108
SC_avg=-0.009953973233508462
SC_std=0.03373681393280493
SC_avg_abs=0.024968829975106657
SC_std_abs=0.024775224058408006
---
run_2
TV=26763.241
FD=33.20001
IGSD=[11.078,11.111,11.096,11.545,10.365,10.879]
SC_pos=0.196921
SC_neg=0.803079
SC_avg=-0.015547704284605147
SC_std=0.04378855587556168
SC_avg_abs=0.034776519792053755
SC_std_abs=0.030818215479511645
---
run_3
TV=21604.154
FD=22.998646
IGSD=[13.203,13.781,11.033,10.53,16.055,18.149]
SC_pos=0.240834
SC_neg=0.759166
SC_avg=-0.006314335814034473
SC_std=0.029478633652482013
SC_avg_abs=0.020519264882941757
SC_std_abs=0.022086657679543025
---
run_4
TV=22126.681
FD=17.044967
IGSD=[11.617,18.736,12.956,13.656,11.005,13.367]
SC_pos=0.242408
SC_neg=0.757592
SC_avg=-0.009210983594055774
SC_std=0.028631936774944664
SC_avg_abs=0.021955994907677145
SC_std_abs=0.020556369082803717
---
combined
TV_avg=23731.5174
TV_std=1876.6696205483381
FD_avg=24.033879199999998
FD_std=5.260120372871153
IGSD_avg=12.485266666666668
IGSD_std=2.030689487724688
SC_pos_avg=0.2263812
SC_neg_avg=0.7736188
SC_avg=-0.010510505202085567
SC_std=0.035301664186924375
SC_avg_abs=0.026133296403408477
SC_std_abs=0.025956290818625164