conf_id=201
---
run_0
TV=22828.846
FD=23.426193
IGSD=[15.052,11.126,10.514,11.861,12.713,17.207]
SC_pos=0.235811
SC_neg=0.764189
SC_avg=-0.010315133311694421
SC_std=0.030146305004044072
SC_avg_abs=0.023460125293304157
SC_std_abs=0.021559782045682905
---
run_1
TV=22090.988
FD=23.689789
IGSD=[12.353,13.02,12.963,11.509,13.627,15.701]
SC_pos=0.242864
SC_neg=0.757136
SC_avg=-0.007614851517131145
SC_std=0.027623980252602594
SC_avg_abs=0.020276233735769415
SC_std_abs=0.020247088534319658
---
run_2
TV=22019.927
FD=20.3037
IGSD=[13.085,12.692,12.851,12.054,12.72,19.111]
SC_pos=0.248248
SC_neg=0.751752
SC_avg=-0.008533666479471796
SC_std=0.02842020262861303
SC_avg_abs=0.021709350998043612
SC_std_abs=0.020229568959274108
---
run_3
TV=23166.426
FD=24.344886
IGSD=[13.129,12.879,13.926,14.002,12.967,11.898]
SC_pos=0.243307
SC_neg=0.756693
SC_avg=-0.011096912593358838
SC_std=0.028022721043854875
SC_avg_abs=0.02396154774963117
SC_std_abs=0.018282740310153138
---
run_4
TV=23189.526
FD=23.258856
IGSD=[14.121,10.892,11.378,11.224,18.256,13.308]
SC_pos=0.232421
SC_neg=0.767579
SC_avg=-0.011158866634417399
SC_std=0.029268788969227223
SC_avg_abs=0.023943377640555534
SC_std_abs=0.020196459577154026
---
combined
TV_avg=22659.1426
TV_std=509.67410679123196
FD_avg=23.0046848
FD_std=1.400221273424083
IGSD_avg=13.2713
IGSD_std=2.015449828202131
SC_pos_avg=0.2405302
SC_neg_avg=0.7594698
SC_avg=-0.00974388610721472
SC_std=0.028746072441422882
SC_avg_abs=0.02267012708346078
SC_std_abs=0.02018279800467821