conf_id=269
---
run_0
TV=14443.468
FD=9.333707
IGSD=[21.074,21.372,18.375,20.88,23.946,18.846]
SC_pos=0.247153
SC_neg=0.752847
SC_avg=-0.004157605011820757
SC_std=0.013646616046109231
SC_avg_abs=0.010553283834981463
SC_std_abs=0.009599167111919762
---
run_1
TV=18649.193
FD=17.05374
IGSD=[16.071,15.027,15.11,15.081,15.729,15.958]
SC_pos=0.185163
SC_neg=0.814837
SC_avg=-0.008259963130175569
SC_std=0.024894049219659195
SC_avg_abs=0.018849035360575563
SC_std_abs=0.018238819683259286
---
run_2
TV=13618.841
FD=10.388912
IGSD=[22.467,20.673,18.773,19.991,20.959,27.483]
SC_pos=0.23648
SC_neg=0.76352
SC_avg=-0.0035348852287547974
SC_std=0.015434107238448683
SC_avg_abs=0.01021016721144307
SC_std_abs=0.012102047981344965
---
run_3
TV=16046.235
FD=13.110363
IGSD=[19.61,18.176,18.472,18.677,18.753,17.117]
SC_pos=0.225324
SC_neg=0.774676
SC_avg=-0.0059521730667830295
SC_std=0.015859279867230965
SC_avg_abs=0.013065390589276981
SC_std_abs=0.01078149761738726
---
run_4
TV=15949.522
FD=11.733714
IGSD=[16.89,23.713,17.246,18.332,19.267,16.994]
SC_pos=0.258116
SC_neg=0.741884
SC_avg=-0.004162727239267904
SC_std=0.016496834989943723
SC_avg_abs=0.012000462836941627
SC_std_abs=0.012060794105412689
---
combined
TV_avg=15741.4518
TV_std=1719.3826477341681
FD_avg=12.3240872
FD_std=2.6841632794127412
IGSD_avg=19.035400000000003
IGSD_std=2.8523941826706443
SC_pos_avg=0.2304472
SC_neg_avg=0.7695528
SC_avg=-0.00521347073536042
SC_std=0.0177914651761517
SC_avg_abs=0.012935667966643739
SC_std_abs=0.013281001636903182