conf_id=209
---
run_0
TV=14935.655
FD=11.513707
IGSD=[20.191,16.655,16.696,22.922,18.279,18.91]
SC_pos=0.220846
SC_neg=0.779154
SC_avg=-0.004157438376453857
SC_std=0.018209803669833585
SC_avg_abs=0.011760457137583927
SC_std_abs=0.014511129916824097
---
run_1
TV=16002.393
FD=11.872432
IGSD=[17.619,15.881,15.763,19.214,17.622,17.565]
SC_pos=0.181994
SC_neg=0.818006
SC_avg=-0.005904088935107544
SC_std=0.023242759699583167
SC_avg_abs=0.014886226505059264
SC_std_abs=0.01880118094818243
---
run_2
TV=15394.719
FD=12.972863
IGSD=[17.621,23.112,18.669,19.991,18.048,18.919]
SC_pos=0.243563
SC_neg=0.756437
SC_avg=-0.004774548292665588
SC_std=0.01606177947600348
SC_avg_abs=0.012186097192647401
SC_std_abs=0.01150113501121144
---
run_3
TV=21683.269
FD=21.466109
IGSD=[12.937,14.971,13.644,13.567,12.744,13.757]
SC_pos=0.203898
SC_neg=0.796102
SC_avg=-0.010061610131991907
SC_std=0.030383397536790726
SC_avg_abs=0.02378527215414744
SC_std_abs=0.02141606109628939
---
run_4
TV=13023.613
FD=10.812059
IGSD=[21.551,25.955,24.685,21.503,21.125,19.211]
SC_pos=0.24105
SC_neg=0.75895
SC_avg=-0.002761617716206071
SC_std=0.015446337324378922
SC_avg_abs=0.00980654242532282
SC_std_abs=0.012249391609762026
---
combined
TV_avg=16207.929799999998
TV_std=2913.467116201067
FD_avg=13.727434000000002
FD_std=3.9318570470154173
IGSD_avg=18.3109
IGSD_std=3.349974610351547
SC_pos_avg=0.2182702
SC_neg_avg=0.7817298
SC_avg=-0.0055318606904849925
SC_std=0.021551509271835433
SC_avg_abs=0.01448491908295216
SC_std_abs=0.016889527931628828