conf_id=139
---
run_0
TV=9042.485
FD=5.417353
IGSD=[31.138,29.884,29.159,32.059,29.537,29.107]
SC_pos=0.201789
SC_neg=0.798211
SC_avg=-0.001999730640996386
SC_std=0.008047439955837008
SC_avg_abs=0.00497120209238408
SC_std_abs=0.00663681868337669
---
run_1
TV=7600.782
FD=4.900574
IGSD=[32.903,37.163,37.576,37.339,36.535,35.16]
SC_pos=0.216727
SC_neg=0.783273
SC_avg=-0.0010346142271077752
SC_std=0.007743479201638983
SC_avg_abs=0.003964260948726991
SC_std_abs=0.006731755482453851
---
run_2
TV=11361.321
FD=7.616904
IGSD=[28.468,22.848,22.991,22.923,23.078,23.545]
SC_pos=0.193991
SC_neg=0.806009
SC_avg=-0.003345530929423778
SC_std=0.011966079751223503
SC_avg_abs=0.007469105006671183
SC_std_abs=0.009929356082430101
---
run_3
TV=8680.477
FD=5.561162
IGSD=[33.708,31.749,30.651,35.303,36.132,33.241]
SC_pos=0.238033
SC_neg=0.761967
SC_avg=-0.0014795170023262708
SC_std=0.00634429229258022
SC_avg_abs=0.0042556446737851686
SC_std_abs=0.004932393299844328
---
run_4
TV=7953.38
FD=5.075973
IGSD=[36.016,36.698,36.756,35.565,32.235,32.795]
SC_pos=0.226847
SC_neg=0.773153
SC_avg=-0.0011688639375593123
SC_std=0.00803770427013196
SC_avg_abs=0.004317930464394521
SC_std_abs=0.006879419259158283
---
combined
TV_avg=8927.689
TV_std=1319.6072764359856
FD_avg=5.714393200000001
FD_std=0.9799124519305589
IGSD_avg=31.742066666666656
IGSD_std=4.700254567101185
SC_pos_avg=0.2154774
SC_neg_avg=0.7845226
SC_avg=-0.0018056513474827053
SC_std=0.00867501948339048
SC_avg_abs=0.0049956286371923885
SC_std_abs=0.007318472131882024