conf_id=180
---
run_0
TV=22169.587
FD=21.172821
IGSD=[13.014,12.887,12.52,13.337,11.297,14.873]
SC_pos=0.244026
SC_neg=0.755974
SC_avg=-0.008449787648361129
SC_std=0.029191820486671974
SC_avg_abs=0.02157837551758989
SC_std_abs=0.0213994159885347
---
run_1
TV=21400.59
FD=17.982792
IGSD=[14.028,13.827,11.176,12.298,12.317,20.923]
SC_pos=0.256048
SC_neg=0.743952
SC_avg=-0.007339144825845354
SC_std=0.03072631233138084
SC_avg_abs=0.022044233053557655
SC_std_abs=0.02262788335971208
---
run_2
TV=25059.121
FD=27.646017
IGSD=[13.842,10.807,10.81,14.106,10.865,10.39]
SC_pos=0.20972
SC_neg=0.79028
SC_avg=-0.013653336151746619
SC_std=0.036501721924847394
SC_avg_abs=0.029043684851644685
SC_std_abs=0.025985643378408422
---
run_3
TV=23449.84
FD=15.580806
IGSD=[14.154,13.024,11.051,12.738,13.132,13.363]
SC_pos=0.234289
SC_neg=0.765711
SC_avg=-0.012064485405499991
SC_std=0.028315838708746745
SC_avg_abs=0.024394055699348455
SC_std_abs=0.018768819260048496
---
run_4
TV=28674.839
FD=33.679053
IGSD=[10.001,10.136,10.024,9.588,10.873,10.436]
SC_pos=0.175679
SC_neg=0.824321
SC_avg=-0.018296063007055212
SC_std=0.0489248887464115
SC_avg_abs=0.039616565525206204
SC_std_abs=0.03404289054110888
---
combined
TV_avg=24150.795399999995
TV_std=2579.619383921791
FD_avg=23.212297799999998
FD_std=6.61751757057909
IGSD_avg=12.394566666666666
IGSD_std=2.172704484942416
SC_pos_avg=0.2239524
SC_neg_avg=0.7760476
SC_avg=-0.011960563407701668
SC_std=0.035779250153065406
SC_avg_abs=0.02733538292946936
SC_std_abs=0.025999743434206354