conf_id=30
---
run_0
TV=12380.424
FD=8.707677
IGSD=[24.571,20.84,21.883,26.969,21.39,23.16]
SC_pos=0.223586
SC_neg=0.776414
SC_avg=-0.0029647917707868263
SC_std=0.013690263964367106
SC_avg_abs=0.0084513519073101
SC_std_abs=0.011170853530369992
---
run_1
TV=14292.939
FD=10.130715
IGSD=[19.886,20.413,20.324,19.692,21.874,19.734]
SC_pos=0.223093
SC_neg=0.776907
SC_avg=-0.004630568569427446
SC_std=0.015734459574209745
SC_avg_abs=0.011030035384735083
SC_std_abs=0.012138933346060605
---
run_2
TV=9641.024
FD=6.898196
IGSD=[28.415,28.23,29.854,27.844,25.827,26.963]
SC_pos=0.196612
SC_neg=0.803388
SC_avg=-0.002491543489573191
SC_std=0.010669009494890374
SC_avg_abs=0.006126147101397849
SC_std_abs=0.009083274423605743
---
run_3
TV=10413.638
FD=7.297402
IGSD=[28.219,26.603,25.647,26.36,24.911,26.742]
SC_pos=0.194966
SC_neg=0.805034
SC_avg=-0.0027025906322690175
SC_std=0.011975558385232227
SC_avg_abs=0.0068790023961130655
SC_std_abs=0.010168447315003645
---
run_4
TV=12178.49
FD=7.745101
IGSD=[24.505,23.403,22.646,24.771,24.381,23.206]
SC_pos=0.221791
SC_neg=0.778209
SC_avg=-0.003585162522943569
SC_std=0.011989861464684186
SC_avg_abs=0.00825482302442903
SC_std_abs=0.009405746386842155
---
combined
TV_avg=11781.303
TV_std=1629.4981210281896
FD_avg=8.155818199999999
FD_std=1.1568877296020388
IGSD_avg=24.308766666666664
IGSD_std=2.9235654565767617
SC_pos_avg=0.2120096
SC_neg_avg=0.7879904
SC_avg=-0.0032749313970000114
SC_std=0.012953505613045207
SC_avg_abs=0.00814827196279703
SC_std_abs=0.010588869030380263