conf_id=280
---
run_0
TV=17112.749
FD=17.724321
IGSD=[15.502,18.194,17.289,15.996,18.354,18.138]
SC_pos=0.222792
SC_neg=0.777208
SC_avg=-0.006531398125090654
SC_std=0.018997090444009438
SC_avg_abs=0.014939217332618795
SC_std_abs=0.01343013001780305
---
run_1
TV=14372.273
FD=11.66744
IGSD=[19.315,25.325,23.987,19.029,16.707,22.174]
SC_pos=0.254235
SC_neg=0.745765
SC_avg=-0.0032903146708964316
SC_std=0.011753433368950702
SC_avg_abs=0.009062307802052756
SC_std_abs=0.008175814570593801
---
run_2
TV=12185.179
FD=9.182579
IGSD=[20.074,23.504,31.342,22.401,25.127,23.087]
SC_pos=0.262743
SC_neg=0.737257
SC_avg=-0.002124631743362163
SC_std=0.010356668767459077
SC_avg_abs=0.007517968095521977
SC_std_abs=0.007433357499708869
---
run_3
TV=13603.615
FD=11.336753
IGSD=[19.251,24.177,17.359,23.49,26.058,21.943]
SC_pos=0.253806
SC_neg=0.746194
SC_avg=-0.003417811730679667
SC_std=0.01254364435947829
SC_avg_abs=0.009689862558793401
SC_std_abs=0.008667814859302014
---
run_4
TV=14436.183
FD=12.327385
IGSD=[20.819,24.21,20.495,17.471,17.06,25.287]
SC_pos=0.253092
SC_neg=0.746908
SC_avg=-0.004074824674324428
SC_std=0.015288864365506579
SC_avg_abs=0.01146187706923727
SC_std_abs=0.010907746960900447
---
combined
TV_avg=14341.9998
TV_std=1605.2368141358334
FD_avg=12.4476956
FD_std=2.8411697916815597
IGSD_avg=21.1055
IGSD_std=3.648726670588887
SC_pos_avg=0.2493336
SC_neg_avg=0.7506664
SC_avg=-0.0038877961888706654
SC_std=0.014199266501673623
SC_avg_abs=0.010534246571644834
SC_std_abs=0.010284151766652276