conf_id=313
---
run_0
TV=8372.024
FD=5.696722
IGSD=[31.999,30.399,31.434,32.716,35.127,30.677]
SC_pos=0.206795
SC_neg=0.793205
SC_avg=-0.0017855303643201869
SC_std=0.008282221377385338
SC_avg_abs=0.0045758002870534276
SC_std_abs=0.007130593338490828
---
run_1
TV=12414.384
FD=9.360793
IGSD=[24.843,22.747,24.162,24.203,21.964,21.815]
SC_pos=0.231716
SC_neg=0.768284
SC_avg=-0.003811331128698714
SC_std=0.01283086604681913
SC_avg_abs=0.009119270567552606
SC_std_abs=0.009797768766396382
---
run_2
TV=9370.752
FD=7.184719
IGSD=[29.408,26.15,26.436,29.205,26.279,26.112]
SC_pos=0.171136
SC_neg=0.828864
SC_avg=-0.002578529650049849
SC_std=0.011943487550921476
SC_avg_abs=0.006586501460605475
SC_std_abs=0.010291438604230431
---
run_3
TV=10463.659
FD=7.405887
IGSD=[27.12,26.14,29.483,25.779,25.691,27.198]
SC_pos=0.227476
SC_neg=0.772524
SC_avg=-0.002789797468834455
SC_std=0.009822496234691728
SC_avg_abs=0.006519634902710292
SC_std_abs=0.00785867437504635
---
run_4
TV=9235.648
FD=7.008034
IGSD=[30.441,28.97,29.379,27.531,27.691,29.984]
SC_pos=0.204769
SC_neg=0.795231
SC_avg=-0.0020573558511190774
SC_std=0.010214459498738983
SC_avg_abs=0.005600822003075633
SC_std_abs=0.008786278440806258
---
combined
TV_avg=9971.2934
TV_std=1390.7265946477905
FD_avg=7.331231
FD_std=1.176625443224308
IGSD_avg=27.70276666666667
IGSD_std=3.1554655196271058
SC_pos_avg=0.2083784
SC_neg_avg=0.7916216
SC_avg=-0.002604508892604458
SC_std=0.0107624472443215
SC_avg_abs=0.00648040584419949
SC_std_abs=0.008978757004893504