conf_id=266
---
run_0
TV=20359.055
FD=19.855859
IGSD=[14.99,14.501,13.983,15.842,13.885,13.59]
SC_pos=0.219937
SC_neg=0.780063
SC_avg=-0.010258026842474824
SC_std=0.02902769363999235
SC_avg_abs=0.02304496552217628
SC_std_abs=0.020414790639139393
---
run_1
TV=15019.951
FD=12.636217
IGSD=[19.72,21.158,20.503,17.484,18.789,19.974]
SC_pos=0.241721
SC_neg=0.758279
SC_avg=-0.004258268176563882
SC_std=0.015782659894863115
SC_avg_abs=0.011415752455351105
SC_std_abs=0.011700675070208659
---
run_2
TV=13951.297
FD=8.936976
IGSD=[18.978,17.829,24.23,20.573,22.276,24.683]
SC_pos=0.245233
SC_neg=0.754767
SC_avg=-0.003823624688503839
SC_std=0.012580536057255808
SC_avg_abs=0.009552236012859748
SC_std_abs=0.00903575012940679
---
run_3
TV=16450.195
FD=14.632532
IGSD=[17.24,20.08,17.804,19.784,17.735,16.192]
SC_pos=0.245043
SC_neg=0.754957
SC_avg=-0.005722455618078385
SC_std=0.01872730663802631
SC_avg_abs=0.015008966199914098
SC_std_abs=0.012577338582759768
---
run_4
TV=10733.356
FD=6.74538
IGSD=[24.527,23.9,25.048,28.275,32.414,29.383]
SC_pos=0.233257
SC_neg=0.766743
SC_avg=-0.002016114261078656
SC_std=0.008639721879338426
SC_avg_abs=0.0058106304362608744
SC_std_abs=0.006704184126293263
---
combined
TV_avg=15302.770799999998
TV_std=3151.780839199731
FD_avg=12.561392799999998
FD_std=4.570926720469511
IGSD_avg=20.179
IGSD_std=4.657774139364567
SC_pos_avg=0.2370382
SC_neg_avg=0.7629618
SC_avg=-0.005215697917339914
SC_std=0.018515397951337473
SC_avg_abs=0.012966510125312422
SC_std_abs=0.014208908516543634