conf_id=290
---
run_0
TV=12403.195
FD=9.386594
IGSD=[23.669,22.495,22.351,22.434,24.053,23.408]
SC_pos=0.227293
SC_neg=0.772707
SC_avg=-0.003924054080823443
SC_std=0.014382808187156775
SC_avg_abs=0.009830863269511443
SC_std_abs=0.011207921268189829
---
run_1
TV=8072.012
FD=5.976396
IGSD=[31.541,31.906,32.566,31.482,30.824,31.763]
SC_pos=0.191366
SC_neg=0.808634
SC_avg=-0.0017266982746951473
SC_std=0.01021718327326027
SC_avg_abs=0.0048941172857310715
SC_std_abs=0.00913345153623388
---
run_2
TV=9528.833
FD=6.722999
IGSD=[27.48,29.709,26.633,29.481,27.368,34.561]
SC_pos=0.229305
SC_neg=0.770695
SC_avg=-0.001798281092173053
SC_std=0.009650274119964837
SC_avg_abs=0.00552072333572849
SC_std_abs=0.00811684786892505
---
run_3
TV=8929.84
FD=6.152473
IGSD=[29.902,29.336,28.062,32.678,32.197,31.482]
SC_pos=0.207493
SC_neg=0.792507
SC_avg=-0.0020253142936177185
SC_std=0.009570790266356904
SC_avg_abs=0.0053717553627955555
SC_std_abs=0.008175950625633787
---
run_4
TV=11745.985
FD=8.606031
IGSD=[27.675,23.214,22.687,24.835,24.961,23.46]
SC_pos=0.214272
SC_neg=0.785728
SC_avg=-0.003082673738106264
SC_std=0.011468206946154188
SC_avg_abs=0.007527988086079073
SC_std_abs=0.009184336846570941
---
combined
TV_avg=10135.973000000002
TV_std=1662.2722424583767
FD_avg=7.3688986
FD_std=1.3738655193965092
IGSD_avg=27.807100000000002
IGSD_std=3.7825856178897874
SC_pos_avg=0.2139458
SC_neg_avg=0.7860542
SC_avg=-0.0025114042958831267
SC_std=0.011235533923984018
SC_avg_abs=0.006629089467969125
SC_std_abs=0.009412733233234476