conf_id=66
---
run_0
TV=9786.109
FD=6.733132
IGSD=[31.642,29.97,30.113,31.527,28.015,28.645]
SC_pos=0.235187
SC_neg=0.764813
SC_avg=-0.0022173427553672906
SC_std=0.007355177884642634
SC_avg_abs=0.00553143999202045
SC_std_abs=0.005330893191970062
---
run_1
TV=12292.499
FD=10.613705
IGSD=[23.257,22.52,22.842,22.328,27.45,27.978]
SC_pos=0.255529
SC_neg=0.744471
SC_avg=-0.0029646185176934797
SC_std=0.009275544242298159
SC_avg_abs=0.007624773593196544
SC_std_abs=0.006057021677258081
---
run_2
TV=10787.858
FD=8.055969
IGSD=[25.459,24.011,30.262,25.565,27.3,28.545]
SC_pos=0.231815
SC_neg=0.768185
SC_avg=-0.002600763914433951
SC_std=0.00873742305631414
SC_avg_abs=0.0065311880978897235
SC_std_abs=0.00636004061572057
---
run_3
TV=10325.13
FD=7.573076
IGSD=[26.04,27.79,26.737,32.074,28.349,27.723]
SC_pos=0.226044
SC_neg=0.773956
SC_avg=-0.0025146983305462762
SC_std=0.00816807128187305
SC_avg_abs=0.006016796783468683
SC_std_abs=0.006069534794846505
---
run_4
TV=10616.945
FD=7.860382
IGSD=[25.04,25.69,26.223,27.829,30.511,27.933]
SC_pos=0.247669
SC_neg=0.752331
SC_avg=-0.001761104891848521
SC_std=0.008675529934931368
SC_avg_abs=0.005891296688785709
SC_std_abs=0.006607490705001832
---
combined
TV_avg=10761.7082
TV_std=837.538655016567
FD_avg=8.1672528
FD_std=1.3039502043844156
IGSD_avg=27.312266666666666
IGSD_std=2.65804019198774
SC_pos_avg=0.2392488
SC_neg_avg=0.7607512
SC_avg=-0.0024117056819779044
SC_std=0.008476700465728413
SC_avg_abs=0.006319099031072222
SC_std_abs=0.006143269692734226