conf_id=308
---
run_0
TV=10738.984
FD=7.557272
IGSD=[27.325,27.622,24.131,29.224,25.079,25.045]
SC_pos=0.227871
SC_neg=0.772129
SC_avg=-0.002337045942919841
SC_std=0.010428108186891211
SC_avg_abs=0.00675266596506869
SC_std_abs=0.008283038479992025
---
run_1
TV=9997.22
FD=6.730807
IGSD=[28.571,25.78,25.67,34.992,28.78,28.138]
SC_pos=0.217711
SC_neg=0.782289
SC_avg=-0.0024684007034045754
SC_std=0.008609662915285523
SC_avg_abs=0.005724457766948132
SC_std_abs=0.006888387389065615
---
run_2
TV=11797.624
FD=9.353858
IGSD=[25.712,20.421,20.433,27.828,26.18,28.717]
SC_pos=0.229389
SC_neg=0.770611
SC_avg=-0.0030846430797412372
SC_std=0.010772837055109017
SC_avg_abs=0.007924565651082233
SC_std_abs=0.007922771004327523
---
run_3
TV=12758.144
FD=8.773491
IGSD=[25.622,24.207,21.848,26.743,18.63,18.077]
SC_pos=0.215185
SC_neg=0.784815
SC_avg=-0.0034569810458066207
SC_std=0.011911116797630912
SC_avg_abs=0.008287603439654515
SC_std_abs=0.009227190826296921
---
run_4
TV=11724.976
FD=9.181992
IGSD=[23.71,27.192,24.872,25.479,22.469,21.592]
SC_pos=0.214201
SC_neg=0.785799
SC_avg=-0.003403162076069057
SC_std=0.01207527965861284
SC_avg_abs=0.008069518321372909
SC_std_abs=0.009606079585904474
---
combined
TV_avg=11403.389599999999
TV_std=950.0469256203298
FD_avg=8.319484
FD_std=1.0124064125895291
IGSD_avg=25.336300000000005
IGSD_std=3.454681395343618
SC_pos_avg=0.2208714
SC_neg_avg=0.7791286
SC_avg=-0.0029500465695882676
SC_std=0.010841595834963039
SC_avg_abs=0.007351762228825295
SC_std_abs=0.008496738617978374