conf_id=67
---
run_0
TV=10824.877
FD=7.602842
IGSD=[22.152,31.986,29.63,31.001,24.58,25.427]
SC_pos=0.2368
SC_neg=0.7632
SC_avg=-0.0020089419840620916
SC_std=0.008414884809772186
SC_avg_abs=0.005953730710102099
SC_std_abs=0.0062768801875333876
---
run_1
TV=8992.262
FD=5.842293
IGSD=[35.101,32.544,31.273,31.408,30.564,29.331]
SC_pos=0.226811
SC_neg=0.773189
SC_avg=-0.0019990563446915864
SC_std=0.007346644740872489
SC_avg_abs=0.005008564032977524
SC_std_abs=0.005734431231203757
---
run_2
TV=10269.38
FD=7.300065
IGSD=[28.582,27.848,27.904,24.693,25.977,35.818]
SC_pos=0.234387
SC_neg=0.765613
SC_avg=-0.00205863600252394
SC_std=0.009060718270538505
SC_avg_abs=0.005806719468913874
SC_std_abs=0.007253730542162054
---
run_3
TV=11530.835
FD=9.352769
IGSD=[24.744,23.943,25.261,24.322,27.356,26.057]
SC_pos=0.243128
SC_neg=0.756872
SC_avg=-0.0026331834731156364
SC_std=0.011438311183833077
SC_avg_abs=0.007888354563192567
SC_std_abs=0.008691517717099194
---
run_4
TV=10953.423
FD=8.578375
IGSD=[26.543,25.802,27.871,25.015,25.182,27.673]
SC_pos=0.230416
SC_neg=0.769584
SC_avg=-0.0025297768009279326
SC_std=0.010351206405766287
SC_avg_abs=0.0071768261479108015
SC_std_abs=0.007876573567227946
---
combined
TV_avg=10514.1554
TV_std=860.1413678670731
FD_avg=7.7352688
FD_std=1.193099454844968
IGSD_avg=27.852933333333333
IGSD_std=3.3361322509090603
SC_pos_avg=0.2343084
SC_neg_avg=0.7656916
SC_avg=-0.002245918921064238
SC_std=0.00943658042833812
SC_avg_abs=0.006366838984619371
SC_std_abs=0.007318234986963676