conf_id=103
---
run_0
TV=20360.423
FD=22.173826
IGSD=[13.886,16.156,13.242,13.386,15.678,15.509]
SC_pos=0.237361
SC_neg=0.762639
SC_avg=-0.00886361760701079
SC_std=0.03025754900073232
SC_avg_abs=0.022797997066991576
SC_std_abs=0.02177921757888634
---
run_1
TV=19635.689
FD=18.289653
IGSD=[15.865,13.36,14.025,17.199,14.37,14.458]
SC_pos=0.231329
SC_neg=0.768671
SC_avg=-0.007777542057776651
SC_std=0.02471219686350492
SC_avg_abs=0.018700491368335254
SC_std_abs=0.01792970877800098
---
run_2
TV=16658.884
FD=12.399573
IGSD=[21.373,19.045,16.461,19.638,15.864,15.386]
SC_pos=0.24457
SC_neg=0.75543
SC_avg=-0.005173212789258666
SC_std=0.015679123249549547
SC_avg_abs=0.012533735942900562
SC_std_abs=0.010747208928422165
---
run_3
TV=17945.76
FD=16.911069
IGSD=[14.989,15.303,16.292,14.555,18.573,20.423]
SC_pos=0.250408
SC_neg=0.749592
SC_avg=-0.006105569347425509
SC_std=0.01983287382346142
SC_avg_abs=0.01568233968043623
SC_std_abs=0.013589889009884464
---
run_4
TV=18134.898
FD=19.236852
IGSD=[15.265,18.098,16.488,15.041,15.834,17.837]
SC_pos=0.251515
SC_neg=0.748485
SC_avg=-0.0064786700672156685
SC_std=0.021719397860273885
SC_avg_abs=0.016996871584438914
SC_std_abs=0.01499372420697401
---
combined
TV_avg=18547.1308
TV_std=1309.2017610411926
FD_avg=17.8021946
FD_std=3.20591464740823
IGSD_avg=16.119966666666667
IGSD_std=2.0620142172696636
SC_pos_avg=0.2430366
SC_neg_avg=0.7569634
SC_avg=-0.006879722373737457
SC_std=0.023002331316809597
SC_avg_abs=0.017342287128620515
SC_std_abs=0.016603701487814922