conf_id=97
---
run_0
TV=13715.013
FD=10.399584
IGSD=[21.747,19.669,21.164,20.66,21.455,19.37]
SC_pos=0.235716
SC_neg=0.764284
SC_avg=-0.0035198586239285363
SC_std=0.012969239466001271
SC_avg_abs=0.008991096532106687
SC_std_abs=0.009987530235712335
---
run_1
TV=10554.574
FD=6.886521
IGSD=[28.857,28.597,26.409,25.782,26.507,25.966]
SC_pos=0.210079
SC_neg=0.789921
SC_avg=-0.0027077318326252115
SC_std=0.008943759899761315
SC_avg_abs=0.006383993655478537
SC_std_abs=0.006824022115204508
---
run_2
TV=7870.253
FD=5.358503
IGSD=[34.853,34.418,33.852,35.915,35.486,34.398]
SC_pos=0.203881
SC_neg=0.796119
SC_avg=-0.0013815523801294827
SC_std=0.007322218646404599
SC_avg_abs=0.004112994632831736
SC_std_abs=0.006213440917486381
---
run_3
TV=10655.155
FD=7.440158
IGSD=[27.434,25.796,26.709,25.969,27.145,26.87]
SC_pos=0.21382
SC_neg=0.78618
SC_avg=-0.0026459366595500194
SC_std=0.009790207932148605
SC_avg_abs=0.00667386344504744
SC_std_abs=0.007636013284294079
---
run_4
TV=13544.658
FD=10.366981
IGSD=[18.947,26.648,22.11,20.542,19.297,18.806]
SC_pos=0.221637
SC_neg=0.778363
SC_avg=-0.00402482894475339
SC_std=0.015003089250857598
SC_avg_abs=0.01001092082069292
SC_std_abs=0.011877432358280995
---
combined
TV_avg=11267.930600000002
TV_std=2172.569196806454
FD_avg=8.0903494
FD_std=1.9925136037894045
IGSD_avg=26.045933333333338
IGSD_std=5.342136232715232
SC_pos_avg=0.2170266
SC_neg_avg=0.7829734
SC_avg=-0.0028559816881973286
SC_std=0.011196380960059397
SC_avg_abs=0.007234573817231462
SC_std_abs=0.009009801312411282