conf_id=179
---
run_0
TV=9594.618
FD=6.397734
IGSD=[29.085,28.614,28.43,28.39,30.26,28.798]
SC_pos=0.220304
SC_neg=0.779696
SC_avg=-0.0019970393848512415
SC_std=0.00951996062952862
SC_avg_abs=0.005627524515260371
SC_std_abs=0.00793402700540939
---
run_1
TV=13067.589
FD=8.858921
IGSD=[23.88,20.864,21.62,21.488,21.117,21.687]
SC_pos=0.202113
SC_neg=0.797887
SC_avg=-0.004197045386312983
SC_std=0.012867571704670575
SC_avg_abs=0.009104423876135834
SC_std_abs=0.010014941708929598
---
run_2
TV=14984.93
FD=11.137605
IGSD=[18.695,20.511,18.526,20.621,18.753,17.855]
SC_pos=0.2268
SC_neg=0.7732
SC_avg=-0.00461738717187145
SC_std=0.0168582740191292
SC_avg_abs=0.011750012362319423
SC_std_abs=0.012940590275731263
---
run_3
TV=11354.833
FD=8.002439
IGSD=[23.622,21.785,21.452,28.147,23.494,23.511]
SC_pos=0.187857
SC_neg=0.812143
SC_avg=-0.0027178110459462283
SC_std=0.013493899617078146
SC_avg_abs=0.008048874461721346
SC_std_abs=0.011166353194158735
---
run_4
TV=9292.948
FD=6.292473
IGSD=[30.417,28.485,29.651,31.23,28.29,29.309]
SC_pos=0.203885
SC_neg=0.796115
SC_avg=-0.0017420818539856337
SC_std=0.009592054046407193
SC_avg_abs=0.005272007403592505
SC_std_abs=0.008200505347333692
---
combined
TV_avg=11658.983600000001
TV_std=2144.683007206109
FD_avg=8.137834400000001
FD_std=1.7871893884171988
IGSD_avg=24.619566666666667
IGSD_std=4.244741489445762
SC_pos_avg=0.2081918
SC_neg_avg=0.7918082
SC_avg=-0.0030542729685935047
SC_std=0.01281561806843563
SC_avg_abs=0.007960568523805901
SC_std_abs=0.010497523451771157