conf_id=69
---
run_0
TV=10219.384
FD=7.361704
IGSD=[28.629,29.875,26.964,27.483,24.939,31.383]
SC_pos=0.240755
SC_neg=0.759245
SC_avg=-0.001918692787669636
SC_std=0.010722923986021805
SC_avg_abs=0.0064002223281789455
SC_std_abs=0.008814739642969433
---
run_1
TV=9786.966
FD=7.079596
IGSD=[30.664,29.085,28.211,28.227,28.044,28.422]
SC_pos=0.230183
SC_neg=0.769817
SC_avg=-0.001668823461645727
SC_std=0.009798918481103161
SC_avg_abs=0.005775132726226351
SC_std_abs=0.008090217372846898
---
run_2
TV=10988.757
FD=7.947805
IGSD=[26.035,25.839,28.173,24.51,23.754,25.435]
SC_pos=0.213812
SC_neg=0.786188
SC_avg=-0.0022357474760324905
SC_std=0.012929687630412629
SC_avg_abs=0.007319358703083509
SC_std_abs=0.010890471852597885
---
run_3
TV=11529.777
FD=9.088844
IGSD=[24.,29.894,27.556,24.901,25.07,23.716]
SC_pos=0.248562
SC_neg=0.751438
SC_avg=-0.0026254612539943645
SC_std=0.009222893531410791
SC_avg_abs=0.007147259459702405
SC_std_abs=0.006393081737601921
---
run_4
TV=10212.531
FD=7.453093
IGSD=[28.438,25.807,27.943,26.762,28.014,30.659]
SC_pos=0.239561
SC_neg=0.760439
SC_avg=-0.002207750637938084
SC_std=0.010193468452898905
SC_avg_abs=0.006550131395393995
SC_std_abs=0.008116448772870745
---
combined
TV_avg=10547.483
TV_std=625.7558867331571
FD_avg=7.7862084
FD_std=0.7090054875230798
IGSD_avg=27.281066666666668
IGSD_std=2.116542824723584
SC_pos_avg=0.2345746
SC_neg_avg=0.7654254
SC_avg=-0.002131295123456064
SC_std=0.010655189574256485
SC_avg_abs=0.006638420922517043
SC_std_abs=0.008602723488645892