conf_id=167
---
run_0
TV=25617.555
FD=31.489567
IGSD=[11.892,10.79,10.696,10.899,13.675,11.269]
SC_pos=0.207822
SC_neg=0.792178
SC_avg=-0.013055874742380225
SC_std=0.041716605482607486
SC_avg_abs=0.03188757691627183
SC_std_abs=0.029898385854241125
---
run_1
TV=13049.988
FD=9.256159
IGSD=[21.446,24.387,21.548,20.173,22.381,21.173]
SC_pos=0.219242
SC_neg=0.780758
SC_avg=-0.0033243417504611175
SC_std=0.014776147134539185
SC_avg_abs=0.00985229827598418
SC_std_abs=0.01150295574608755
---
run_2
TV=20089.405
FD=19.740653
IGSD=[14.345,15.942,15.789,16.536,13.012,14.404]
SC_pos=0.235759
SC_neg=0.764241
SC_avg=-0.009044795638005382
SC_std=0.022508597790861718
SC_avg_abs=0.019006977901739906
SC_std_abs=0.015072494607291691
---
run_3
TV=30162.98
FD=37.856439
IGSD=[9.959,9.383,9.379,9.657,9.758,9.747]
SC_pos=0.164585
SC_neg=0.835415
SC_avg=-0.02038063422015198
SC_std=0.05419189293787018
SC_avg_abs=0.04376405459568625
SC_std_abs=0.037905659692861284
---
run_4
TV=13597.353
FD=9.634295
IGSD=[19.028,22.473,20.315,20.418,19.705,18.912]
SC_pos=0.198595
SC_neg=0.801405
SC_avg=-0.004502728799318213
SC_std=0.0164501174905835
SC_avg_abs=0.010477089989126038
SC_std_abs=0.013457767922429253
---
combined
TV_avg=20503.4562
TV_std=6676.530455148255
FD_avg=21.5954226
FD_std=11.498529625060513
IGSD_avg=15.636366666666667
IGSD_std=4.851255950667712
SC_pos_avg=0.2052006
SC_neg_avg=0.7947994
SC_avg=-0.010061675030063383
SC_std=0.03425022053822759
SC_avg_abs=0.022997599535761637
SC_std_abs=0.02730247840252902