conf_id=183
---
run_0
TV=20054.502
FD=14.707575
IGSD=[12.405,31.794,12.116,12.72,14.114,12.494]
SC_pos=0.282591
SC_neg=0.717409
SC_avg=-0.0048179211730142585
SC_std=0.029295935601933016
SC_avg_abs=0.01942176656872996
SC_std_abs=0.02245571621150722
---
run_1
TV=23350.372
FD=20.861659
IGSD=[12.962,13.181,12.351,12.65,13.065,13.186]
SC_pos=0.23418
SC_neg=0.76582
SC_avg=-0.011067734439635452
SC_std=0.028792341775113525
SC_avg_abs=0.02389012463571299
SC_std_abs=0.019512960703372002
---
run_2
TV=23314.098
FD=22.815458
IGSD=[11.921,13.561,13.049,15.274,10.168,10.317]
SC_pos=0.224294
SC_neg=0.775706
SC_avg=-0.010525644558583788
SC_std=0.03118290133847402
SC_avg_abs=0.02359776096063054
SC_std_abs=0.02294140812817711
---
run_3
TV=24131.563
FD=18.706796
IGSD=[14.009,10.906,11.109,13.294,12.018,11.307]
SC_pos=0.213864
SC_neg=0.786136
SC_avg=-0.01168089692543948
SC_std=0.03469368565446344
SC_avg_abs=0.026513398429320455
SC_std_abs=0.025241530876743027
---
run_4
TV=22174.914
FD=25.610945
IGSD=[12.359,12.595,15.564,11.866,15.743,13.4]
SC_pos=0.247966
SC_neg=0.752034
SC_avg=-0.008234592704345596
SC_std=0.027909814263178234
SC_avg_abs=0.021492795661471765
SC_std_abs=0.019616982027462558
---
combined
TV_avg=22605.089799999998
TV_std=1419.7751906577882
FD_avg=20.5404866
FD_std=3.69793114909981
IGSD_avg=13.383266666666666
IGSD_std=3.665247794563902
SC_pos_avg=0.240579
SC_neg_avg=0.759421
SC_avg=-0.009265357960203717
SC_std=0.03057367352096687
SC_avg_abs=0.022983169251173156
SC_std_abs=0.02218941869155906