conf_id=127
---
run_0
TV=11552.737
FD=8.753623
IGSD=[27.182,24.107,23.585,22.475,25.917,28.492]
SC_pos=0.23387
SC_neg=0.76613
SC_avg=-0.0026523616094918886
SC_std=0.00952706195421419
SC_avg_abs=0.0069987311187878825
SC_std_abs=0.0069869660306782645
---
run_1
TV=14359.44
FD=9.552546
IGSD=[24.126,17.647,17.595,23.693,18.466,21.118]
SC_pos=0.237931
SC_neg=0.762069
SC_avg=-0.003646230947933675
SC_std=0.012464816264136324
SC_avg_abs=0.00953701088248424
SC_std_abs=0.008815444858413202
---
run_2
TV=10806.489
FD=7.176895
IGSD=[26.694,26.739,27.647,24.944,27.37,26.843]
SC_pos=0.246443
SC_neg=0.753557
SC_avg=-0.002569074130250464
SC_std=0.008975534763945105
SC_avg_abs=0.006670066059885132
SC_std_abs=0.006532272571033585
---
run_3
TV=10769.509
FD=7.874317
IGSD=[25.965,30.763,27.745,27.862,24.726,24.179]
SC_pos=0.239498
SC_neg=0.760502
SC_avg=-0.0022626232147196063
SC_std=0.010094255717088557
SC_avg_abs=0.006720365618176837
SC_std_abs=0.00786448652181373
---
run_4
TV=14385.849
FD=10.918489
IGSD=[23.382,19.568,19.039,22.995,18.381,18.868]
SC_pos=0.227826
SC_neg=0.772174
SC_avg=-0.004639477744245823
SC_std=0.013903681351814976
SC_avg_abs=0.010761341234673198
SC_std_abs=0.009951414155941963
---
combined
TV_avg=12374.8048
TV_std=1655.0202520366213
FD_avg=8.855174
FD_std=1.306339156383211
IGSD_avg=23.9371
IGSD_std=3.5955566685378035
SC_pos_avg=0.2371136
SC_neg_avg=0.7628864
SC_avg=-0.003153953529328289
SC_std=0.011186960259488806
SC_avg_abs=0.008137502982801447
SC_std_abs=0.008299189594017087