conf_id=185
---
run_0
TV=15485.341
FD=12.223927
IGSD=[19.402,19.685,16.145,19.692,17.015,19.006]
SC_pos=0.229677
SC_neg=0.770323
SC_avg=-0.005015288753871564
SC_std=0.01799989248204711
SC_avg_abs=0.012517674772260663
SC_std_abs=0.013872889711443523
---
run_1
TV=19052.657
FD=13.573025
IGSD=[15.239,15.597,15.239,15.068,14.741,15.092]
SC_pos=0.187359
SC_neg=0.812641
SC_avg=-0.008801681140786409
SC_std=0.02443161471342117
SC_avg_abs=0.018552036823070307
SC_std_abs=0.018171277283795334
---
run_2
TV=15690.147
FD=12.657717
IGSD=[17.552,24.649,17.323,19.456,16.729,18.262]
SC_pos=0.241557
SC_neg=0.758443
SC_avg=-0.004634826600017658
SC_std=0.018568795309680263
SC_avg_abs=0.012851915462899004
SC_std_abs=0.014181327363809514
---
run_3
TV=15511.621
FD=12.738134
IGSD=[20.155,16.2,16.998,16.328,23.413,20.133]
SC_pos=0.222492
SC_neg=0.777508
SC_avg=-0.004683247431181453
SC_std=0.019769884288543642
SC_avg_abs=0.013226351183481271
SC_std_abs=0.015422216625871123
---
run_4
TV=16920.907
FD=16.16402
IGSD=[16.599,17.051,18.773,17.044,16.996,18.515]
SC_pos=0.236082
SC_neg=0.763918
SC_avg=-0.00575901965373616
SC_std=0.019914623896391315
SC_avg_abs=0.014761437379093408
SC_std_abs=0.014555360483682398
---
combined
TV_avg=16532.1346
TV_std=1367.504670210906
FD_avg=13.471364599999998
FD_std=1.4153782558548231
IGSD_avg=17.80323333333333
IGSD_std=2.312851914604325
SC_pos_avg=0.2234334
SC_neg_avg=0.7765666
SC_avg=-0.005778812715918655
SC_std=0.020324225532534962
SC_avg_abs=0.014381883124160935
SC_std_abs=0.015479995403939373