conf_id=78
---
run_0
TV=9162.186
FD=6.660964
IGSD=[28.832,29.001,28.234,28.452,26.705,26.497]
SC_pos=0.181809
SC_neg=0.818191
SC_avg=-0.0024980041021213837
SC_std=0.011425953821175627
SC_avg_abs=0.0060577963313283335
SC_std_abs=0.01000477630064752
---
run_1
TV=7959.188
FD=5.587736
IGSD=[31.581,30.786,31.258,32.162,30.525,30.574]
SC_pos=0.170935
SC_neg=0.829065
SC_avg=-0.002070480487967313
SC_std=0.009833492984588157
SC_avg_abs=0.0048505308749437395
SC_std_abs=0.008800955854918002
---
run_2
TV=9694.049
FD=6.547253
IGSD=[28.782,25.541,25.932,31.441,26.901,24.881]
SC_pos=0.188128
SC_neg=0.811872
SC_avg=-0.0025936211589096883
SC_std=0.010600644038875633
SC_avg_abs=0.0059291344785921355
SC_std_abs=0.009162198922183661
---
run_3
TV=9918.451
FD=7.067995
IGSD=[25.83,28.168,26.675,27.154,26.747,26.288]
SC_pos=0.189906
SC_neg=0.810094
SC_avg=-0.002818889154694746
SC_std=0.011099137092420925
SC_avg_abs=0.006470439134480996
SC_std_abs=0.009448301311335628
---
run_4
TV=8821.414
FD=6.201435
IGSD=[31.699,31.538,31.409,31.079,29.103,29.111]
SC_pos=0.200488
SC_neg=0.799512
SC_avg=-0.0020765857011193363
SC_std=0.008793023546803138
SC_avg_abs=0.005015987688127641
SC_std_abs=0.007514608358476146
---
combined
TV_avg=9111.0576
TV_std=693.5523309093841
FD_avg=6.413076599999999
FD_std=0.4968599104200701
IGSD_avg=28.762866666666657
IGSD_std=2.1994454260613563
SC_pos_avg=0.1862532
SC_neg_avg=0.8137468
SC_avg=-0.002411516120962493
SC_std=0.01039775788547677
SC_avg_abs=0.005664777701494568
SC_std_abs=0.009046495047216151