conf_id=275
---
run_0
TV=9692.772
FD=6.597684
IGSD=[28.738,31.311,26.443,26.094,27.856,27.173]
SC_pos=0.207034
SC_neg=0.792966
SC_avg=-0.00212304437589795
SC_std=0.01097322368442494
SC_avg_abs=0.005967350093098527
SC_std_abs=0.009450380326571698
---
run_1
TV=9219.949
FD=6.300746
IGSD=[29.011,29.135,28.952,30.626,26.715,27.552]
SC_pos=0.194995
SC_neg=0.805005
SC_avg=-0.002151633085656613
SC_std=0.011006707514841662
SC_avg_abs=0.005698447891790009
SC_std_abs=0.009659442368849152
---
run_2
TV=9195.218
FD=6.556903
IGSD=[29.546,28.997,30.091,30.395,29.613,29.175]
SC_pos=0.196162
SC_neg=0.803838
SC_avg=-0.002032296423118049
SC_std=0.010093311896215007
SC_avg_abs=0.005494958951435763
SC_std_abs=0.008706928270505608
---
run_3
TV=14973.771
FD=12.537973
IGSD=[21.029,20.152,19.095,21.263,17.903,17.62]
SC_pos=0.210805
SC_neg=0.789195
SC_avg=-0.005507065671568932
SC_std=0.015801901638589026
SC_avg_abs=0.012094623071432354
SC_std_abs=0.011564945329165698
---
run_4
TV=7673.743
FD=5.289414
IGSD=[33.612,34.667,32.038,34.32,31.469,33.169]
SC_pos=0.185231
SC_neg=0.814769
SC_avg=-0.0015722444497960459
SC_std=0.009225096616378112
SC_avg_abs=0.004376368994446933
SC_std_abs=0.00827174435145749
---
combined
TV_avg=10151.090600000001
TV_std=2505.444887342653
FD_avg=7.456544000000001
FD_std=2.584578749592513
IGSD_avg=27.792000000000005
IGSD_std=4.69723401588637
SC_pos_avg=0.1988454
SC_neg_avg=0.8011546
SC_avg=-0.002677256801207517
SC_std=0.011734265826959063
SC_avg_abs=0.006726349800440717
SC_std_abs=0.009980827462663709