conf_id=17
---
run_0
TV=8038.921
FD=5.254574
IGSD=[34.498,33.88,34.155,34.001,34.424,33.564]
SC_pos=0.21836
SC_neg=0.78164
SC_avg=-0.0017016520854570606
SC_std=0.00697291688329973
SC_avg_abs=0.004242793043953819
SC_std_abs=0.005789291568708895
---
run_1
TV=11667.84
FD=8.523828
IGSD=[23.122,25.098,24.711,26.779,23.044,22.053]
SC_pos=0.20796
SC_neg=0.79204
SC_avg=-0.002885705411856981
SC_std=0.012588118244088417
SC_avg_abs=0.007913016898406827
SC_std_abs=0.010206477365707536
---
run_2
TV=9634.823
FD=7.018415
IGSD=[26.995,27.67,28.571,27.343,27.33,28.494]
SC_pos=0.185494
SC_neg=0.814506
SC_avg=-0.002301184435344405
SC_std=0.011354691590166943
SC_avg_abs=0.00612021757302531
SC_std_abs=0.009837042633439754
---
run_3
TV=12499.347
FD=9.25431
IGSD=[22.64,20.384,20.414,24.57,22.082,21.504]
SC_pos=0.192063
SC_neg=0.807937
SC_avg=-0.0036950233222229232
SC_std=0.015049585547844656
SC_avg_abs=0.009471643393074316
SC_std_abs=0.012265039500470332
---
run_4
TV=8984.592
FD=5.90296
IGSD=[30.611,30.242,31.243,30.524,29.247,29.582]
SC_pos=0.183213
SC_neg=0.816787
SC_avg=-0.00186298071838634
SC_std=0.009832442242994198
SC_avg_abs=0.005308790470015475
SC_std_abs=0.008483181087561966
---
combined
TV_avg=10165.1046
TV_std=1667.475129609866
FD_avg=7.1908174
FD_std=1.5147446480691853
IGSD_avg=27.625833333333333
IGSD_std=4.441466582735432
SC_pos_avg=0.197418
SC_neg_avg=0.802582
SC_avg=-0.0024893091946535414
SC_std=0.011505105093352485
SC_avg_abs=0.006611292275695155
SC_std_abs=0.009739348947491596