conf_id=76
---
run_0
TV=7071.839
FD=4.255846
IGSD=[38.527,35.122,37.032,40.479,44.013,38.793]
SC_pos=0.208233
SC_neg=0.791767
SC_avg=-0.0011633805674900188
SC_std=0.0058545304716589065
SC_avg_abs=0.0033496405336744207
SC_std_abs=0.004940535364063435
---
run_1
TV=8235.103
FD=5.329788
IGSD=[33.965,31.814,33.336,34.165,37.361,32.721]
SC_pos=0.210283
SC_neg=0.789717
SC_avg=-0.001622389697304695
SC_std=0.006777339630452266
SC_avg_abs=0.004296350029181258
SC_std_abs=0.00548688046372194
---
run_2
TV=8067.674
FD=5.382894
IGSD=[35.293,34.028,33.659,35.366,38.244,34.353]
SC_pos=0.216743
SC_neg=0.783257
SC_avg=-0.0016186216772283997
SC_std=0.006517032167700218
SC_avg_abs=0.004324572204787704
SC_std_abs=0.005137092529282561
---
run_3
TV=8511.972
FD=5.706317
IGSD=[34.914,33.296,34.924,34.239,36.308,30.878]
SC_pos=0.230351
SC_neg=0.769649
SC_avg=-0.0015287387206263927
SC_std=0.005871369882871383
SC_avg_abs=0.004106759833283139
SC_std_abs=0.004465932159041802
---
run_4
TV=7365.99
FD=4.712947
IGSD=[36.728,34.779,37.003,37.429,41.265,39.108]
SC_pos=0.217345
SC_neg=0.782655
SC_avg=-0.0011729323927427992
SC_std=0.006269897735192954
SC_avg_abs=0.003571766637230185
SC_std_abs=0.005284871909222819
---
combined
TV_avg=7850.515599999999
TV_std=542.8981695443813
FD_avg=5.077558399999999
FD_std=0.5216013263290654
IGSD_avg=35.971399999999996
IGSD_std=2.8550954286444905
SC_pos_avg=0.216591
SC_neg_avg=0.783409
SC_avg=-0.0014212126110784596
SC_std=0.006271894363736701
SC_avg_abs=0.003929817847631342
SC_std_abs=0.005090484837439239