conf_id=73
---
run_0
TV=10300.911
FD=7.684644
IGSD=[25.543,23.672,27.69,28.349,27.116,27.251]
SC_pos=0.213348
SC_neg=0.786652
SC_avg=-0.0025352751521464188
SC_std=0.011140427880765415
SC_avg_abs=0.0066731025276413084
SC_std_abs=0.009273966579582522
---
run_1
TV=9205.207
FD=6.698885
IGSD=[26.34,27.749,26.525,28.356,32.231,32.817]
SC_pos=0.199814
SC_neg=0.800186
SC_avg=-0.002334170900764277
SC_std=0.010119047815609215
SC_avg_abs=0.005552479989591555
SC_std_abs=0.00877573065070628
---
run_2
TV=11258.811
FD=8.381938
IGSD=[25.609,24.241,25.752,25.279,25.428,23.561]
SC_pos=0.206277
SC_neg=0.793723
SC_avg=-0.003290245112321159
SC_std=0.011093538516145798
SC_avg_abs=0.007381581636321201
SC_std_abs=0.00891092375989657
---
run_3
TV=9130.619
FD=6.290332
IGSD=[29.116,28.543,28.377,31.579,27.008,27.481]
SC_pos=0.202291
SC_neg=0.797709
SC_avg=-0.002492827173625643
SC_std=0.00958257591473302
SC_avg_abs=0.005545426707381452
SC_std_abs=0.008202937956137924
---
run_4
TV=9021.282
FD=5.945458
IGSD=[29.128,27.524,29.276,31.947,30.359,30.059]
SC_pos=0.204751
SC_neg=0.795249
SC_avg=-0.0020387282616930943
SC_std=0.008772710437301013
SC_avg_abs=0.00490527299227569
SC_std_abs=0.007553486493865401
---
combined
TV_avg=9783.366
TV_std=870.1619703705741
FD_avg=7.000251400000001
FD_std=0.9038636478787272
IGSD_avg=27.79686666666667
IGSD_std=2.409677208442842
SC_pos_avg=0.2052962
SC_neg_avg=0.7947038
SC_avg=-0.0025382493201101153
SC_std=0.01019034648504453
SC_avg_abs=0.00601157277064224
SC_std_abs=0.008610857327790983