conf_id=225
---
run_0
TV=14699.097
FD=11.503872
IGSD=[21.417,19.045,18.001,18.914,18.841,22.232]
SC_pos=0.213074
SC_neg=0.786926
SC_avg=-0.005040407423583635
SC_std=0.01584574139867883
SC_avg_abs=0.01129184055431748
SC_std_abs=0.012206046221663758
---
run_1
TV=15565.832
FD=14.170255
IGSD=[17.899,19.564,21.31,19.404,18.549,17.311]
SC_pos=0.245357
SC_neg=0.754643
SC_avg=-0.005300674175888575
SC_std=0.017370438795107558
SC_avg_abs=0.013230151179783255
SC_std_abs=0.01244155900253619
---
run_2
TV=13825.041
FD=11.725892
IGSD=[21.556,18.454,17.956,18.293,22.873,27.622]
SC_pos=0.227772
SC_neg=0.772228
SC_avg=-0.0034962230026334513
SC_std=0.01566529237249476
SC_avg_abs=0.010338087427120914
SC_std_abs=0.012277984718555826
---
run_3
TV=13798.753
FD=12.352111
IGSD=[21.225,20.656,20.498,19.031,21.261,20.964]
SC_pos=0.22083
SC_neg=0.77917
SC_avg=-0.00436286772769655
SC_std=0.01523025558170772
SC_avg_abs=0.010552461873089305
SC_std_abs=0.011816972891164295
---
run_4
TV=18639.647
FD=16.246198
IGSD=[16.839,14.366,15.756,17.472,14.447,15.208]
SC_pos=0.203987
SC_neg=0.796013
SC_avg=-0.008884689461949848
SC_std=0.02308107325986154
SC_avg_abs=0.018166554153169506
SC_std_abs=0.01678243009406976
---
combined
TV_avg=15305.673999999999
TV_std=1789.6412370948544
FD_avg=13.1996656
FD_std=1.7882660207855652
IGSD_avg=19.23213333333333
IGSD_std=2.6868087481041316
SC_pos_avg=0.222204
SC_neg_avg=0.777796
SC_avg=-0.005416972358350412
SC_std=0.01777581773321919
SC_avg_abs=0.012715819037496091
SC_std_abs=0.013551060173337511