conf_id=274
---
run_0
TV=11320.973
FD=8.204077
IGSD=[22.04,23.013,23.381,24.124,24.685,26.127]
SC_pos=0.199668
SC_neg=0.800332
SC_avg=-0.003107885516929761
SC_std=0.013206877472738597
SC_avg_abs=0.00797915366014478
SC_std_abs=0.010973316355326229
---
run_1
TV=10859.794
FD=6.649466
IGSD=[27.45,27.659,35.826,26.972,22.445,22.682]
SC_pos=0.236294
SC_neg=0.763706
SC_avg=-0.0023650782677073256
SC_std=0.009013334385408472
SC_avg_abs=0.0061045019321949055
SC_std_abs=0.007040514762103472
---
run_2
TV=10609.911
FD=6.670449
IGSD=[29.553,29.727,27.484,26.434,26.485,24.064]
SC_pos=0.226007
SC_neg=0.773993
SC_avg=-0.002329910361678285
SC_std=0.009318229779770317
SC_avg_abs=0.0062171071342718934
SC_std_abs=0.007321575472740808
---
run_3
TV=10761.116
FD=7.424121
IGSD=[25.77,25.947,28.016,21.442,26.578,34.323]
SC_pos=0.235611
SC_neg=0.764389
SC_avg=-0.0020502945669690063
SC_std=0.010925197684278068
SC_avg_abs=0.006876259282565505
SC_std_abs=0.008733882901140206
---
run_4
TV=12582.177
FD=9.552506
IGSD=[21.406,23.505,24.813,25.242,21.457,21.82]
SC_pos=0.216001
SC_neg=0.783999
SC_avg=-0.0032579320565763333
SC_std=0.012919712102026722
SC_avg_abs=0.008663970994148913
SC_std_abs=0.010122681892515915
---
combined
TV_avg=11226.7942
TV_std=718.0560418383511
FD_avg=7.7001238
FD_std=1.0886301662852078
IGSD_avg=25.68233333333333
IGSD_std=3.4375957812918547
SC_pos_avg=0.2227162
SC_neg_avg=0.7772838
SC_avg=-0.0026222201539721412
SC_std=0.011223981353341838
SC_avg_abs=0.0071681986006652005
SC_std_abs=0.00902611349238888