conf_id=86
---
run_0
TV=28053.703
FD=33.861
IGSD=[10.612,10.175,9.766,9.762,10.648,11.616]
SC_pos=0.178281
SC_neg=0.821719
SC_avg=-0.017713660567916078
SC_std=0.04742068075379401
SC_avg_abs=0.038542547317748393
SC_std_abs=0.03281717203123575
---
run_1
TV=18018.181
FD=15.80178
IGSD=[17.587,15.813,17.612,17.751,15.904,16.541]
SC_pos=0.244962
SC_neg=0.755038
SC_avg=-0.007653558504969221
SC_std=0.01735533616344763
SC_avg_abs=0.015251362037991696
SC_std_abs=0.01127743796796797
---
run_2
TV=27082.217
FD=34.704062
IGSD=[11.476,10.52,10.366,11.501,10.611,10.285]
SC_pos=0.183697
SC_neg=0.816303
SC_avg=-0.016818012966275362
SC_std=0.04490702950154777
SC_avg_abs=0.03606504564314039
SC_std_abs=0.0316037868228617
---
run_3
TV=18202.339
FD=15.798267
IGSD=[19.01,15.336,14.904,18.162,15.977,14.359]
SC_pos=0.233811
SC_neg=0.766189
SC_avg=-0.0077135964363653645
SC_std=0.019857749406961365
SC_avg_abs=0.016450265654047995
SC_std_abs=0.013535824371054462
---
run_4
TV=16823.069
FD=14.628179
IGSD=[15.596,17.392,17.874,17.513,16.586,16.044]
SC_pos=0.185624
SC_neg=0.814376
SC_avg=-0.006679124433662746
SC_std=0.022149256289466738
SC_avg_abs=0.015542826958386895
SC_std_abs=0.017135366570881234
---
combined
TV_avg=21635.9018
TV_std=4876.292410213416
FD_avg=22.9586576
FD_std=9.2596388542684
IGSD_avg=14.243300000000001
IGSD_std=3.136025426661376
SC_pos_avg=0.205275
SC_neg_avg=0.794725
SC_avg=-0.011315590581837755
SC_std=0.033378386214978364
SC_avg_abs=0.024370409522263107
SC_std_abs=0.02546060478954143