conf_id=132
---
run_0
TV=9659.73
FD=6.928189
IGSD=[28.102,31.463,28.316,29.332,28.907,32.821]
SC_pos=0.23733
SC_neg=0.76267
SC_avg=-0.0018266786516439161
SC_std=0.008323190271248958
SC_avg_abs=0.00547616326686494
SC_std_abs=0.00652869719487924
---
run_1
TV=12836.033
FD=9.880708
IGSD=[22.224,20.623,20.08,22.583,20.517,23.178]
SC_pos=0.214111
SC_neg=0.785889
SC_avg=-0.0030922944072881535
SC_std=0.01759655757085998
SC_avg_abs=0.01027021271047807
SC_std_abs=0.014619297313054069
---
run_2
TV=9524.736
FD=6.208765
IGSD=[31.298,27.118,27.367,31.109,29.855,32.107]
SC_pos=0.224022
SC_neg=0.775978
SC_avg=-0.0018046022824255393
SC_std=0.007896923789039188
SC_avg_abs=0.005005943682968464
SC_std_abs=0.006368557338249902
---
run_3
TV=7925.774
FD=5.199308
IGSD=[33.768,37.069,35.642,35.644,34.439,36.598]
SC_pos=0.226205
SC_neg=0.773795
SC_avg=-0.0012189849079537439
SC_std=0.006814605882676294
SC_avg_abs=0.004086478529297429
SC_std_abs=0.005587975552167033
---
run_4
TV=12552.687
FD=8.480397
IGSD=[23.866,25.447,23.125,24.483,22.436,19.794]
SC_pos=0.257205
SC_neg=0.742795
SC_avg=-0.002480557975997937
SC_std=0.010062047674373
SC_avg_abs=0.007494913475041354
SC_std_abs=0.007157111377873453
---
combined
TV_avg=10499.792
TV_std=1894.9621063446093
FD_avg=7.3394734
FD_std=1.6605748544492176
IGSD_avg=27.977033333333335
IGSD_std=5.3066878526587145
SC_pos_avg=0.2317746
SC_neg_avg=0.7682254
SC_avg=-0.002084623645061858
SC_std=0.010872220003929846
SC_avg_abs=0.0064667423329300535
SC_std_abs=0.008985102512208399