conf_id=27
---
run_0
TV=14164.609
FD=9.334568
IGSD=[20.635,21.295,20.406,21.786,20.779,20.148]
SC_pos=0.223083
SC_neg=0.776917
SC_avg=-0.004566751551998747
SC_std=0.014246757916272683
SC_avg_abs=0.010828064452311804
SC_std_abs=0.010323679144527054
---
run_1
TV=10843.653
FD=7.318697
IGSD=[27.748,28.361,25.243,25.534,26.063,24.389]
SC_pos=0.223936
SC_neg=0.776064
SC_avg=-0.00247350957528061
SC_std=0.010693743294783144
SC_avg_abs=0.006987582987780688
SC_std_abs=0.00846451884412825
---
run_2
TV=11655.838
FD=8.687548
IGSD=[25.866,22.227,22.071,26.819,22.684,23.641]
SC_pos=0.212462
SC_neg=0.787538
SC_avg=-0.0031488947798876082
SC_std=0.0120929440039054
SC_avg_abs=0.007889908975292508
SC_std_abs=0.009690416367628065
---
run_3
TV=14271.024
FD=11.318731
IGSD=[21.372,18.882,18.181,17.11,24.672,21.164]
SC_pos=0.232304
SC_neg=0.767696
SC_avg=-0.004136679485055723
SC_std=0.013594261209213181
SC_avg_abs=0.01004028992695593
SC_std_abs=0.01005527887077561
---
run_4
TV=13613.85
FD=10.115891
IGSD=[24.268,20.337,22.119,22.271,20.819,19.813]
SC_pos=0.253075
SC_neg=0.746925
SC_avg=-0.0033552574562447433
SC_std=0.012342149389024464
SC_avg_abs=0.009468761663150234
SC_std_abs=0.008598194967848735
---
combined
TV_avg=12909.7948
TV_std=1397.4653434038928
FD_avg=9.355087
FD_std=1.3436989293092405
IGSD_avg=22.55676666666666
IGSD_std=2.776710712135653
SC_pos_avg=0.228972
SC_neg_avg=0.771028
SC_avg=-0.003536218569693489
SC_std=0.012676220331112402
SC_avg_abs=0.009042921601098236
SC_std_abs=0.009561222336706926