conf_id=259
---
run_0
TV=7554.975
FD=4.952713
IGSD=[37.618,35.175,35.45,35.27,34.251,34.262]
SC_pos=0.198021
SC_neg=0.801979
SC_avg=-0.0011449204560859403
SC_std=0.008361809402413089
SC_avg_abs=0.0039724179368596894
SC_std_abs=0.007446515632694487
---
run_1
TV=7394.407
FD=4.690004
IGSD=[35.742,35.398,35.576,36.897,36.272,37.754]
SC_pos=0.205858
SC_neg=0.794142
SC_avg=-0.0011386280493555676
SC_std=0.007640417372078612
SC_avg_abs=0.003818433082416126
SC_std_abs=0.0067150592141432385
---
run_2
TV=9233.665
FD=5.94052
IGSD=[28.469,30.96,31.554,30.5,28.687,28.48]
SC_pos=0.186404
SC_neg=0.813596
SC_avg=-0.001888364154943358
SC_std=0.008604507644856162
SC_avg_abs=0.0052551379391706145
SC_std_abs=0.0070701482468441
---
run_3
TV=8039.12
FD=5.282649
IGSD=[33.928,32.212,32.09,32.098,31.072,31.248]
SC_pos=0.181584
SC_neg=0.818416
SC_avg=-0.0014806383323255447
SC_std=0.010075881196294769
SC_avg_abs=0.004720191003214273
SC_std_abs=0.009024160273741451
---
run_4
TV=7761.015
FD=5.073755
IGSD=[35.046,33.022,33.99,34.473,32.885,33.787]
SC_pos=0.186271
SC_neg=0.813729
SC_avg=-0.0013174173564406767
SC_std=0.009245491151539819
SC_avg_abs=0.004282514506321909
SC_std_abs=0.00829908215572027
---
combined
TV_avg=7996.6364
TV_std=655.0278009518682
FD_avg=5.1879282
FD_std=0.422292947190644
IGSD_avg=33.4722
IGSD_std=2.52997134898138
SC_pos_avg=0.1916276
SC_neg_avg=0.8083724
SC_avg=-0.0013939936698302178
SC_std=0.008828600080409895
SC_avg_abs=0.004409738893596521
SC_std_abs=0.007774419632464047