conf_id=212
---
run_0
TV=12289.021
FD=9.210618
IGSD=[23.195,28.598,25.464,26.71,20.591,21.657]
SC_pos=0.234302
SC_neg=0.765698
SC_avg=-0.003578045062087201
SC_std=0.009773671024393365
SC_avg_abs=0.00792293961197989
SC_std_abs=0.006749376242610346
---
run_1
TV=11224.354
FD=7.879115
IGSD=[25.934,24.387,28.723,27.562,23.572,24.91]
SC_pos=0.232568
SC_neg=0.767432
SC_avg=-0.0025091856207165694
SC_std=0.009377782288295824
SC_avg_abs=0.006782074424833009
SC_std_abs=0.006945666247518061
---
run_2
TV=11329.355
FD=8.093009
IGSD=[24.316,24.941,24.759,25.03,24.988,23.433]
SC_pos=0.207981
SC_neg=0.792019
SC_avg=-0.0029291802460359373
SC_std=0.013245473493643503
SC_avg_abs=0.00791318163547726
SC_std_abs=0.011018358379927805
---
run_3
TV=10052.784
FD=7.109233
IGSD=[27.707,29.354,34.548,25.633,30.822,26.511]
SC_pos=0.251473
SC_neg=0.748527
SC_avg=-0.0016556685318533284
SC_std=0.007761275333701278
SC_avg_abs=0.005394873400286096
SC_std_abs=0.00582013522933744
---
run_4
TV=14296.889
FD=10.195095
IGSD=[19.819,18.996,20.038,18.316,19.815,22.211]
SC_pos=0.205591
SC_neg=0.794409
SC_avg=-0.0047058292668396215
SC_std=0.016375301469619383
SC_avg_abs=0.011176585826523226
SC_std_abs=0.01285998664742399
---
combined
TV_avg=11838.480599999999
TV_std=1419.2837079229228
FD_avg=8.497414
FD_std=1.0829279079942489
IGSD_avg=24.751333333333335
IGSD_std=3.6317517383335676
SC_pos_avg=0.226383
SC_neg_avg=0.773617
SC_avg=-0.0030755817455065337
SC_std=0.011769167132009354
SC_avg_abs=0.00783793097981989
SC_std_abs=0.009302652095507048