conf_id=165
---
run_0
TV=23753.308
FD=26.058898
IGSD=[12.091,11.982,11.853,12.006,11.913,11.864]
SC_pos=0.144856
SC_neg=0.855144
SC_avg=-0.013737584613437343
SC_std=0.03946845434630506
SC_avg_abs=0.030010227846701334
SC_std_abs=0.029083781461267853
---
run_1
TV=15582.582
FD=13.091616
IGSD=[17.293,18.764,17.826,15.838,18.82,17.865]
SC_pos=0.195448
SC_neg=0.804552
SC_avg=-0.004147208947223611
SC_std=0.023702503790249387
SC_avg_abs=0.013698720137556636
SC_std_abs=0.019782646298501596
---
run_2
TV=25942.475
FD=29.793469
IGSD=[12.272,10.588,11.511,12.283,10.604,11.559]
SC_pos=0.206888
SC_neg=0.793112
SC_avg=-0.01582370298252313
SC_std=0.039444701728353876
SC_avg_abs=0.033423026396008255
SC_std_abs=0.026252149950997332
---
run_3
TV=14452.524
FD=10.439017
IGSD=[19.017,17.714,24.438,18.845,16.65,20.662]
SC_pos=0.230815
SC_neg=0.769185
SC_avg=-0.003727785772056891
SC_std=0.017730608261544083
SC_avg_abs=0.01081147443213498
SC_std_abs=0.014539012232265874
---
run_4
TV=15140.563
FD=12.125943
IGSD=[17.617,17.227,18.206,20.306,17.392,17.644]
SC_pos=0.173065
SC_neg=0.826935
SC_avg=-0.0054501270738778786
SC_std=0.022704993857677887
SC_avg_abs=0.01396646243589097
SC_std_abs=0.01871252410086501
---
combined
TV_avg=18974.290399999998
TV_std=4858.850252170717
FD_avg=18.301788600000002
FD_std=7.99176587857664
IGSD_avg=15.754999999999999
IGSD_std=3.6163511905418333
SC_pos_avg=0.1902144
SC_neg_avg=0.8097856
SC_avg=-0.008577281877823762
SC_std=0.03045457234380881
SC_avg_abs=0.020381982249658433
SC_std_abs=0.024199701250853016