conf_id=205
---
run_0
TV=16870.414
FD=17.602407
IGSD=[16.908,17.701,15.081,17.446,17.33,18.182]
SC_pos=0.20923
SC_neg=0.79077
SC_avg=-0.005828695990681606
SC_std=0.02268358711195592
SC_avg_abs=0.015424900852848948
SC_std_abs=0.01762359937405695
---
run_1
TV=13395.175
FD=12.314731
IGSD=[24.395,19.405,21.004,20.162,21.88,21.241]
SC_pos=0.212024
SC_neg=0.787976
SC_avg=-0.00401471634308015
SC_std=0.015891873255961732
SC_avg_abs=0.010986737291492708
SC_std_abs=0.012163929734533577
---
run_2
TV=18216.917
FD=14.622457
IGSD=[15.571,15.875,16.736,16.524,15.443,15.178]
SC_pos=0.193045
SC_neg=0.806955
SC_avg=-0.007439665919764409
SC_std=0.0242986763323819
SC_avg_abs=0.01737349586260391
SC_std_abs=0.018545510023066102
---
run_3
TV=15239.493
FD=13.530744
IGSD=[16.495,20.424,23.5,19.074,18.685,18.126]
SC_pos=0.229531
SC_neg=0.770469
SC_avg=-0.004675175125062247
SC_std=0.01614751909286752
SC_avg_abs=0.012139229467661272
SC_std_abs=0.011629219373456937
---
run_4
TV=14736.977
FD=13.477232
IGSD=[21.589,17.419,19.052,19.732,18.673,22.535]
SC_pos=0.234441
SC_neg=0.765559
SC_avg=-0.0047517937530729805
SC_std=0.016122078622317734
SC_avg_abs=0.012048776746921626
SC_std_abs=0.011718700520056755
---
combined
TV_avg=15691.795200000002
TV_std=1682.623059319752
FD_avg=14.3095142
FD_std=1.8010781708860277
IGSD_avg=18.7122
IGSD_std=2.4803810513709377
SC_pos_avg=0.2156542
SC_neg_avg=0.7843458
SC_avg=-0.005342009426332281
SC_std=0.019418434434038862
SC_avg_abs=0.013594628044305695
SC_std_abs=0.014859298399220155