conf_id=195
---
run_0
TV=9953.514
FD=6.947553
IGSD=[26.522,27.27,25.246,27.505,25.516,33.266]
SC_pos=0.212668
SC_neg=0.787332
SC_avg=-0.002040398635764083
SC_std=0.011688006536141276
SC_avg_abs=0.006219089651675278
SC_std_abs=0.010104239075068178
---
run_1
TV=7893.649
FD=5.618255
IGSD=[31.218,32.398,30.564,33.083,33.906,33.616]
SC_pos=0.184973
SC_neg=0.815027
SC_avg=-0.0015995206607280431
SC_std=0.009447347139111816
SC_avg_abs=0.004437255815149169
SC_std_abs=0.008492443414112632
---
run_2
TV=9535.758
FD=6.3402
IGSD=[29.571,29.179,28.691,29.098,29.276,29.333]
SC_pos=0.203332
SC_neg=0.796668
SC_avg=-0.0023170077556394072
SC_std=0.009533748230351444
SC_avg_abs=0.005671417957865915
SC_std_abs=0.008005991419344547
---
run_3
TV=8739.706
FD=6.352454
IGSD=[30.351,28.411,27.818,32.406,29.281,30.228]
SC_pos=0.174132
SC_neg=0.825868
SC_avg=-0.002011225034097577
SC_std=0.010486505915040344
SC_avg_abs=0.005333316838375076
SC_std_abs=0.00925027372273177
---
run_4
TV=12458.479
FD=9.868304
IGSD=[22.307,20.814,20.559,21.559,23.053,24.06]
SC_pos=0.161723
SC_neg=0.838277
SC_avg=-0.003824538795522431
SC_std=0.015177098878779336
SC_avg_abs=0.009294696799617353
SC_std_abs=0.012592856656767121
---
combined
TV_avg=9716.2212
TV_std=1541.700622117718
FD_avg=7.0253532000000005
FD_std=1.4826041756055324
IGSD_avg=28.203499999999995
IGSD_std=3.8005624561811024
SC_pos_avg=0.1873656
SC_neg_avg=0.8126344
SC_avg=-0.0023585381763503075
SC_std=0.011489248766775489
SC_avg_abs=0.006191155412536554
SC_std_abs=0.009961683302131891