conf_id=258
---
run_0
TV=10763.455
FD=6.821458
IGSD=[22.354,22.575,22.134,28.613,22.91,23.022]
SC_pos=0.172924
SC_neg=0.827076
SC_avg=-0.00391080286615125
SC_std=0.01275428597984645
SC_avg_abs=0.007575267749056906
SC_std_abs=0.010980961180320372
---
run_1
TV=9174.021
FD=6.360207
IGSD=[26.495,25.8,26.129,30.083,30.121,36.322]
SC_pos=0.187355
SC_neg=0.812645
SC_avg=-0.0020566277734177757
SC_std=0.009781197283723547
SC_avg_abs=0.005324693471468681
SC_std_abs=0.008458674691487611
---
run_2
TV=13367.735
FD=9.805618
IGSD=[21.453,23.4,23.335,19.701,19.227,18.998]
SC_pos=0.195419
SC_neg=0.804581
SC_avg=-0.004253725642159127
SC_std=0.01471004046804122
SC_avg_abs=0.009976932251936022
SC_std_abs=0.011616380471147247
---
run_3
TV=12292.955
FD=9.092586
IGSD=[24.015,23.172,23.402,21.688,21.572,21.587]
SC_pos=0.197483
SC_neg=0.802517
SC_avg=-0.0035083901148152126
SC_std=0.014120321800386032
SC_avg_abs=0.008797457014117974
SC_std_abs=0.011588659932405324
---
run_4
TV=8399.604
FD=5.742092
IGSD=[31.613,32.382,31.451,31.913,31.213,29.727]
SC_pos=0.193962
SC_neg=0.806038
SC_avg=-0.0018536129253111033
SC_std=0.008845709022956175
SC_avg_abs=0.004749436380173103
SC_std_abs=0.007689297956665281
---
combined
TV_avg=10799.554
TV_std=1856.298514245594
FD_avg=7.5643922
FD_std=1.5925614975436775
IGSD_avg=25.546899999999997
IGSD_std=4.557088181064747
SC_pos_avg=0.1894286
SC_neg_avg=0.8105714
SC_avg=-0.003116631864370897
SC_std=0.01230573010816595
SC_avg_abs=0.007284757373350544
SC_std_abs=0.010395994309562168