conf_id=48
---
run_0
TV=11208.447
FD=8.400535
IGSD=[22.626,28.907,25.765,28.128,22.78,23.789]
SC_pos=0.228983
SC_neg=0.771017
SC_avg=-0.0030591382618549772
SC_std=0.011019977684562603
SC_avg_abs=0.0076228887641070575
SC_std_abs=0.008525831452911392
---
run_1
TV=11755.599
FD=8.560633
IGSD=[25.561,24.234,24.053,24.595,24.114,23.213]
SC_pos=0.224663
SC_neg=0.775337
SC_avg=-0.003585144517243983
SC_std=0.011950467591497312
SC_avg_abs=0.008494712244670822
SC_std_abs=0.009138205553892501
---
run_2
TV=15191.91
FD=12.626127
IGSD=[19.95,20.417,18.898,20.793,18.013,18.118]
SC_pos=0.239882
SC_neg=0.760118
SC_avg=-0.004671005041287048
SC_std=0.01658067445635096
SC_avg_abs=0.012263067163759966
SC_std_abs=0.012097695535114538
---
run_3
TV=14451.25
FD=12.750165
IGSD=[19.731,20.863,20.34,21.202,19.932,19.162]
SC_pos=0.22784
SC_neg=0.77216
SC_avg=-0.004771497946402889
SC_std=0.01526158123171809
SC_avg_abs=0.011493298711890056
SC_std_abs=0.011116975265967057
---
run_4
TV=11735.547
FD=8.866298
IGSD=[23.313,27.003,27.059,23.331,23.117,22.364]
SC_pos=0.231814
SC_neg=0.768186
SC_avg=-0.0030632666272500005
SC_std=0.010674160200583429
SC_avg_abs=0.007515490238761049
SC_std_abs=0.008175494167842716
---
combined
TV_avg=12868.5506
TV_std=1623.6525907112764
FD_avg=10.2407516
FD_std=2.0042699296531494
IGSD_avg=22.712366666666664
IGSD_std=2.8832220689514862
SC_pos_avg=0.2306364
SC_neg_avg=0.7693636
SC_avg=-0.0038300104788077743
SC_std=0.013333129241741303
SC_avg_abs=0.00947789142463779
SC_std_abs=0.010129703341536315