conf_id=156
---
run_0
TV=7564.563
FD=4.606202
IGSD=[36.9,36.79,36.247,35.749,37.99,34.579]
SC_pos=0.202035
SC_neg=0.797965
SC_avg=-0.0014137439132040353
SC_std=0.006462424796407635
SC_avg_abs=0.0037027071017886656
SC_std_abs=0.005481930884251418
---
run_1
TV=7899.19
FD=4.737812
IGSD=[35.407,34.337,39.15,35.736,38.69,32.317]
SC_pos=0.224618
SC_neg=0.775382
SC_avg=-0.001421426711860455
SC_std=0.006225521974145981
SC_avg_abs=0.003860338396396509
SC_std_abs=0.005086783385703753
---
run_2
TV=8158.679
FD=5.062039
IGSD=[36.181,31.743,34.689,38.348,35.466,34.096]
SC_pos=0.234667
SC_neg=0.765333
SC_avg=-0.0016269543942376173
SC_std=0.006546386488481338
SC_avg_abs=0.004307261888107921
SC_std_abs=0.005191305393131203
---
run_3
TV=7561.799
FD=4.783016
IGSD=[37.041,35.141,38.001,39.901,39.569,38.682]
SC_pos=0.232372
SC_neg=0.767628
SC_avg=-0.0013491775045662673
SC_std=0.005392308476453176
SC_avg_abs=0.0036201495864716087
SC_std_abs=0.004218031248773041
---
run_4
TV=8668.715
FD=5.372157
IGSD=[34.082,27.646,28.86,37.273,35.518,35.281]
SC_pos=0.230303
SC_neg=0.769697
SC_avg=-0.0015382056469993614
SC_std=0.007430673916909825
SC_avg_abs=0.004637998440873103
SC_std_abs=0.006005827331381031
---
combined
TV_avg=7970.589199999999
TV_std=414.6858941301959
FD_avg=4.912245199999999
FD_std=0.27376873961751
IGSD_avg=35.71366666666666
IGSD_std=2.80521277069831
SC_pos_avg=0.224799
SC_neg_avg=0.775201
SC_avg=-0.001469901634173548
SC_std=0.006445409972249114
SC_avg_abs=0.004025691082727562
SC_std_abs=0.005243827974958959