conf_id=243
---
run_0
TV=24145.477
FD=23.422439
IGSD=[11.377,11.895,12.493,10.826,11.85,15.483]
SC_pos=0.212793
SC_neg=0.787207
SC_avg=-0.011307834259318554
SC_std=0.035421562313154874
SC_avg_abs=0.027020157961917587
SC_std_abs=0.02554339946158212
---
run_1
TV=24975.121
FD=29.805285
IGSD=[12.194,11.396,11.438,11.762,11.843,12.034]
SC_pos=0.219799
SC_neg=0.780201
SC_avg=-0.012755287938127028
SC_std=0.03471867280720358
SC_avg_abs=0.027530427945511648
SC_std_abs=0.024701399737973896
---
run_2
TV=23366.706
FD=21.922511
IGSD=[13.848,10.655,12.497,14.494,10.434,11.317]
SC_pos=0.22456
SC_neg=0.77544
SC_avg=-0.00960220091500258
SC_std=0.036173558452306284
SC_avg_abs=0.02561570415805147
SC_std_abs=0.02728670544425767
---
run_3
TV=26071.619
FD=31.68966
IGSD=[10.331,11.643,13.159,11.541,10.843,10.386]
SC_pos=0.19978
SC_neg=0.80022
SC_avg=-0.013621559915360964
SC_std=0.04279555325218569
SC_avg_abs=0.0327356429496455
SC_std_abs=0.030747096665567554
---
run_4
TV=29989.043
FD=34.117327
IGSD=[9.686,9.806,9.929,10.062,9.485,9.337]
SC_pos=0.161587
SC_neg=0.838413
SC_avg=-0.020695896288906415
SC_std=0.05286651994589336
SC_avg_abs=0.04305740662241566
SC_std_abs=0.03700336186541256
---
combined
TV_avg=25709.593200000003
TV_std=2320.335432741776
FD_avg=28.1914444
FD_std=4.732885313086284
IGSD_avg=11.468133333333332
IGSD_std=1.4275748137624487
SC_pos_avg=0.2037038
SC_neg_avg=0.7962962
SC_avg=-0.0135965558633431
SC_std=0.041151500745629455
SC_avg_abs=0.03119186792750838
SC_std_abs=0.030089528413642944