conf_id=306
---
run_0
TV=10031.767
FD=7.450133
IGSD=[25.046,30.152,31.144,30.156,31.421,28.884]
SC_pos=0.250794
SC_neg=0.749206
SC_avg=-0.0019444543636086403
SC_std=0.00781533033854814
SC_avg_abs=0.005796938194311269
SC_std_abs=0.005590688566189573
---
run_1
TV=11561.934
FD=8.050016
IGSD=[24.911,22.641,28.065,23.346,24.726,26.183]
SC_pos=0.224719
SC_neg=0.775281
SC_avg=-0.003172161198694494
SC_std=0.010875491793081367
SC_avg_abs=0.007846804038282754
SC_std_abs=0.008171082841133877
---
run_2
TV=10990.018
FD=7.939936
IGSD=[30.657,26.91,25.625,27.878,25.293,25.3]
SC_pos=0.240404
SC_neg=0.759596
SC_avg=-0.002834294614600581
SC_std=0.008557118213293044
SC_avg_abs=0.006754958329300301
SC_std_abs=0.005968922519855814
---
run_3
TV=11085.581
FD=8.217776
IGSD=[24.651,25.794,25.254,29.479,26.177,24.434]
SC_pos=0.229597
SC_neg=0.770403
SC_avg=-0.002689394770349871
SC_std=0.010416246362578027
SC_avg_abs=0.007333582636699651
SC_std_abs=0.007870806707536565
---
run_4
TV=12464.9
FD=10.070493
IGSD=[24.466,22.958,22.143,23.824,24.28,22.763]
SC_pos=0.241848
SC_neg=0.758152
SC_avg=-0.0033556179371564045
SC_std=0.011614094240912592
SC_avg_abs=0.008744822623428777
SC_std_abs=0.0083471812045584
---
combined
TV_avg=11226.84
TV_std=793.6395646047391
FD_avg=8.3456708
FD_std=0.8994875364787221
IGSD_avg=26.152033333333332
IGSD_std=2.665587946192901
SC_pos_avg=0.2374724
SC_neg_avg=0.7625276
SC_avg=-0.0027991845768819976
SC_std=0.00997153885194954
SC_avg_abs=0.0072954211644045515
SC_std_abs=0.007351452333066668