conf_id=164
---
run_0
TV=22572.52
FD=26.885544
IGSD=[13.422,12.773,13.009,12.208,14.594,14.68]
SC_pos=0.246339
SC_neg=0.753661
SC_avg=-0.009442455256968213
SC_std=0.026397753112998686
SC_avg_abs=0.022000027132033827
SC_std_abs=0.017378151135389916
---
run_1
TV=26747.573
FD=35.202066
IGSD=[11.909,10.8,10.526,12.115,10.565,10.353]
SC_pos=0.200857
SC_neg=0.799143
SC_avg=-0.015793259322127325
SC_std=0.04193350528275768
SC_avg_abs=0.033895425693255675
SC_std_abs=0.029307780918862
---
run_2
TV=23417.964
FD=24.282354
IGSD=[10.774,19.023,12.887,13.385,10.572,11.406]
SC_pos=0.229974
SC_neg=0.770026
SC_avg=-0.010956873362657925
SC_std=0.031890395844251206
SC_avg_abs=0.024882886684609005
SC_std_abs=0.022757248762301337
---
run_3
TV=22499.078
FD=23.09839
IGSD=[14.565,13.999,12.094,13.622,13.929,13.658]
SC_pos=0.25609
SC_neg=0.74391
SC_avg=-0.010580202826050848
SC_std=0.02461010082508395
SC_avg_abs=0.02195083944153561
SC_std_abs=0.015354426146004173
---
run_4
TV=22466.858
FD=24.171341
IGSD=[11.071,13.,15.364,10.586,13.734,16.713]
SC_pos=0.235691
SC_neg=0.764309
SC_avg=-0.008385283413227092
SC_std=0.029550734065941248
SC_avg_abs=0.02205508695780316
SC_std_abs=0.021380645477624444
---
combined
TV_avg=23540.798600000002
TV_std=1641.6201789368452
FD_avg=26.727939
FD_std=4.416477624020845
IGSD_avg=12.911200000000001
IGSD_std=1.9756456733601466
SC_pos_avg=0.2337902
SC_neg_avg=0.7662098
SC_avg=-0.011031614836206292
SC_std=0.03157078283395369
SC_avg_abs=0.02495685318184745
SC_std_abs=0.022261319230961633