conf_id=10
---
run_0
TV=24329.725
FD=26.009994
IGSD=[12.243,11.696,11.496,11.596,12.89,12.125]
SC_pos=0.180815
SC_neg=0.819185
SC_avg=-0.013386181798119401
SC_std=0.036514171783394195
SC_avg_abs=0.028966359070913727
SC_std_abs=0.025950426708137547
---
run_1
TV=14384.242
FD=10.797639
IGSD=[20.444,19.928,18.777,18.644,19.422,19.356]
SC_pos=0.190333
SC_neg=0.809667
SC_avg=-0.0045937775968365804
SC_std=0.019612034798973364
SC_avg_abs=0.012297740878370426
SC_std_abs=0.01595306462262961
---
run_2
TV=10820.536
FD=7.631926
IGSD=[24.453,25.983,25.669,27.608,25.438,26.57]
SC_pos=0.212886
SC_neg=0.787114
SC_avg=-0.0028080374896041756
SC_std=0.010514082293509398
SC_avg_abs=0.006842717696114566
SC_std_abs=0.008462163762832237
---
run_3
TV=15911.202
FD=13.121656
IGSD=[17.1,20.167,17.622,17.646,18.752,18.635]
SC_pos=0.214599
SC_neg=0.785401
SC_avg=-0.005365059997563939
SC_std=0.018262295554136023
SC_avg_abs=0.013151391372027123
SC_std_abs=0.013759949587983511
---
run_4
TV=13198.564
FD=9.355309
IGSD=[20.947,24.515,21.177,20.857,23.152,22.391]
SC_pos=0.234466
SC_neg=0.765534
SC_avg=-0.00362738982613848
SC_std=0.012460754723350715
SC_avg_abs=0.008972444352881108
SC_std_abs=0.009376758904905896
---
combined
TV_avg=15728.8538
TV_std=4611.077254948408
FD_avg=13.3833048
FD_std=6.5649145636959325
IGSD_avg=19.576633333333334
IGSD_std=4.704745579258835
SC_pos_avg=0.2066198
SC_neg_avg=0.7933802
SC_avg=-0.005956089341652517
SC_std=0.021863160697502985
SC_avg_abs=0.014046130674061385
SC_std_abs=0.017781423143769407