conf_id=62
---
run_0
TV=13530.784
FD=11.205441
IGSD=[24.559,20.259,21.282,22.849,18.585,21.142]
SC_pos=0.242227
SC_neg=0.757773
SC_avg=-0.003858055183963025
SC_std=0.015564071290102137
SC_avg_abs=0.011184582444525672
SC_std_abs=0.011490431691955422
---
run_1
TV=11648.652
FD=9.410232
IGSD=[23.541,30.873,28.525,26.014,23.535,23.096]
SC_pos=0.253547
SC_neg=0.746453
SC_avg=-0.0028624797675934513
SC_std=0.009151632354867253
SC_avg_abs=0.007497876163005513
SC_std_abs=0.005977291880339186
---
run_2
TV=12203.474
FD=10.749058
IGSD=[26.664,24.681,24.307,23.07,24.654,23.856]
SC_pos=0.256009
SC_neg=0.743991
SC_avg=-0.0031139841957194027
SC_std=0.010846353313436526
SC_avg_abs=0.008649162729731149
SC_std_abs=0.007247914310042255
---
run_3
TV=12440.929
FD=10.153437
IGSD=[24.15,23.112,25.409,26.914,22.747,21.646]
SC_pos=0.249537
SC_neg=0.750463
SC_avg=-0.003258626684907446
SC_std=0.010029349529752199
SC_avg_abs=0.008243341433966734
SC_std_abs=0.006576763783547251
---
run_4
TV=13107.11
FD=12.388198
IGSD=[22.56,21.073,21.126,22.672,22.974,24.879]
SC_pos=0.249546
SC_neg=0.750454
SC_avg=-0.003806930435302634
SC_std=0.013537406828318636
SC_avg_abs=0.01046102498900835
SC_std_abs=0.009397928450141787
---
combined
TV_avg=12586.189800000002
TV_std=664.8556636529164
FD_avg=10.781273200000001
FD_std=1.0037027170084571
IGSD_avg=23.691799999999997
IGSD_std=2.4531051125733145
SC_pos_avg=0.2501732
SC_neg_avg=0.7498268
SC_avg=-0.0033800152534971886
SC_std=0.012068549499772629
SC_avg_abs=0.00920719755204749
SC_std_abs=0.008503052591858217