conf_id=231
---
run_0
TV=21320.966
FD=20.793193
IGSD=[14.718,12.098,12.421,14.138,14.893,12.785]
SC_pos=0.216929
SC_neg=0.783071
SC_avg=-0.009422436305080226
SC_std=0.03423825570498945
SC_avg_abs=0.023588992205196092
SC_std_abs=0.02654430082685801
---
run_1
TV=10682.188
FD=7.207574
IGSD=[26.644,27.272,28.163,28.088,26.642,26.369]
SC_pos=0.223624
SC_neg=0.776376
SC_avg=-0.002432649429279496
SC_std=0.009168863019422683
SC_avg_abs=0.006440939402993419
SC_std_abs=0.0069642036100100915
---
run_2
TV=12456.207
FD=9.128783
IGSD=[25.584,21.115,22.046,23.195,23.255,21.19]
SC_pos=0.235618
SC_neg=0.764382
SC_avg=-0.003440218112962797
SC_std=0.012171044684886147
SC_avg_abs=0.008529055528512805
SC_std_abs=0.009339413320856827
---
run_3
TV=10804.565
FD=8.549947
IGSD=[23.21,30.496,26.702,25.783,26.647,27.843]
SC_pos=0.238022
SC_neg=0.761978
SC_avg=-0.002456667496030763
SC_std=0.01041598299869212
SC_avg_abs=0.006985481682544904
SC_std_abs=0.008107463393560712
---
run_4
TV=12428.032
FD=8.699773
IGSD=[24.886,23.09,23.968,24.364,23.545,23.496]
SC_pos=0.237272
SC_neg=0.762728
SC_avg=-0.003637221225579085
SC_std=0.01085352796906544
SC_avg_abs=0.008508623980459233
SC_std_abs=0.007657138210731402
---
combined
TV_avg=13538.391600000003
TV_std=3964.951276493702
FD_avg=10.875854
FD_std=5.0001463972482245
IGSD_avg=22.82153333333333
IGSD_std=5.136670145358978
SC_pos_avg=0.230293
SC_neg_avg=0.769707
SC_avg=-0.00427783851378648
SC_std=0.018248575693617913
SC_avg_abs=0.01081061855994129
SC_std_abs=0.015311464448157477