conf_id=298
---
run_0
TV=9105.96
FD=6.612814
IGSD=[30.39,29.738,29.411,29.362,27.483,27.559]
SC_pos=0.195938
SC_neg=0.804062
SC_avg=-0.0023426636603787335
SC_std=0.010197792743328245
SC_avg_abs=0.005628251860638692
SC_std_abs=0.008820761353463451
---
run_1
TV=8404.943
FD=5.921367
IGSD=[32.976,30.698,33.189,31.889,30.018,29.923]
SC_pos=0.196776
SC_neg=0.803224
SC_avg=-0.0019656706764850968
SC_std=0.008838040365733957
SC_avg_abs=0.004884716302713743
SC_std_abs=0.007623277861703511
---
run_2
TV=9195.253
FD=6.349802
IGSD=[28.822,27.858,26.959,31.811,27.544,28.438]
SC_pos=0.194269
SC_neg=0.805731
SC_avg=-0.0023575783345994505
SC_std=0.010116016639075636
SC_avg_abs=0.0055310170367706205
SC_std_abs=0.00879203155048826
---
run_3
TV=10313.63
FD=7.381628
IGSD=[27.223,28.598,28.829,25.485,29.988,26.996]
SC_pos=0.214715
SC_neg=0.785285
SC_avg=-0.002250267033008715
SC_std=0.008565950167313138
SC_avg_abs=0.005694956317440131
SC_std_abs=0.006782822165676066
---
run_4
TV=9548.603
FD=6.213509
IGSD=[26.521,26.559,26.885,27.069,27.434,27.124]
SC_pos=0.167824
SC_neg=0.832176
SC_avg=-0.0028629252720977338
SC_std=0.01154454752267377
SC_avg_abs=0.0061272552113513425
SC_std_abs=0.010194589849123737
---
combined
TV_avg=9313.6778
TV_std=622.5856256456295
FD_avg=6.495824000000001
FD_std=0.4958549011704936
IGSD_avg=28.759299999999993
IGSD_std=1.9553609070109454
SC_pos_avg=0.1939044
SC_neg_avg=0.8060956
SC_avg=-0.0023558209953139487
SC_std=0.009914761687684862
SC_avg_abs=0.005573239345782904
SC_std_abs=0.008531787332098884