conf_id=50
---
run_0
TV=8510.767
FD=5.909412
IGSD=[31.174,29.071,28.115,30.854,29.35,34.337]
SC_pos=0.188374
SC_neg=0.811626
SC_avg=-0.0018802758881454728
SC_std=0.009960772251429726
SC_avg_abs=0.005099134726558271
SC_std_abs=0.008760778863822616
---
run_1
TV=9855.226
FD=7.358918
IGSD=[27.024,27.672,29.591,27.984,27.463,26.203]
SC_pos=0.198292
SC_neg=0.801708
SC_avg=-0.0024415459015989663
SC_std=0.010965085362987556
SC_avg_abs=0.006171022168343415
SC_std_abs=0.009386838062150257
---
run_2
TV=10233.883
FD=7.262693
IGSD=[29.373,27.97,25.79,27.947,24.849,27.933]
SC_pos=0.217999
SC_neg=0.782001
SC_avg=-0.0022561657472906604
SC_std=0.010039479422771135
SC_avg_abs=0.0060841653871856645
SC_std_abs=0.008298455428624323
---
run_3
TV=10908.272
FD=7.852977
IGSD=[25.481,28.614,24.476,23.287,24.724,27.508]
SC_pos=0.216172
SC_neg=0.783828
SC_avg=-0.0022999990229878734
SC_std=0.012307836840448587
SC_avg_abs=0.007106422144417453
SC_std_abs=0.010308812128571453
---
run_4
TV=10575.146
FD=6.780822
IGSD=[29.137,28.813,24.727,29.455,24.601,24.102]
SC_pos=0.217526
SC_neg=0.782474
SC_avg=-0.002266570755941006
SC_std=0.009591940139375147
SC_avg_abs=0.006133054124868423
SC_std_abs=0.007715458880097636
---
combined
TV_avg=10016.658800000001
TV_std=830.4021996920291
FD_avg=7.032964399999999
FD_std=0.6568694586587507
IGSD_avg=27.587499999999995
IGSD_std=2.4078287695210667
SC_pos_avg=0.2076726
SC_neg_avg=0.7923274
SC_avg=-0.002228911463192797
SC_std=0.010619824536208078
SC_avg_abs=0.006118759710274642
SC_std_abs=0.008961556734101452