conf_id=109
---
run_0
TV=13988.113
FD=11.51149
IGSD=[17.819,26.044,24.137,22.661,18.571,19.018]
SC_pos=0.252795
SC_neg=0.747205
SC_avg=-0.0035930690157883137
SC_std=0.013623057871795387
SC_avg_abs=0.010178552924636613
SC_std_abs=0.009741401905828324
---
run_1
TV=15285.265
FD=13.291762
IGSD=[18.711,19.219,18.89,18.818,19.64,18.636]
SC_pos=0.22578
SC_neg=0.77422
SC_avg=-0.0050709475206109226
SC_std=0.018847676402132023
SC_avg_abs=0.013459892944257482
SC_std_abs=0.01413437994555834
---
run_2
TV=17460.144
FD=16.112616
IGSD=[16.894,16.404,15.578,16.426,19.47,16.809]
SC_pos=0.25188
SC_neg=0.74812
SC_avg=-0.005591606411999394
SC_std=0.023294283517676234
SC_avg_abs=0.016973232458515588
SC_std_abs=0.016905593357755547
---
run_3
TV=14740.346
FD=12.256793
IGSD=[19.319,18.498,18.111,19.065,19.387,20.342]
SC_pos=0.214991
SC_neg=0.785009
SC_avg=-0.005483927925919825
SC_std=0.019185223389412982
SC_avg_abs=0.013227045309380875
SC_std_abs=0.014939596192064492
---
run_4
TV=11122.953
FD=8.2395
IGSD=[25.858,25.708,25.504,26.049,23.271,24.057]
SC_pos=0.225604
SC_neg=0.774396
SC_avg=-0.0024724709921561654
SC_std=0.014709653644751262
SC_avg_abs=0.008374871565681433
SC_std_abs=0.012342955457018322
---
combined
TV_avg=14519.3642
TV_std=2054.334914294493
FD_avg=12.2824322
FD_std=2.5545788147976487
IGSD_avg=20.29713333333333
IGSD_std=3.197373294162291
SC_pos_avg=0.23421
SC_neg_avg=0.76579
SC_avg=-0.0044424043732949284
SC_std=0.018304619494488184
SC_avg_abs=0.012442719040494385
SC_std_abs=0.014141173725443901