conf_id=146
---
run_0
TV=12547.755
FD=8.916323
IGSD=[23.047,24.371,19.029,24.966,24.565,22.692]
SC_pos=0.256056
SC_neg=0.743944
SC_avg=-0.0026731147259067786
SC_std=0.01207410390449948
SC_avg_abs=0.008623181599227604
SC_std_abs=0.008863987056694727
---
run_1
TV=10375.522
FD=7.395497
IGSD=[26.58,31.325,28.496,28.939,25.037,28.963]
SC_pos=0.240241
SC_neg=0.759759
SC_avg=-0.0024433884262231214
SC_std=0.008619183736307262
SC_avg_abs=0.006231555423431964
SC_std_abs=0.006436473590897455
---
run_2
TV=12201.455
FD=10.098708
IGSD=[23.619,22.671,23.032,23.295,26.296,25.697]
SC_pos=0.244405
SC_neg=0.755595
SC_avg=-0.0032825726910229807
SC_std=0.01133551142501092
SC_avg_abs=0.00880202461006857
SC_std_abs=0.007860881979914861
---
run_3
TV=12175.365
FD=8.860833
IGSD=[28.687,24.689,23.627,25.367,21.216,19.972]
SC_pos=0.229214
SC_neg=0.770786
SC_avg=-0.003217385899183125
SC_std=0.010599548966029458
SC_avg_abs=0.007961320694113792
SC_std_abs=0.007701907758016451
---
run_4
TV=14335.638
FD=12.397843
IGSD=[20.719,19.893,19.07,20.11,21.092,20.402]
SC_pos=0.244286
SC_neg=0.755714
SC_avg=-0.004364737297166199
SC_std=0.019561005530426598
SC_avg_abs=0.013555464429176567
SC_std_abs=0.014762562553431665
---
combined
TV_avg=12327.147
TV_std=1259.395123204628
FD_avg=9.5338408
FD_std=1.6690335823114406
IGSD_avg=23.91546666666667
IGSD_std=3.201699348089316
SC_pos_avg=0.2428404
SC_neg_avg=0.7571596
SC_avg=-0.0031962398079004384
SC_std=0.013005885131344753
SC_avg_abs=0.009034709351203698
SC_std_abs=0.009886507163736557