conf_id=71
---
run_0
TV=8433.853
FD=5.429305
IGSD=[32.42,29.818,32.071,33.293,35.749,32.802]
SC_pos=0.20517
SC_neg=0.79483
SC_avg=-0.0016362342060879
SC_std=0.007743933186708511
SC_avg_abs=0.004510758723105785
SC_std_abs=0.006503754248071078
---
run_1
TV=10265.224
FD=7.506097
IGSD=[25.116,26.946,29.228,29.603,27.859,26.507]
SC_pos=0.220653
SC_neg=0.779347
SC_avg=-0.0021377447061165194
SC_std=0.010296794905059787
SC_avg_abs=0.006502786125356717
SC_std_abs=0.008264847872360542
---
run_2
TV=11706.93
FD=9.175534
IGSD=[25.233,22.912,23.041,24.337,25.749,23.429]
SC_pos=0.200466
SC_neg=0.799534
SC_avg=-0.00304259031586726
SC_std=0.012370770287047549
SC_avg_abs=0.008124562559177801
SC_std_abs=0.009812481671173408
---
run_3
TV=8707.354
FD=5.474346
IGSD=[32.582,31.446,31.116,32.137,32.612,30.914]
SC_pos=0.208528
SC_neg=0.791472
SC_avg=-0.00160749083531158
SC_std=0.008452143983064988
SC_avg_abs=0.00480354560940125
SC_std_abs=0.007137836806377289
---
run_4
TV=10021.852
FD=6.79144
IGSD=[29.38,26.211,26.938,28.202,30.125,30.355]
SC_pos=0.228431
SC_neg=0.771569
SC_avg=-0.0022405209122045968
SC_std=0.008922242049742853
SC_avg_abs=0.0058171662897131835
SC_std_abs=0.007126493773943131
---
combined
TV_avg=9827.042599999999
TV_std=1179.712685430754
FD_avg=6.8753444
FD_std=1.3963944607344447
IGSD_avg=28.937700000000003
IGSD_std=3.3823976914806066
SC_pos_avg=0.2126496
SC_neg_avg=0.7873504
SC_avg=-0.0021329161951175726
SC_std=0.009710154056648162
SC_avg_abs=0.005951763861350945
SC_std_abs=0.007963223608435998