conf_id=114
---
run_0
TV=8152.386
FD=5.183388
IGSD=[36.859,33.26,34.519,34.043,30.784,31.435]
SC_pos=0.217331
SC_neg=0.782669
SC_avg=-0.0014914482889741563
SC_std=0.008045959231515545
SC_avg_abs=0.004318899351671146
SC_std_abs=0.006950466627790448
---
run_1
TV=11391.929
FD=7.754518
IGSD=[29.594,24.05,25.611,26.312,21.649,23.423]
SC_pos=0.234629
SC_neg=0.765371
SC_avg=-0.0024386157162683457
SC_std=0.01138265678296169
SC_avg_abs=0.007192940777175456
SC_std_abs=0.009152776902469616
---
run_2
TV=9543.848
FD=6.716362
IGSD=[28.542,28.228,31.013,28.502,29.506,29.061]
SC_pos=0.219046
SC_neg=0.780954
SC_avg=-0.0016851823089430965
SC_std=0.01059275198117426
SC_avg_abs=0.005960555016061361
SC_std_abs=0.008917287583651868
---
run_3
TV=11843.012
FD=8.433131
IGSD=[25.431,22.873,23.104,24.387,24.268,23.747]
SC_pos=0.227286
SC_neg=0.772714
SC_avg=-0.0032104367587290164
SC_std=0.010933865536339824
SC_avg_abs=0.00787047484645073
SC_std_abs=0.008240870429751008
---
run_4
TV=13263.165
FD=10.535173
IGSD=[22.004,24.959,21.419,22.44,20.462,20.979]
SC_pos=0.245608
SC_neg=0.754392
SC_avg=-0.0034585871404982376
SC_std=0.015175068558850983
SC_avg_abs=0.010261663946318637
SC_std_abs=0.011702255501700157
---
combined
TV_avg=10838.868
TV_std=1793.6365252408307
FD_avg=7.724514400000001
FD_std=1.7819390623680262
IGSD_avg=26.748800000000003
IGSD_std=4.420665066103365
SC_pos_avg=0.22878
SC_neg_avg=0.77122
SC_avg=-0.002456854042682567
SC_std=0.011484250306753615
SC_avg_abs=0.007120906787535466
SC_std_abs=0.009338994775587329