conf_id=160
---
run_0
TV=21808.864
FD=21.930057
IGSD=[13.167,12.27,11.629,10.811,22.14,14.118]
SC_pos=0.254462
SC_neg=0.745538
SC_avg=-0.007947404240710748
SC_std=0.02718542235838763
SC_avg_abs=0.020230972430633667
SC_std_abs=0.019822113345456617
---
run_1
TV=23001.743
FD=25.182779
IGSD=[14.714,10.885,12.191,13.694,11.981,12.585]
SC_pos=0.234345
SC_neg=0.765655
SC_avg=-0.009702164627952559
SC_std=0.03282619249061466
SC_avg_abs=0.024899836787680336
SC_std_abs=0.023488061645134985
---
run_2
TV=21074.674
FD=19.205443
IGSD=[11.821,12.62,30.344,14.042,11.625,12.44]
SC_pos=0.254001
SC_neg=0.745999
SC_avg=-0.007598397624314625
SC_std=0.028201454975333686
SC_avg_abs=0.020690480615741687
SC_std_abs=0.020614599706823826
---
run_3
TV=29885.942
FD=34.9047
IGSD=[9.765,9.803,9.814,9.962,9.771,9.409]
SC_pos=0.169844
SC_neg=0.830156
SC_avg=-0.020002931533482673
SC_std=0.05404101444387582
SC_avg_abs=0.04353783865729738
SC_std_abs=0.037749239954037936
---
run_4
TV=27419.224
FD=34.289644
IGSD=[10.58,10.54,10.832,10.58,11.277,10.297]
SC_pos=0.190751
SC_neg=0.809249
SC_avg=-0.01581366143049237
SC_std=0.04640815420490826
SC_avg_abs=0.036259848978123885
SC_std_abs=0.033000182069625524
---
combined
TV_avg=24638.0894
TV_std=3425.0472052921896
FD_avg=27.102524600000002
FD_std=6.408312855675029
IGSD_avg=12.523566666666666
IGSD_std=4.069135294574949
SC_pos_avg=0.2206806
SC_neg_avg=0.7793194
SC_avg=-0.012212911891390593
SC_std=0.039510803930868726
SC_avg_abs=0.029123795493895363
SC_std_abs=0.029360915860377725