conf_id=41
---
run_0
TV=16541.72
FD=16.038284
IGSD=[17.227,17.836,18.114,17.034,18.17,18.624]
SC_pos=0.241302
SC_neg=0.758698
SC_avg=-0.005557930451780975
SC_std=0.021590184694298974
SC_avg_abs=0.015651354531230097
SC_std_abs=0.015876453236743998
---
run_1
TV=16107.752
FD=14.635021
IGSD=[19.342,17.452,17.255,18.589,18.666,20.143]
SC_pos=0.257245
SC_neg=0.742755
SC_avg=-0.005525457042981053
SC_std=0.018813152333752838
SC_avg_abs=0.014885404781774577
SC_std_abs=0.012762840622272975
---
run_2
TV=14199.966
FD=13.373117
IGSD=[18.336,22.07,21.465,19.453,19.817,23.622]
SC_pos=0.252934
SC_neg=0.747066
SC_avg=-0.003935796769156578
SC_std=0.016453817581054547
SC_avg_abs=0.01214811155889659
SC_std_abs=0.011774633529385365
---
run_3
TV=17467.753
FD=18.922181
IGSD=[15.943,16.76,16.877,15.893,18.572,16.614]
SC_pos=0.230867
SC_neg=0.769133
SC_avg=-0.006549377594395831
SC_std=0.020772298650534645
SC_avg_abs=0.01601448699078588
SC_std_abs=0.014762077920229506
---
run_4
TV=12460.971
FD=9.944138
IGSD=[20.679,34.39,27.365,19.444,23.16,22.943]
SC_pos=0.254669
SC_neg=0.745331
SC_avg=-0.002472146771691773
SC_std=0.009668530220624225
SC_avg_abs=0.007552327466433108
SC_std_abs=0.006523368464809426
---
combined
TV_avg=15355.632400000002
TV_std=1797.1182802064648
FD_avg=14.5825482
FD_std=2.9641830565595906
IGSD_avg=19.728499999999997
IGSD_std=3.7259194189711975
SC_pos_avg=0.2474034
SC_neg_avg=0.7525966
SC_avg=-0.00480814172600124
SC_std=0.018033825116201135
SC_avg_abs=0.013250337065824062
SC_std_abs=0.013144034495583544