conf_id=113
---
run_0
TV=10274.75
FD=7.452655
IGSD=[27.124,26.969,25.97,28.267,27.701,27.784]
SC_pos=0.22052
SC_neg=0.77948
SC_avg=-0.002668754687257843
SC_std=0.009855748554656152
SC_avg_abs=0.006385902994786066
SC_std_abs=0.007967325404083224
---
run_1
TV=15002.665
FD=11.384591
IGSD=[15.252,19.03,47.436,18.502,18.481,15.072]
SC_pos=0.254127
SC_neg=0.745873
SC_avg=-0.004713680524911003
SC_std=0.016720087782873736
SC_avg_abs=0.013037491699082611
SC_std_abs=0.011480589259889089
---
run_2
TV=10423.072
FD=7.936046
IGSD=[24.715,23.266,24.096,24.335,28.624,28.657]
SC_pos=0.203937
SC_neg=0.796063
SC_avg=-0.0030363699547964655
SC_std=0.011506154661253168
SC_avg_abs=0.006900937765938894
SC_std_abs=0.009694750927265067
---
run_3
TV=10064.009
FD=7.411118
IGSD=[26.238,24.522,28.099,26.175,30.972,27.833]
SC_pos=0.215923
SC_neg=0.784077
SC_avg=-0.0022096658666905904
SC_std=0.011105954439323483
SC_avg_abs=0.0063332213052897076
SC_std_abs=0.009386967303073502
---
run_4
TV=12050.734
FD=8.65941
IGSD=[21.256,27.309,30.07,20.651,21.533,20.095]
SC_pos=0.207467
SC_neg=0.792533
SC_avg=-0.003488470440801697
SC_std=0.011060886465589259
SC_avg_abs=0.00747279778780784
SC_std_abs=0.008869607017424001
---
combined
TV_avg=11563.045999999998
TV_std=1858.7725886813591
FD_avg=8.568764
FD_std=1.4780577810062772
IGSD_avg=25.201133333333335
IGSD_std=5.883585923189663
SC_pos_avg=0.2203948
SC_neg_avg=0.7796052
SC_avg=-0.0032233882948915207
SC_std=0.012316132594900846
SC_avg_abs=0.008026070310581022
SC_std_abs=0.009882284632838332