conf_id=19
---
run_0
TV=11672.629
FD=8.454507
IGSD=[22.339,27.298,24.346,22.458,21.909,21.768]
SC_pos=0.172586
SC_neg=0.827414
SC_avg=-0.0030050067112050213
SC_std=0.014402273293449147
SC_avg_abs=0.008492407965578297
SC_std_abs=0.012013931425631163
---
run_1
TV=10445.061
FD=7.075216
IGSD=[27.467,29.823,27.936,28.028,25.912,26.496]
SC_pos=0.231879
SC_neg=0.768121
SC_avg=-0.0025608785542100133
SC_std=0.008492063315113534
SC_avg_abs=0.006117960214856365
SC_std_abs=0.006422133689572686
---
run_2
TV=10495.917
FD=6.766242
IGSD=[26.961,26.402,22.838,24.299,25.115,34.161]
SC_pos=0.241694
SC_neg=0.758306
SC_avg=-0.0017060926533840448
SC_std=0.012122782288611075
SC_avg_abs=0.00631452930036912
SC_std_abs=0.0104880561723216
---
run_3
TV=10696.859
FD=7.482719
IGSD=[25.216,25.948,25.764,25.73,25.276,25.831]
SC_pos=0.167634
SC_neg=0.832366
SC_avg=-0.002654890923181747
SC_std=0.012773831861453255
SC_avg_abs=0.007143808611912628
SC_std_abs=0.01091719857633057
---
run_4
TV=13583.233
FD=10.972781
IGSD=[21.257,19.011,19.109,19.103,21.88,21.299]
SC_pos=0.185651
SC_neg=0.814349
SC_avg=-0.00430836962872542
SC_std=0.018506627757758125
SC_avg_abs=0.01080810150608767
SC_std_abs=0.015628252034570356
---
combined
TV_avg=11378.7398
TV_std=1188.4657970594528
FD_avg=8.150293000000001
FD_std=1.5215799315150023
IGSD_avg=24.699333333333325
IGSD_std=3.3029099526865027
SC_pos_avg=0.1998888
SC_neg_avg=0.8001112
SC_avg=-0.0028470476941412494
SC_std=0.013680274305926266
SC_avg_abs=0.00777536151976082
SC_std_abs=0.011610311748403839