conf_id=245
---
run_0
TV=20810.746
FD=20.811664
IGSD=[11.559,20.395,13.302,12.472,13.406,13.324]
SC_pos=0.257976
SC_neg=0.742024
SC_avg=-0.005353121289910834
SC_std=0.026800191922562718
SC_avg_abs=0.018262325361262023
SC_std_abs=0.020332084670050404
---
run_1
TV=14954.869
FD=11.571108
IGSD=[18.441,18.453,17.847,18.729,18.793,18.31]
SC_pos=0.19179
SC_neg=0.80821
SC_avg=-0.005787739940986165
SC_std=0.020036753348432024
SC_avg_abs=0.013234705886755033
SC_std_abs=0.016118684141749287
---
run_2
TV=13892.326
FD=10.818487
IGSD=[18.043,17.444,17.569,23.322,21.002,20.603]
SC_pos=0.178022
SC_neg=0.821978
SC_avg=-0.003908494102515013
SC_std=0.019541763395037815
SC_avg_abs=0.01144380996296119
SC_std_abs=0.01631551581374812
---
run_3
TV=22565.305
FD=22.414819
IGSD=[15.423,11.613,11.602,16.05,10.988,11.313]
SC_pos=0.21959
SC_neg=0.78041
SC_avg=-0.010840047874396505
SC_std=0.031920325345698025
SC_avg_abs=0.02459849976777146
SC_std_abs=0.023050544836714114
---
run_4
TV=18783.2
FD=15.474226
IGSD=[16.001,15.366,13.603,15.323,13.259,18.324]
SC_pos=0.220993
SC_neg=0.779007
SC_avg=-0.006999174747977865
SC_std=0.02576289640667092
SC_avg_abs=0.017685023005616383
SC_std_abs=0.01999888096130401
---
combined
TV_avg=18201.2892
TV_std=3325.625560606449
FD_avg=16.2180608
FD_std=4.707522921985252
IGSD_avg=16.06263333333333
IGSD_std=3.2791249694934708
SC_pos_avg=0.2136742
SC_neg_avg=0.7863258
SC_avg=-0.006577715591157275
SC_std=0.02534493965372717
SC_avg_abs=0.017044872796873223
SC_std_abs=0.019877238736495488