conf_id=61
---
run_0
TV=14147.831
FD=11.974677
IGSD=[23.929,19.14,19.669,24.818,20.591,20.314]
SC_pos=0.253406
SC_neg=0.746594
SC_avg=-0.004795266346930262
SC_std=0.013954747514479202
SC_avg_abs=0.011703403384523766
SC_std_abs=0.008986651587214402
---
run_1
TV=14024.122
FD=12.940821
IGSD=[21.671,19.073,21.127,21.77,22.211,19.926]
SC_pos=0.234491
SC_neg=0.765509
SC_avg=-0.004048982850579291
SC_std=0.013133862163147755
SC_avg_abs=0.010171842766079684
SC_std_abs=0.009242630155264341
---
run_2
TV=12241.622
FD=9.311448
IGSD=[23.285,30.36,25.435,24.84,21.907,22.297]
SC_pos=0.245388
SC_neg=0.754612
SC_avg=-0.002873577374394501
SC_std=0.009558177428643951
SC_avg_abs=0.00775234533218068
SC_std_abs=0.006286282250638055
---
run_3
TV=12400.051
FD=10.167989
IGSD=[25.028,21.757,22.095,24.719,23.646,27.002]
SC_pos=0.252429
SC_neg=0.747571
SC_avg=-0.003350004493596636
SC_std=0.011478327461895328
SC_avg_abs=0.009098332499292816
SC_std_abs=0.0077585357614649315
---
run_4
TV=14901.878
FD=13.384665
IGSD=[21.024,17.934,18.175,19.924,22.288,18.696]
SC_pos=0.238507
SC_neg=0.761493
SC_avg=-0.004700053402582128
SC_std=0.01658801351713417
SC_avg_abs=0.012354026263179737
SC_std_abs=0.012026251682066827
---
combined
TV_avg=13543.1008
TV_std=1043.4333137302838
FD_avg=11.555919999999999
FD_std=1.5749046637444437
IGSD_avg=22.15503333333333
IGSD_std=2.74775713972121
SC_pos_avg=0.2448442
SC_neg_avg=0.7551558
SC_avg=-0.003953576893616566
SC_std=0.013178101018374834
SC_avg_abs=0.010215990049051327
SC_std_abs=0.009215566397238677