conf_id=154
---
run_0
TV=10181.269
FD=7.519763
IGSD=[31.756,27.379,26.826,30.235,27.808,29.402]
SC_pos=0.248497
SC_neg=0.751503
SC_avg=-0.002192138159386936
SC_std=0.008746985485110298
SC_avg_abs=0.006286701612444469
SC_std_abs=0.006464720227717419
---
run_1
TV=10373.793
FD=7.08919
IGSD=[29.152,24.859,28.356,27.735,28.878,24.763]
SC_pos=0.234566
SC_neg=0.765434
SC_avg=-0.0020068594725795178
SC_std=0.010182277703294435
SC_avg_abs=0.00636770695192759
SC_std_abs=0.008195033394932702
---
run_2
TV=10096.94
FD=6.944678
IGSD=[30.415,26.432,29.029,27.095,27.377,29.02]
SC_pos=0.229112
SC_neg=0.770888
SC_avg=-0.002226651375957105
SC_std=0.008064477473827873
SC_avg_abs=0.005701318745686346
SC_std_abs=0.006122804736067803
---
run_3
TV=7290.761
FD=4.808302
IGSD=[39.197,40.926,38.368,39.026,37.279,36.908]
SC_pos=0.246158
SC_neg=0.753842
SC_avg=-0.001059233915786333
SC_std=0.006770921003720957
SC_avg_abs=0.0037569522133993377
SC_std_abs=0.005731723806431665
---
run_4
TV=10157.993
FD=7.094567
IGSD=[30.295,27.54,28.106,28.291,26.873,29.837]
SC_pos=0.248689
SC_neg=0.751311
SC_avg=-0.002259124265571175
SC_std=0.009334052623060965
SC_avg_abs=0.006565358111965947
SC_std_abs=0.007008869643459404
---
combined
TV_avg=9620.1512
TV_std=1168.3740166293326
FD_avg=6.6913
FD_std=0.9609551026604728
IGSD_avg=30.305433333333333
IGSD_std=4.452896560542238
SC_pos_avg=0.2414044
SC_neg_avg=0.7585956
SC_avg=-0.0019488014378562122
SC_std=0.008708865087433404
SC_avg_abs=0.0057356075270847415
SC_std_abs=0.006837028919827365