conf_id=7
---
run_0
TV=23983.79
FD=14.372987
IGSD=[11.803,11.986,11.987,11.711,12.488,11.888]
SC_pos=0.163414
SC_neg=0.836586
SC_avg=-0.014237888239452705
SC_std=0.03536383897182651
SC_avg_abs=0.028349076706112645
SC_std_abs=0.025488201550038083
---
run_1
TV=20893.586
FD=21.265895
IGSD=[14.865,13.821,13.955,15.622,13.097,13.625]
SC_pos=0.212771
SC_neg=0.787229
SC_avg=-0.009407802238265489
SC_std=0.02637053748013901
SC_avg_abs=0.02098052102277456
SC_std_abs=0.018539949502591538
---
run_2
TV=18714.348
FD=14.497299
IGSD=[14.39,17.907,17.806,16.807,14.499,14.558]
SC_pos=0.221557
SC_neg=0.778443
SC_avg=-0.0072983033439904185
SC_std=0.020327380998205698
SC_avg_abs=0.016364159471070176
SC_std_abs=0.014095457947597883
---
run_3
TV=19068.6
FD=18.666583
IGSD=[14.999,14.939,15.603,13.698,17.022,17.841]
SC_pos=0.251304
SC_neg=0.748696
SC_avg=-0.006808198113452878
SC_std=0.01938713488301147
SC_avg_abs=0.01571390013741163
SC_std_abs=0.013239558262855979
---
run_4
TV=25857.993
FD=17.076354
IGSD=[12.556,10.96,10.411,11.858,11.092,11.802]
SC_pos=0.208007
SC_neg=0.791993
SC_avg=-0.015361509701383613
SC_std=0.035902120845703656
SC_avg_abs=0.030292643421626214
SC_std_abs=0.02464333613891222
---
combined
TV_avg=21703.663399999998
TV_std=2792.605336031255
FD_avg=17.175823599999998
FD_std=2.60734841884299
IGSD_avg=13.8532
IGSD_std=2.140839965994656
SC_pos_avg=0.2114106
SC_neg_avg=0.7885894
SC_avg=-0.010622740327309033
SC_std=0.028588934817440806
SC_avg_abs=0.022340060151799044
SC_std_abs=0.02076274351985588