conf_id=256
---
run_0
TV=7367.695
FD=4.45867
IGSD=[37.053,35.291,36.572,37.162,40.146,35.7]
SC_pos=0.200575
SC_neg=0.799425
SC_avg=-0.0012839265471441374
SC_std=0.006603246698606507
SC_avg_abs=0.0036162337445994276
SC_std_abs=0.005672229530399805
---
run_1
TV=9888.652
FD=6.837396
IGSD=[27.013,26.843,27.805,29.402,28.193,26.687]
SC_pos=0.197536
SC_neg=0.802464
SC_avg=-0.002180138315451416
SC_std=0.010596909295303346
SC_avg_abs=0.006305056085821017
SC_std_abs=0.008791686837122732
---
run_2
TV=7659.073
FD=4.547317
IGSD=[36.431,33.644,35.363,37.215,41.294,34.709]
SC_pos=0.211408
SC_neg=0.788592
SC_avg=-0.0014594904049709167
SC_std=0.005869842907242583
SC_avg_abs=0.003669757211455026
SC_std_abs=0.004808123335240274
---
run_3
TV=11808.363
FD=8.428644
IGSD=[22.998,24.458,24.288,23.96,22.419,22.909]
SC_pos=0.206231
SC_neg=0.793769
SC_avg=-0.003168556108369933
SC_std=0.011746378229120887
SC_avg_abs=0.007921856969361065
SC_std_abs=0.009233706269447774
---
run_4
TV=10044.365
FD=6.575798
IGSD=[27.727,27.817,27.676,28.203,27.293,26.653]
SC_pos=0.193248
SC_neg=0.806752
SC_avg=-0.0022699696755427976
SC_std=0.010483040086692397
SC_avg_abs=0.006257777480626323
SC_std_abs=0.008711320955518145
---
combined
TV_avg=9353.6296
TV_std=1649.5174283693516
FD_avg=6.169565
FD_std=1.501553308918468
IGSD_avg=30.4308
IGSD_std=5.535565200892619
SC_pos_avg=0.2017996
SC_neg_avg=0.7982004
SC_avg=-0.0020724162102958407
SC_std=0.009385877565613834
SC_avg_abs=0.005554136298372572
SC_std_abs=0.007844818455801912