conf_id=288
---
run_0
TV=12163.869
FD=8.656283
IGSD=[22.859,21.061,22.161,23.546,29.896,26.031]
SC_pos=0.234164
SC_neg=0.765836
SC_avg=-0.0030587712371922845
SC_std=0.010834258888248339
SC_avg_abs=0.007430746926055923
SC_std_abs=0.008457023546140413
---
run_1
TV=15657.514
FD=12.971187
IGSD=[20.743,17.979,16.547,22.32,18.384,17.848]
SC_pos=0.227027
SC_neg=0.772973
SC_avg=-0.005622318995353892
SC_std=0.015180430084941904
SC_avg_abs=0.012334710410365218
SC_std_abs=0.010483837443501034
---
run_2
TV=9837.222
FD=6.807536
IGSD=[27.046,26.283,26.485,30.73,27.999,30.026]
SC_pos=0.20904
SC_neg=0.79096
SC_avg=-0.0026133009699466324
SC_std=0.009529943284170873
SC_avg_abs=0.005870843525031837
SC_std_abs=0.007948733060282577
---
run_3
TV=11945.298
FD=9.320362
IGSD=[22.42,25.4,23.198,24.254,27.454,25.418]
SC_pos=0.244966
SC_neg=0.755034
SC_avg=-0.002996259048420338
SC_std=0.010737704148136249
SC_avg_abs=0.00798104639763998
SC_std_abs=0.007783235641869068
---
run_4
TV=13569.948
FD=10.794651
IGSD=[23.85,22.187,19.493,23.55,17.687,17.95]
SC_pos=0.214977
SC_neg=0.785023
SC_avg=-0.004414003476763992
SC_std=0.0147671361943357
SC_avg_abs=0.010582849207776591
SC_std_abs=0.011205134569491187
---
combined
TV_avg=12634.770200000003
TV_std=1925.353649806123
FD_avg=9.7100038
FD_std=2.0735594034956804
IGSD_avg=23.360166666666668
IGSD_std=3.8832972594891
SC_pos_avg=0.2260348
SC_neg_avg=0.7739652
SC_avg=-0.0037409307455354298
SC_std=0.012476354588308654
SC_avg_abs=0.008840039293373916
SC_std_abs=0.00956596529095251