conf_id=279
---
run_0
TV=10149.03
FD=6.598483
IGSD=[23.119,35.378,32.549,23.618,37.042,27.21]
SC_pos=0.258773
SC_neg=0.741227
SC_avg=-0.0015401157548871512
SC_std=0.0072063391632082785
SC_avg_abs=0.0050564463088185125
SC_std_abs=0.005360562601040738
---
run_1
TV=9948.036
FD=6.416101
IGSD=[34.332,28.253,27.353,30.062,26.191,25.741]
SC_pos=0.236794
SC_neg=0.763206
SC_avg=-0.001925938033181321
SC_std=0.008425714673385373
SC_avg_abs=0.005441217991092895
SC_std_abs=0.006715284940965862
---
run_2
TV=7902.106
FD=5.278846
IGSD=[37.046,34.723,33.892,34.297,32.832,32.881]
SC_pos=0.210004
SC_neg=0.789996
SC_avg=-0.0012633882840805582
SC_std=0.008494489523476248
SC_avg_abs=0.004326665074416311
SC_std_abs=0.007418387395831107
---
run_3
TV=12114.467
FD=9.157138
IGSD=[23.839,23.686,24.938,22.652,25.203,24.79]
SC_pos=0.237493
SC_neg=0.762507
SC_avg=-0.0029855677425184445
SC_std=0.011986960124970046
SC_avg_abs=0.00860655475854368
SC_std_abs=0.008861604988430577
---
run_4
TV=11125.78
FD=7.167148
IGSD=[28.726,27.179,25.065,28.535,23.737,22.633]
SC_pos=0.223731
SC_neg=0.776269
SC_avg=-0.0027410752848043914
SC_std=0.0098381013312088
SC_avg_abs=0.0068835867824317285
SC_std_abs=0.0075443995472687575
---
combined
TV_avg=10247.8838
TV_std=1404.078975300806
FD_avg=6.9235432
FD_std=1.274086310170767
IGSD_avg=28.583399999999997
IGSD_std=4.623155910558645
SC_pos_avg=0.233359
SC_neg_avg=0.766641
SC_avg=-0.0020912170198943737
SC_std=0.009357289181603863
SC_avg_abs=0.006062894183060621
SC_std_abs=0.0074278774611234825