conf_id=166
---
run_0
TV=19533.884
FD=15.974437
IGSD=[11.233,20.211,18.526,14.279,15.204,11.894]
SC_pos=0.233635
SC_neg=0.766365
SC_avg=-0.005407815786281826
SC_std=0.023796032103019272
SC_avg_abs=0.016543866518875763
SC_std_abs=0.01793867598324651
---
run_1
TV=13545.615
FD=10.169546
IGSD=[20.948,20.685,19.785,20.6,21.589,20.915]
SC_pos=0.194377
SC_neg=0.805623
SC_avg=-0.0038006952012845942
SC_std=0.015632126168474203
SC_avg_abs=0.010347880723479776
SC_std_abs=0.012317873886868601
---
run_2
TV=14149.27
FD=10.885005
IGSD=[18.312,20.61,19.659,21.597,19.234,20.064]
SC_pos=0.221477
SC_neg=0.778523
SC_avg=-0.0038075530855374885
SC_std=0.015920233756492715
SC_avg_abs=0.010379348238362748
SC_std_abs=0.012657821041054118
---
run_3
TV=24013.946
FD=22.877388
IGSD=[14.424,10.856,11.652,14.643,10.752,11.344]
SC_pos=0.216432
SC_neg=0.783568
SC_avg=-0.012279480093930189
SC_std=0.03433768214009276
SC_avg_abs=0.02694793633049319
SC_std_abs=0.02456971252699059
---
run_4
TV=18882.139
FD=16.754732
IGSD=[15.026,15.338,15.194,15.189,15.615,15.552]
SC_pos=0.195605
SC_neg=0.804395
SC_avg=-0.00851418177523943
SC_std=0.023319239771183678
SC_avg_abs=0.018081994022684036
SC_std_abs=0.017009401135001576
---
combined
TV_avg=18024.9708
TV_std=3846.1686231509607
FD_avg=15.3322216
FD_std=4.599923201531634
IGSD_avg=16.69766666666667
IGSD_std=3.6066762754030965
SC_pos_avg=0.2123052
SC_neg_avg=0.7876948
SC_avg=-0.00676194518845471
SC_std=0.023831812094877388
SC_avg_abs=0.016460205166779096
SC_std_abs=0.018513260553580203