conf_id=261
---
run_0
TV=15689.154
FD=14.603339
IGSD=[19.084,18.851,21.485,17.419,20.847,16.993]
SC_pos=0.248473
SC_neg=0.751527
SC_avg=-0.004642412290331014
SC_std=0.01576573610380654
SC_avg_abs=0.012459149681678099
SC_std_abs=0.010718209550938348
---
run_1
TV=16014.682
FD=14.928391
IGSD=[18.313,18.115,16.627,17.75,20.214,19.78]
SC_pos=0.246205
SC_neg=0.753795
SC_avg=-0.004559240767755465
SC_std=0.01798593315228603
SC_avg_abs=0.013086780042127624
SC_std_abs=0.013153579583742027
---
run_2
TV=20186.761
FD=23.310502
IGSD=[13.723,14.587,15.29,13.965,13.493,16.012]
SC_pos=0.222716
SC_neg=0.777284
SC_avg=-0.00806691188756477
SC_std=0.027320149906619816
SC_avg_abs=0.02043915605624814
SC_std_abs=0.019842040168043383
---
run_3
TV=15781.069
FD=13.945277
IGSD=[18.306,17.566,16.895,13.639,24.002,27.409]
SC_pos=0.250296
SC_neg=0.749704
SC_avg=-0.00442827980980285
SC_std=0.013320847268963609
SC_avg_abs=0.01089677439123571
SC_std_abs=0.008849572978594646
---
run_4
TV=18446.435
FD=16.970852
IGSD=[15.542,15.689,17.483,14.26,16.106,18.694]
SC_pos=0.252451
SC_neg=0.747549
SC_avg=-0.006408993756998426
SC_std=0.02099947411571898
SC_avg_abs=0.01688327427248617
SC_std_abs=0.014035959673424634
---
combined
TV_avg=17223.620199999998
TV_std=1798.4744363324598
FD_avg=16.7516722
FD_std=3.4316710804264092
IGSD_avg=17.604633333333332
IGSD_std=3.0635151975395116
SC_pos_avg=0.2440282
SC_neg_avg=0.7559718
SC_avg=-0.005621167702490504
SC_std=0.01973310248937257
SC_avg_abs=0.014753026888755138
SC_std_abs=0.014259770608788625