conf_id=227
---
run_0
TV=16999.79
FD=16.669995
IGSD=[16.59,15.768,15.934,16.186,16.812,16.627]
SC_pos=0.212167
SC_neg=0.787833
SC_avg=-0.006948875755396549
SC_std=0.028513170131639176
SC_avg_abs=0.018363763803551102
SC_std_abs=0.022892355147234734
---
run_1
TV=13527.083
FD=12.05093
IGSD=[20.727,22.921,20.043,19.538,21.652,23.692]
SC_pos=0.232702
SC_neg=0.767298
SC_avg=-0.004013387975481241
SC_std=0.013065749865780666
SC_avg_abs=0.009857221289653231
SC_std_abs=0.009468700599538034
---
run_2
TV=15344.252
FD=15.035018
IGSD=[18.321,18.948,17.541,19.182,18.007,18.021]
SC_pos=0.20654
SC_neg=0.79346
SC_avg=-0.005950066485905451
SC_std=0.02120637182104901
SC_avg_abs=0.014892165827708748
SC_std_abs=0.016227658301779118
---
run_3
TV=14026.011
FD=10.591521
IGSD=[23.309,18.237,17.822,16.568,25.742,22.033]
SC_pos=0.225387
SC_neg=0.774613
SC_avg=-0.0034408018997844803
SC_std=0.01599513336528108
SC_avg_abs=0.010422684438460438
SC_std_abs=0.012611544639058414
---
run_4
TV=14865.135
FD=12.956591
IGSD=[19.267,21.859,18.691,18.251,19.862,18.666]
SC_pos=0.22788
SC_neg=0.77212
SC_avg=-0.004481401928085395
SC_std=0.018246046531393476
SC_avg_abs=0.012087461185996498
SC_std_abs=0.014383826310959521
---
combined
TV_avg=14952.454199999998
TV_std=1203.5525827607867
FD_avg=13.460811000000001
FD_std=2.156470123668121
IGSD_avg=19.227233333333334
IGSD_std=2.4943685464573107
SC_pos_avg=0.2209352
SC_neg_avg=0.7790648
SC_avg=-0.004966906808930625
SC_std=0.020152201442653384
SC_avg_abs=0.013124659309073985
SC_std_abs=0.01607870343823219