conf_id=222
---
run_0
TV=27136.516
FD=26.638259
IGSD=[10.661,10.608,11.003,10.528,11.346,10.638]
SC_pos=0.194738
SC_neg=0.805262
SC_avg=-0.015763832417867586
SC_std=0.043528076888263045
SC_avg_abs=0.03458128058035637
SC_std_abs=0.03077867644184557
---
run_1
TV=25215.34
FD=28.12418
IGSD=[13.286,11.799,10.683,13.218,11.721,10.806]
SC_pos=0.222398
SC_neg=0.777602
SC_avg=-0.01484937668942895
SC_std=0.03563603942750747
SC_avg_abs=0.030462668082632625
SC_std_abs=0.023716179022573974
---
run_2
TV=23015.318
FD=20.626761
IGSD=[14.667,10.96,10.375,12.734,13.702,11.456]
SC_pos=0.224712
SC_neg=0.775288
SC_avg=-0.008309708468376475
SC_std=0.03600412751631526
SC_avg_abs=0.024784369504234988
SC_std_abs=0.027405902308043874
---
run_3
TV=22809.073
FD=24.112148
IGSD=[14.702,13.455,12.404,14.749,13.953,12.172]
SC_pos=0.260404
SC_neg=0.739596
SC_avg=-0.01155006101844865
SC_std=0.025657320843829875
SC_avg_abs=0.023374536961528046
SC_std_abs=0.015663110937718373
---
run_4
TV=24013.754
FD=25.109459
IGSD=[14.434,10.68,10.482,12.164,12.592,12.648]
SC_pos=0.22358
SC_neg=0.77642
SC_avg=-0.011825082723087358
SC_std=0.03230195645546699
SC_avg_abs=0.02532463368188207
SC_std_abs=0.02327900129166259
---
combined
TV_avg=24438.000200000002
TV_std=1596.4747408477717
FD_avg=24.9221614
FD_std=2.5432098137171937
IGSD_avg=12.154200000000003
IGSD_std=1.4282073705639995
SC_pos_avg=0.2251664
SC_neg_avg=0.7748336
SC_avg=-0.012459612263441817
SC_std=0.03520713831929082
SC_avg_abs=0.02770549776212682
SC_std_abs=0.02504376010390156