conf_id=42
---
run_0
TV=14980.051
FD=14.297843
IGSD=[18.112,20.814,22.798,20.744,18.513,18.593]
SC_pos=0.242246
SC_neg=0.757754
SC_avg=-0.004710432439455167
SC_std=0.016070872100040202
SC_avg_abs=0.012557194771560767
SC_std_abs=0.011080521796901483
---
run_1
TV=13932.207
FD=11.27741
IGSD=[21.758,25.724,21.42,23.806,18.067,17.917]
SC_pos=0.244129
SC_neg=0.755871
SC_avg=-0.003471616680587231
SC_std=0.012036058223070675
SC_avg_abs=0.009371384879235837
SC_std_abs=0.008312398292388818
---
run_2
TV=15025.988
FD=13.104082
IGSD=[20.527,17.801,17.98,17.996,22.877,21.795]
SC_pos=0.226723
SC_neg=0.773277
SC_avg=-0.0050570366008919395
SC_std=0.01648456015737005
SC_avg_abs=0.012710231918401892
SC_std_abs=0.0116517958849763
---
run_3
TV=14758.759
FD=12.311219
IGSD=[20.562,18.634,18.996,18.521,26.09,18.522]
SC_pos=0.257747
SC_neg=0.742253
SC_avg=-0.0034747861419716424
SC_std=0.013626180867278829
SC_avg_abs=0.010438640459872429
SC_std_abs=0.009422405696516575
---
run_4
TV=14231.324
FD=12.103597
IGSD=[22.276,18.698,19.445,23.967,19.973,21.613]
SC_pos=0.248901
SC_neg=0.751099
SC_avg=-0.003661899148444142
SC_std=0.012441401576644591
SC_avg_abs=0.009877807595939064
SC_std_abs=0.008403980941334823
---
combined
TV_avg=14585.665799999999
TV_std=431.72933562657016
FD_avg=12.618830200000001
FD_std=1.0211808209795952
IGSD_avg=20.48463333333333
IGSD_std=2.345691802480075
SC_pos_avg=0.2439492
SC_neg_avg=0.7560508
SC_avg=-0.004075154202270023
SC_std=0.014266077106036277
SC_avg_abs=0.010991051925002009
SC_std_abs=0.009966173556062595