conf_id=276
---
run_0
TV=7591.25
FD=4.79737
IGSD=[36.804,33.418,35.862,35.594,42.429,36.293]
SC_pos=0.212222
SC_neg=0.787778
SC_avg=-0.0013236330987797316
SC_std=0.005960538600386929
SC_avg_abs=0.003616250274180889
SC_std_abs=0.004919629959801293
---
run_1
TV=9065.28
FD=5.704007
IGSD=[33.487,29.353,32.416,30.343,31.975,30.194]
SC_pos=0.218162
SC_neg=0.781838
SC_avg=-0.0018594207898166395
SC_std=0.007686366533875225
SC_avg_abs=0.00487295523038844
SC_std_abs=0.006228321081102782
---
run_2
TV=8842.946
FD=5.395431
IGSD=[33.779,30.482,31.511,34.081,33.078,31.798]
SC_pos=0.211986
SC_neg=0.788014
SC_avg=-0.0018755887609089512
SC_std=0.006638042671054419
SC_avg_abs=0.004631490628072261
SC_std_abs=0.005111823379662689
---
run_3
TV=10280.913
FD=7.217783
IGSD=[28.413,26.944,29.497,27.163,26.881,25.777]
SC_pos=0.206894
SC_neg=0.793106
SC_avg=-0.002477295699864715
SC_std=0.010166065106558307
SC_avg_abs=0.0064386640004200696
SC_std_abs=0.008247998522371671
---
run_4
TV=9128.517
FD=6.019449
IGSD=[28.989,28.033,27.498,29.486,36.729,36.286]
SC_pos=0.220761
SC_neg=0.779239
SC_avg=-0.0019389329156013471
SC_std=0.007298192014959256
SC_avg_abs=0.004779299389097283
SC_std_abs=0.005846483121312478
---
combined
TV_avg=8981.7812
TV_std=856.6328395884437
FD_avg=5.826808
FD_std=0.8040933780451123
IGSD_avg=31.819766666666677
IGSD_std=3.7900162152980594
SC_pos_avg=0.214005
SC_neg_avg=0.785995
SC_avg=-0.0018949742529942738
SC_std=0.0076935485834895
SC_avg_abs=0.0048677319044317935
SC_std_abs=0.006251943964288337