conf_id=28
---
run_0
TV=13002.621
FD=9.942427
IGSD=[23.262,20.446,20.471,25.344,23.292,20.705]
SC_pos=0.231167
SC_neg=0.768833
SC_avg=-0.003915795930167711
SC_std=0.015190234829659524
SC_avg_abs=0.010114924234635201
SC_std_abs=0.011990204321633094
---
run_1
TV=15438.199
FD=12.539047
IGSD=[21.915,16.46,16.726,17.916,25.892,19.134]
SC_pos=0.242658
SC_neg=0.757342
SC_avg=-0.004705605925687951
SC_std=0.01336082029779288
SC_avg_abs=0.010976760176694184
SC_std_abs=0.008953489944213064
---
run_2
TV=16651.014
FD=15.189194
IGSD=[17.187,18.603,18.373,17.804,16.875,18.122]
SC_pos=0.226238
SC_neg=0.773762
SC_avg=-0.006523391362165041
SC_std=0.0175602341593458
SC_avg_abs=0.01436655030621104
SC_std_abs=0.01202159269373788
---
run_3
TV=14025.746
FD=11.483363
IGSD=[19.241,21.792,19.907,21.352,21.101,23.218]
SC_pos=0.2539
SC_neg=0.7461
SC_avg=-0.0035269472311869085
SC_std=0.01330497473462854
SC_avg_abs=0.010061477152338301
SC_std_abs=0.009392996698267013
---
run_4
TV=13764.721
FD=10.340954
IGSD=[15.415,20.839,23.917,16.408,24.555,27.632]
SC_pos=0.236175
SC_neg=0.763825
SC_avg=-0.0037306046949301657
SC_std=0.011630557367217924
SC_avg_abs=0.008702693073673502
SC_std_abs=0.008570321424976856
---
combined
TV_avg=14576.460200000001
TV_std=1302.7312627610347
FD_avg=11.898997
FD_std=1.8795465452078595
IGSD_avg=20.463466666666665
IGSD_std=3.098503754323296
SC_pos_avg=0.2380276
SC_neg_avg=0.7619724
SC_avg=-0.004480469028827555
SC_std=0.014393910994798984
SC_avg_abs=0.010844480988710437
SC_std_abs=0.010471700364791569