conf_id=53
---
run_0
TV=9716.857
FD=6.916553
IGSD=[27.375,26.22,25.767,29.602,28.659,28.094]
SC_pos=0.205572
SC_neg=0.794428
SC_avg=-0.0026512222903858932
SC_std=0.009947947227232249
SC_avg_abs=0.005899950965634405
SC_std_abs=0.008436895890785095
---
run_1
TV=9320.468
FD=6.402778
IGSD=[28.459,26.615,26.614,30.186,27.132,27.451]
SC_pos=0.199029
SC_neg=0.800971
SC_avg=-0.0025981852106729325
SC_std=0.010278390426649766
SC_avg_abs=0.005829907005533259
SC_std_abs=0.008854832604766697
---
run_2
TV=9951.143
FD=6.560949
IGSD=[25.883,24.62,24.312,32.08,28.359,26.929]
SC_pos=0.201364
SC_neg=0.798636
SC_avg=-0.0029089804750746895
SC_std=0.009479486266850195
SC_avg_abs=0.006055007021741469
SC_std_abs=0.007852370167944754
---
run_3
TV=9147.904
FD=6.389556
IGSD=[25.262,35.884,28.408,27.775,32.96,26.613]
SC_pos=0.217928
SC_neg=0.782072
SC_avg=-0.001982281478873874
SC_std=0.00985631824065623
SC_avg_abs=0.005254247036421364
SC_std_abs=0.008571425622545906
---
run_4
TV=9735.558
FD=6.866782
IGSD=[29.389,29.196,26.071,28.321,29.927,32.035]
SC_pos=0.22789
SC_neg=0.77211
SC_avg=-0.002189954201266348
SC_std=0.008263569198058872
SC_avg_abs=0.00544885298125614
SC_std_abs=0.006587296599015982
---
combined
TV_avg=9574.386000000002
TV_std=294.8156995555018
FD_avg=6.6273235999999995
FD_std=0.22465694592831995
IGSD_avg=28.2066
IGSD_std=2.5242975075586207
SC_pos_avg=0.2103566
SC_neg_avg=0.7896434
SC_avg=-0.002466124731254745
SC_std=0.009596451485575372
SC_avg_abs=0.005697593002117332
SC_std_abs=0.008106237492655367