conf_id=89
---
run_0
TV=16122.66
FD=13.17444
IGSD=[18.737,16.254,18.029,17.018,19.923,19.001]
SC_pos=0.224506
SC_neg=0.775494
SC_avg=-0.005165358858871985
SC_std=0.018070777709980803
SC_avg_abs=0.013084592512464846
SC_std_abs=0.01349175222004967
---
run_1
TV=14557.315
FD=10.623331
IGSD=[17.253,17.902,19.102,20.033,18.576,20.992]
SC_pos=0.182203
SC_neg=0.817797
SC_avg=-0.004533939407114359
SC_std=0.020386013408766047
SC_avg_abs=0.012057766088304406
SC_std_abs=0.017051581340436134
---
run_2
TV=13664.136
FD=10.683232
IGSD=[22.402,20.438,20.896,18.452,18.731,18.197]
SC_pos=0.211031
SC_neg=0.788969
SC_avg=-0.004707128498120237
SC_std=0.018118755434237983
SC_avg_abs=0.011464869219659734
SC_std_abs=0.014798754371893694
---
run_3
TV=14397.292
FD=10.207792
IGSD=[19.829,20.44,24.534,20.723,17.42,17.863]
SC_pos=0.217816
SC_neg=0.782184
SC_avg=-0.00443814582007046
SC_std=0.014376970546404553
SC_avg_abs=0.01033219858632852
SC_std_abs=0.010938011372505689
---
run_4
TV=15080.644
FD=12.984585
IGSD=[17.492,17.322,16.914,17.187,17.436,17.643]
SC_pos=0.154716
SC_neg=0.845284
SC_avg=-0.005033532870728398
SC_std=0.029050677789712293
SC_avg_abs=0.0158348755804798
SC_std_abs=0.024870364865701326
---
combined
TV_avg=14764.409399999999
TV_std=816.4696987983325
FD_avg=11.534676
FD_std=1.2733569670437273
IGSD_avg=18.891300000000005
IGSD_std=1.8062350003990804
SC_pos_avg=0.1980544
SC_neg_avg=0.8019456
SC_avg=-0.004775621090981088
SC_std=0.02059838059270412
SC_avg_abs=0.01255486039744745
SC_std_abs=0.017013974263737387