conf_id=142
---
run_0
TV=12620.01
FD=10.060464
IGSD=[23.246,21.884,22.143,22.348,25.201,23.202]
SC_pos=0.256994
SC_neg=0.743006
SC_avg=-0.0031317226952459094
SC_std=0.016463380503844705
SC_avg_abs=0.011399591229008996
SC_std_abs=0.012284132222741384
---
run_1
TV=15072.624
FD=14.378881
IGSD=[16.928,19.078,23.292,20.576,17.948,17.197]
SC_pos=0.251927
SC_neg=0.748073
SC_avg=-0.004979048042790269
SC_std=0.020312677487511834
SC_avg_abs=0.014683791218270579
SC_std_abs=0.014892349095502822
---
run_2
TV=14037.952
FD=13.028495
IGSD=[20.026,24.272,20.696,20.071,19.569,19.068]
SC_pos=0.258598
SC_neg=0.741402
SC_avg=-0.003489577584624153
SC_std=0.018349716673883545
SC_avg_abs=0.012853453193549596
SC_std_abs=0.013552785497164072
---
run_3
TV=15148.762
FD=13.888471
IGSD=[20.573,17.905,18.407,19.602,18.043,19.84]
SC_pos=0.25123
SC_neg=0.74877
SC_avg=-0.0052294284385017865
SC_std=0.021181490514957744
SC_avg_abs=0.015527089198370965
SC_std_abs=0.015326838005749516
---
run_4
TV=12841.259
FD=10.709635
IGSD=[23.622,26.411,25.433,25.663,18.818,19.318]
SC_pos=0.236283
SC_neg=0.763717
SC_avg=-0.0033269676244959846
SC_std=0.011939824303975116
SC_avg_abs=0.00918657780273131
SC_std_abs=0.00832075154409767
---
combined
TV_avg=13944.1214
TV_std=1067.994171127839
FD_avg=12.413189199999998
FD_std=1.7237409694362316
IGSD_avg=21.012666666666664
IGSD_std=2.6644962417354283
SC_pos_avg=0.2510064
SC_neg_avg=0.7489936
SC_avg=-0.004031348877131619
SC_std=0.01797502342627921
SC_avg_abs=0.012730100528386294
SC_std_abs=0.013315321305984899