conf_id=213
---
run_0
TV=10096.446
FD=6.769712
IGSD=[25.488,32.537,26.199,24.985,25.806,25.901]
SC_pos=0.195854
SC_neg=0.804146
SC_avg=-0.002720219182111977
SC_std=0.010203739187120342
SC_avg_abs=0.006163763196449433
SC_std_abs=0.008574608390801342
---
run_1
TV=12177.456
FD=8.986068
IGSD=[21.894,22.193,23.911,21.443,24.383,26.625]
SC_pos=0.199445
SC_neg=0.800555
SC_avg=-0.003414572977177874
SC_std=0.012112920742620145
SC_avg_abs=0.008198880229888827
SC_std_abs=0.00954780186793844
---
run_2
TV=12108.697
FD=9.184736
IGSD=[24.365,25.106,24.296,22.532,22.385,21.301]
SC_pos=0.21677
SC_neg=0.78323
SC_avg=-0.002801366617417576
SC_std=0.012796162132972638
SC_avg_abs=0.007676325994055761
SC_std_abs=0.010614303533039196
---
run_3
TV=11069.968
FD=7.664316
IGSD=[21.118,28.174,23.878,20.899,30.577,30.562]
SC_pos=0.237536
SC_neg=0.762464
SC_avg=-0.0020011255824649785
SC_std=0.009419296764003125
SC_avg_abs=0.0057931750009183065
SC_std_abs=0.007691994444478673
---
run_4
TV=13487.851
FD=10.045256
IGSD=[19.503,21.388,20.061,19.734,20.426,20.874]
SC_pos=0.180161
SC_neg=0.819839
SC_avg=-0.004717008715725396
SC_std=0.017381800206180527
SC_avg_abs=0.011015282754863605
SC_std_abs=0.014249234907959488
---
combined
TV_avg=11788.083600000002
TV_std=1142.0105793679147
FD_avg=8.5300176
FD_std=1.164534295339317
IGSD_avg=23.951466666666672
IGSD_std=3.3038485006966583
SC_pos_avg=0.2059532
SC_neg_avg=0.7940468
SC_avg=-0.0031308586149795623
SC_std=0.012724628796247724
SC_avg_abs=0.007769485435235188
SC_std_abs=0.010552419141645054