conf_id=37
---
run_0
TV=8117.432
FD=5.122487
IGSD=[32.531,37.499,47.668,31.462,31.673,30.985]
SC_pos=0.23167
SC_neg=0.76833
SC_avg=-0.0010107838618932839
SC_std=0.007099665603354834
SC_avg_abs=0.003963215059587742
SC_std_abs=0.0059766095812241685
---
run_1
TV=7895.916
FD=4.920312
IGSD=[35.428,39.179,35.481,34.571,34.583,33.789]
SC_pos=0.228682
SC_neg=0.771318
SC_avg=-0.0015579667028450196
SC_std=0.006120534501273198
SC_avg_abs=0.003913878497497861
SC_std_abs=0.004956789075124463
---
run_2
TV=8271.814
FD=5.383131
IGSD=[33.867,33.739,38.183,33.532,31.222,31.006]
SC_pos=0.221578
SC_neg=0.778422
SC_avg=-0.001448940289163926
SC_std=0.00758955205799149
SC_avg_abs=0.004208770863105844
SC_std_abs=0.006479735814398347
---
run_3
TV=14606.153
FD=11.71923
IGSD=[19.218,20.796,20.55,19.601,19.455,19.438]
SC_pos=0.197785
SC_neg=0.802215
SC_avg=-0.004982233630792321
SC_std=0.015468343135225264
SC_avg_abs=0.011660409316897954
SC_std_abs=0.01131932621065706
---
run_4
TV=8291.444
FD=5.367473
IGSD=[35.657,34.532,34.528,36.15,35.825,32.343]
SC_pos=0.237796
SC_neg=0.762204
SC_avg=-0.0014862188292527384
SC_std=0.006180372272106398
SC_avg_abs=0.004079035915760668
SC_std_abs=0.004875173210069722
---
combined
TV_avg=9436.551800000001
TV_std=2588.6791341688063
FD_avg=6.502526599999999
FD_std=2.6139357255206255
IGSD_avg=31.816366666666667
IGSD_std=6.74305758778777
SC_pos_avg=0.2235022
SC_neg_avg=0.7764978
SC_avg=-0.002097228662789456
SC_std=0.00931152152697813
SC_avg_abs=0.005565061930570015
SC_std_abs=0.007754539761992525