conf_id=182
---
run_0
TV=23572.185
FD=27.88102
IGSD=[13.721,11.402,11.813,11.741,15.461,13.298]
SC_pos=0.241717
SC_neg=0.758283
SC_avg=-0.011358382950314102
SC_std=0.029439549370884176
SC_avg_abs=0.02489141985701427
SC_std_abs=0.019393739915461092
---
run_1
TV=22091.129
FD=19.394757
IGSD=[14.933,11.116,10.598,11.991,24.117,11.786]
SC_pos=0.240421
SC_neg=0.759579
SC_avg=-0.009147753858488305
SC_std=0.03151770971528863
SC_avg_abs=0.023118273668387333
SC_std_abs=0.02329362249514309
---
run_2
TV=24750.46
FD=27.532964
IGSD=[12.465,10.747,12.464,11.773,12.745,11.721]
SC_pos=0.21858
SC_neg=0.78142
SC_avg=-0.012477396686152588
SC_std=0.0364557648043473
SC_avg_abs=0.02856117215021233
SC_std_abs=0.025864409155042255
---
run_3
TV=20770.872
FD=18.209937
IGSD=[13.86,12.551,13.065,11.4,29.133,14.846]
SC_pos=0.266676
SC_neg=0.733324
SC_avg=-0.007420525162529214
SC_std=0.023724152634187527
SC_avg_abs=0.01906129636015839
SC_std_abs=0.015955143150977007
---
run_4
TV=23282.277
FD=28.693479
IGSD=[12.267,12.396,12.004,11.192,15.498,12.972]
SC_pos=0.234241
SC_neg=0.765759
SC_avg=-0.00958138080276547
SC_std=0.03163660710723518
SC_avg_abs=0.023723107772184542
SC_std_abs=0.023019381507210054
---
combined
TV_avg=22893.3846
TV_std=1357.159541689421
FD_avg=24.3424314
FD_std=4.554551400601934
IGSD_avg=13.502533333333334
IGSD_std=3.7912982449580808
SC_pos_avg=0.240327
SC_neg_avg=0.759673
SC_avg=-0.009997087892049932
SC_std=0.03088146408423399
SC_avg_abs=0.023871053961591383
SC_std_abs=0.021994985180035845