conf_id=162
---
run_0
TV=23124.55
FD=23.010404
IGSD=[11.871,12.407,14.892,12.806,14.212,11.146]
SC_pos=0.236975
SC_neg=0.763025
SC_avg=-0.01058172494425404
SC_std=0.030760573034076567
SC_avg_abs=0.02411939843287849
SC_std_abs=0.02182751418317406
---
run_1
TV=31231.856
FD=41.837894
IGSD=[9.103,9.426,9.237,9.139,9.176,9.445]
SC_pos=0.156395
SC_neg=0.843605
SC_avg=-0.021702572702902576
SC_std=0.05986724471126016
SC_avg_abs=0.04787360622128001
SC_std_abs=0.04199055225419761
---
run_2
TV=22580.45
FD=21.032161
IGSD=[13.225,11.16,15.217,14.121,12.368,10.842]
SC_pos=0.239614
SC_neg=0.760386
SC_avg=-0.008928579730403376
SC_std=0.0327581967657368
SC_avg_abs=0.02384457021884881
SC_std_abs=0.024171376924438708
---
run_3
TV=20603.4
FD=17.133385
IGSD=[12.642,11.624,20.611,12.761,11.629,14.968]
SC_pos=0.270409
SC_neg=0.729591
SC_avg=-0.004713299613691283
SC_std=0.031949480496982256
SC_avg_abs=0.02061590109091144
SC_std_abs=0.02485898468331377
---
run_4
TV=24606.146
FD=27.492582
IGSD=[12.897,11.975,11.338,14.167,10.386,10.739]
SC_pos=0.218821
SC_neg=0.781179
SC_avg=-0.011940170069284595
SC_std=0.03632778383194589
SC_avg_abs=0.027876045175441264
SC_std_abs=0.02617635659905301
---
combined
TV_avg=24429.2804
TV_std=3634.9462811417498
FD_avg=26.1012852
FD_std=8.546921832503521
IGSD_avg=12.184333333333335
IGSD_std=2.3946644626938633
SC_pos_avg=0.2244428
SC_neg_avg=0.7755572
SC_avg=-0.011573269412107177
SC_std=0.04025332436219799
SC_avg_abs=0.02886590422787203
SC_std_abs=0.030348480360651634