conf_id=192
---
run_0
TV=11212.214
FD=8.117231
IGSD=[26.201,26.668,26.647,26.467,22.86,23.674]
SC_pos=0.22208
SC_neg=0.77792
SC_avg=-0.0028104771005623063
SC_std=0.011699453468330992
SC_avg_abs=0.007427035442900975
SC_std_abs=0.009466527215421709
---
run_1
TV=13916.05
FD=9.953206
IGSD=[22.793,18.876,19.849,21.896,19.577,17.424]
SC_pos=0.229274
SC_neg=0.770726
SC_avg=-0.003191859350821361
SC_std=0.01766680142043169
SC_avg_abs=0.010205467756935226
SC_std_abs=0.014769978551323231
---
run_2
TV=11001.313
FD=7.768893
IGSD=[26.141,23.408,23.465,27.415,26.193,26.564]
SC_pos=0.215575
SC_neg=0.784425
SC_avg=-0.002336762407734459
SC_std=0.011242288360209364
SC_avg_abs=0.006926038825266536
SC_std_abs=0.009158574797161426
---
run_3
TV=10982.896
FD=8.334382
IGSD=[27.177,24.387,25.453,24.664,23.423,24.09]
SC_pos=0.222672
SC_neg=0.777328
SC_avg=-0.003147112156946881
SC_std=0.012917483381374597
SC_avg_abs=0.007918898781130265
SC_std_abs=0.010679734731289227
---
run_4
TV=8626.185
FD=5.093706
IGSD=[29.415,32.264,33.835,39.502,32.148,32.701]
SC_pos=0.216092
SC_neg=0.783908
SC_avg=-0.0016214589615621661
SC_std=0.00653249907094155
SC_avg_abs=0.004351578551895483
SC_std_abs=0.005134825934982186
---
combined
TV_avg=11147.7316
TV_std=1677.7694228417204
FD_avg=7.853483599999999
FD_std=1.5705532840538203
IGSD_avg=25.83923333333333
IGSD_std=4.673717989519218
SC_pos_avg=0.2211386
SC_neg_avg=0.7788614
SC_avg=-0.0026215339955254356
SC_std=0.012543010008152082
SC_avg_abs=0.00736580387162569
SC_std_abs=0.01048544104361103