conf_id=136
---
run_0
TV=8553.051
FD=5.680491
IGSD=[30.863,30.739,35.639,33.343,34.316,35.35]
SC_pos=0.230021
SC_neg=0.769979
SC_avg=-0.0016015551968843154
SC_std=0.007158881923193621
SC_avg_abs=0.0045636577866701115
SC_std_abs=0.00574348300642222
---
run_1
TV=8836.326
FD=5.757265
IGSD=[33.525,31.306,31.675,32.546,32.548,31.333]
SC_pos=0.219396
SC_neg=0.780604
SC_avg=-0.0017473092426597678
SC_std=0.007468064005291867
SC_avg_abs=0.004786234936858276
SC_std_abs=0.005993081403236361
---
run_2
TV=7506.579
FD=4.620267
IGSD=[38.57,34.663,36.414,39.144,39.461,38.014]
SC_pos=0.22721
SC_neg=0.77279
SC_avg=-0.0011980187296747572
SC_std=0.005997273739321815
SC_avg_abs=0.003834992417572578
SC_std_abs=0.004763966240242621
---
run_3
TV=8043.821
FD=5.26888
IGSD=[35.417,35.51,33.199,38.959,36.5,33.002]
SC_pos=0.228327
SC_neg=0.771673
SC_avg=-0.0013830854615511962
SC_std=0.006300741339385027
SC_avg_abs=0.003971084603285258
SC_std_abs=0.00508357687984951
---
run_4
TV=10536.019
FD=7.581139
IGSD=[26.804,25.827,25.12,26.362,27.813,25.825]
SC_pos=0.214313
SC_neg=0.785687
SC_avg=-0.0030481728290275697
SC_std=0.01005084196449798
SC_avg_abs=0.006845873469188936
SC_std_abs=0.007965224305365838
---
combined
TV_avg=8695.1592
TV_std=1026.2409026926184
FD_avg=5.7816084
FD_std=0.985974844462393
IGSD_avg=32.9929
IGSD_std=4.149336793191574
SC_pos_avg=0.2238534
SC_neg_avg=0.7761466
SC_avg=-0.0017956282919595215
SC_std=0.007561002896346813
SC_avg_abs=0.004800368642715035
SC_std_abs=0.006111424273889731