conf_id=303
---
run_0
TV=16292.088
FD=15.349974
IGSD=[19.384,18.108,17.004,19.251,17.957,16.936]
SC_pos=0.239901
SC_neg=0.760099
SC_avg=-0.00604625624918342
SC_std=0.020334227860682747
SC_avg_abs=0.015531435335969547
SC_std_abs=0.014450347875589447
---
run_1
TV=13487.16
FD=11.327701
IGSD=[20.735,23.381,22.408,21.484,20.959,21.872]
SC_pos=0.241287
SC_neg=0.758713
SC_avg=-0.004158206864602779
SC_std=0.01284558755784625
SC_avg_abs=0.010036547809571077
SC_std_abs=0.009031473418070717
---
run_2
TV=14550.281
FD=13.521777
IGSD=[22.136,19.083,19.04,22.221,18.452,18.049]
SC_pos=0.238512
SC_neg=0.761488
SC_avg=-0.005219229743633899
SC_std=0.016703054331168907
SC_avg_abs=0.012680905478390557
SC_std_abs=0.012059312557311776
---
run_3
TV=14043.305
FD=12.306042
IGSD=[22.186,20.702,21.907,23.084,19.394,18.355]
SC_pos=0.242877
SC_neg=0.757123
SC_avg=-0.004399894486543887
SC_std=0.01469509843805435
SC_avg_abs=0.011271538748547234
SC_std_abs=0.010404681822949942
---
run_4
TV=13951.326
FD=13.114641
IGSD=[20.175,20.941,23.507,20.338,19.112,20.158]
SC_pos=0.232407
SC_neg=0.767593
SC_avg=-0.0046404704360783625
SC_std=0.013762179805997988
SC_avg_abs=0.010696594439644201
SC_std_abs=0.009824175602792773
---
combined
TV_avg=14464.832
TV_std=974.0002037459745
FD_avg=13.124027000000002
FD_std=1.3423129117166386
IGSD_avg=20.277299999999993
IGSD_std=1.8461057959932847
SC_pos_avg=0.2389968
SC_neg_avg=0.7610032
SC_avg=-0.004892811556008468
SC_std=0.01590665740077032
SC_avg_abs=0.012043404362424523
SC_std_abs=0.011485545957908364