conf_id=190
---
run_0
TV=15680.232
FD=14.013608
IGSD=[18.959,17.316,18.64,20.244,17.193,17.465]
SC_pos=0.210815
SC_neg=0.789185
SC_avg=-0.006083445955302493
SC_std=0.019489760336423613
SC_avg_abs=0.013952668395867755
SC_std_abs=0.014905774629225765
---
run_1
TV=12402.077
FD=8.390712
IGSD=[23.93,25.809,21.079,19.428,21.386,22.665]
SC_pos=0.219213
SC_neg=0.780787
SC_avg=-0.0023080232653150947
SC_std=0.015159562773141398
SC_avg_abs=0.008370281250783252
SC_std_abs=0.012848256949829292
---
run_2
TV=12904.116
FD=9.46314
IGSD=[21.154,20.458,19.463,19.552,26.222,26.042]
SC_pos=0.208762
SC_neg=0.791238
SC_avg=-0.0034228472855684813
SC_std=0.0140365348248386
SC_avg_abs=0.008936900008585857
SC_std_abs=0.01135218092111681
---
run_3
TV=10322.507
FD=6.779663
IGSD=[29.44,31.783,26.393,26.185,23.385,25.523]
SC_pos=0.19903
SC_neg=0.80097
SC_avg=-0.0023229894517674187
SC_std=0.010444134278376255
SC_avg_abs=0.006221340359866251
SC_std_abs=0.008704662253325854
---
run_4
TV=11307.659
FD=8.371988
IGSD=[24.528,25.94,23.144,24.389,26.494,24.024]
SC_pos=0.215759
SC_neg=0.784241
SC_avg=-0.002731977627054023
SC_std=0.012882557090373227
SC_avg_abs=0.007785644257036083
SC_std_abs=0.010621097986758728
---
combined
TV_avg=12523.3182
TV_std=1813.6818002220127
FD_avg=9.4038222
FD_std=2.458899319771218
IGSD_avg=22.941100000000002
IGSD_std=3.625336162344121
SC_pos_avg=0.2107158
SC_neg_avg=0.7892842
SC_avg=-0.0033738567170015026
SC_std=0.01477649643848326
SC_avg_abs=0.009053366854427834
SC_std_abs=0.012155834185382432