conf_id=301
---
run_0
TV=15043.656
FD=14.107449
IGSD=[20.56,18.113,17.97,21.724,19.992,19.434]
SC_pos=0.238466
SC_neg=0.761534
SC_avg=-0.005490546613050445
SC_std=0.017685839469025768
SC_avg_abs=0.013846882020008711
SC_std_abs=0.012296295302170843
---
run_1
TV=13764.147
FD=12.226912
IGSD=[22.174,22.304,23.992,21.236,19.884,19.316]
SC_pos=0.246888
SC_neg=0.753112
SC_avg=-0.0034647949102009482
SC_std=0.012837296664750163
SC_avg_abs=0.009821536301801133
SC_std_abs=0.008963169869023036
---
run_2
TV=12655.383
FD=9.097568
IGSD=[24.89,19.359,21.759,31.074,23.396,24.087]
SC_pos=0.254623
SC_neg=0.745377
SC_avg=-0.0038472329825593086
SC_std=0.011878491009149509
SC_avg_abs=0.009884193704909536
SC_std_abs=0.0076290540095325515
---
run_3
TV=13429.667
FD=12.229462
IGSD=[21.45,20.863,24.754,20.097,24.413,19.061]
SC_pos=0.22689
SC_neg=0.77311
SC_avg=-0.0039879167620159575
SC_std=0.014280934634214017
SC_avg_abs=0.01028822294452187
SC_std_abs=0.010677127084158692
---
run_4
TV=14659.885
FD=13.951643
IGSD=[17.683,23.055,20.357,18.267,21.508,20.828]
SC_pos=0.231164
SC_neg=0.768836
SC_avg=-0.004339602049306062
SC_std=0.01399171885882888
SC_avg_abs=0.010695559933938666
SC_std_abs=0.0100102617483448
---
combined
TV_avg=13910.5476
TV_std=857.153270473747
FD_avg=12.322606799999999
FD_std=1.8032265154345308
IGSD_avg=21.453333333333333
IGSD_std=2.7128988349897774
SC_pos_avg=0.2396062
SC_neg_avg=0.7603938
SC_avg=-0.004226018663426544
SC_std=0.014288376447444897
SC_avg_abs=0.010907278981035983
SC_std_abs=0.010151265954420573