conf_id=3
---
run_0
TV=23919.983
FD=27.813982
IGSD=[12.296,11.354,13.418,12.348,11.226,13.473]
SC_pos=0.232197
SC_neg=0.767803
SC_avg=-0.010887378328110294
SC_std=0.034622024565773867
SC_avg_abs=0.026329861203690293
SC_std_abs=0.02497915132439172
---
run_1
TV=23847.467
FD=17.291214
IGSD=[10.163,13.984,14.888,11.598,10.868,13.611]
SC_pos=0.214758
SC_neg=0.785242
SC_avg=-0.0102907213179404
SC_std=0.03709400534394876
SC_avg_abs=0.027327554759173683
SC_std_abs=0.02711215462822486
---
run_2
TV=26842.571
FD=32.340894
IGSD=[11.751,11.122,10.239,11.481,11.113,10.666]
SC_pos=0.204771
SC_neg=0.795229
SC_avg=-0.016263225747366893
SC_std=0.04244363475140753
SC_avg_abs=0.03511699864006948
SC_std_abs=0.028857426238908832
---
run_3
TV=23224.397
FD=19.19527
IGSD=[11.585,11.486,16.125,11.351,12.567,14.217]
SC_pos=0.230806
SC_neg=0.769194
SC_avg=-0.010679836410422788
SC_std=0.030427811619205766
SC_avg_abs=0.02360115945116712
SC_std_abs=0.021974892451337522
---
run_4
TV=22483.524
FD=14.424565
IGSD=[13.269,11.916,15.767,15.943,11.255,10.552]
SC_pos=0.240171
SC_neg=0.759829
SC_avg=-0.009489469597505774
SC_std=0.031378274017303
SC_avg_abs=0.024117583125775877
SC_std_abs=0.022203339787478585
---
combined
TV_avg=24063.5884
TV_std=1482.627463358965
FD_avg=22.213185
FD_std=6.751823866191357
IGSD_avg=12.387733333333333
IGSD_std=1.6780084412448253
SC_pos_avg=0.2245406
SC_neg_avg=0.7754594
SC_avg=-0.011522126280269232
SC_std=0.03554095716593863
SC_avg_abs=0.02729863143597528
SC_std_abs=0.025508895546697757