conf_id=33
---
run_0
TV=12221.194
FD=9.016402
IGSD=[21.974,21.257,21.068,21.028,22.343,22.262]
SC_pos=0.174218
SC_neg=0.825782
SC_avg=-0.004402971570606795
SC_std=0.01424731331382637
SC_avg_abs=0.008977544441049588
SC_std_abs=0.011906963975879222
---
run_1
TV=11857.159
FD=8.436379
IGSD=[23.273,22.507,21.521,22.931,24.187,21.955]
SC_pos=0.187193
SC_neg=0.812807
SC_avg=-0.003826565806933872
SC_std=0.014355218597124351
SC_avg_abs=0.008464045703790345
SC_std_abs=0.01220962068084707
---
run_2
TV=11564.716
FD=8.337852
IGSD=[26.79,22.241,22.973,21.318,23.1,22.97]
SC_pos=0.204692
SC_neg=0.795308
SC_avg=-0.0037015016644743205
SC_std=0.012599677106415423
SC_avg_abs=0.008092570838198905
SC_std_abs=0.010342305109924371
---
run_3
TV=10779.358
FD=7.733289
IGSD=[25.544,24.623,26.017,24.078,24.968,24.335]
SC_pos=0.199676
SC_neg=0.800324
SC_avg=-0.0031614641546496795
SC_std=0.012563969937228806
SC_avg_abs=0.007299204529552339
SC_std_abs=0.010703728762468088
---
run_4
TV=9775.478
FD=6.612121
IGSD=[29.311,29.292,26.45,27.637,28.198,31.43]
SC_pos=0.222313
SC_neg=0.777687
SC_avg=-0.002233088959860762
SC_std=0.008415951364892801
SC_avg_abs=0.0054702486013331105
SC_std_abs=0.006774312062379926
---
combined
TV_avg=11239.581
TV_std=872.477190580476
FD_avg=8.0272086
FD_std=0.8162456698496107
IGSD_avg=24.252700000000004
IGSD_std=2.7345594422746293
SC_pos_avg=0.1976184
SC_neg_avg=0.8023816
SC_avg=-0.0034651184313050864
SC_std=0.01264253037225323
SC_avg_abs=0.007660722822784851
SC_std_abs=0.010637384349020153