conf_id=20
---
run_0
TV=17605.052
FD=15.313561
IGSD=[15.294,14.327,23.052,19.095,14.237,14.582]
SC_pos=0.249148
SC_neg=0.750852
SC_avg=-0.005167824179305012
SC_std=0.021235345878959682
SC_avg_abs=0.015427301464411741
SC_std_abs=0.015480461584636911
---
run_1
TV=17040.289
FD=16.092427
IGSD=[20.34,16.493,17.647,18.31,16.789,15.429]
SC_pos=0.256181
SC_neg=0.743819
SC_avg=-0.005639889841476706
SC_std=0.01846161144003843
SC_avg_abs=0.014655045448567458
SC_std_abs=0.01256459698069827
---
run_2
TV=17021.469
FD=15.43274
IGSD=[15.472,16.342,20.415,16.008,17.583,19.202]
SC_pos=0.254267
SC_neg=0.745733
SC_avg=-0.005566009786566698
SC_std=0.022220655883234436
SC_avg_abs=0.016294810749883776
SC_std_abs=0.016100222217433825
---
run_3
TV=15129.433
FD=10.901544
IGSD=[21.535,18.838,23.067,20.612,16.529,18.595]
SC_pos=0.248173
SC_neg=0.751827
SC_avg=-0.0043172961142175165
SC_std=0.014087840057792695
SC_avg_abs=0.011257844072963789
SC_std_abs=0.009506168000862405
---
run_4
TV=17769.054
FD=15.296136
IGSD=[20.244,14.096,15.284,16.816,16.485,15.495]
SC_pos=0.23686
SC_neg=0.76314
SC_avg=-0.005591607897604888
SC_std=0.020845959350468672
SC_avg_abs=0.015602362882114355
SC_std_abs=0.01491262460523868
---
combined
TV_avg=16913.059400000002
TV_std=940.3024684588675
FD_avg=14.607281600000002
FD_std=1.8757867983643135
IGSD_avg=17.6071
IGSD_std=2.5244696254857177
SC_pos_avg=0.2489258
SC_neg_avg=0.7510742
SC_avg=-0.005256525563834165
SC_std=0.019594871098820788
SC_avg_abs=0.014647472923588223
SC_std_abs=0.014037149687005347