conf_id=307
---
run_0
TV=11439.554
FD=8.107271
IGSD=[25.718,26.674,23.9,24.145,27.959,25.327]
SC_pos=0.23962
SC_neg=0.76038
SC_avg=-0.002799246848813991
SC_std=0.009755615350573782
SC_avg_abs=0.007269024290056351
SC_std_abs=0.007083014870767725
---
run_1
TV=9876.469
FD=6.976723
IGSD=[32.023,30.196,31.24,27.258,27.184,28.265]
SC_pos=0.244067
SC_neg=0.755933
SC_avg=-0.0017418743444720438
SC_std=0.007920598007896528
SC_avg_abs=0.0054664288013681435
SC_std_abs=0.005990672349093812
---
run_2
TV=12436.505
FD=9.314826
IGSD=[23.072,26.442,22.65,23.504,22.025,23.965]
SC_pos=0.254198
SC_neg=0.745802
SC_avg=-0.003054083614324972
SC_std=0.012430649684611035
SC_avg_abs=0.009161430223623979
SC_std_abs=0.008939612662888573
---
run_3
TV=11150.892
FD=8.279482
IGSD=[28.403,25.738,25.102,24.158,26.246,24.101]
SC_pos=0.215902
SC_neg=0.784098
SC_avg=-0.002836455579744135
SC_std=0.010279529940177314
SC_avg_abs=0.007052171419194807
SC_std_abs=0.007998818307797431
---
run_4
TV=10314.972
FD=7.515829
IGSD=[28.427,24.725,26.579,28.904,34.035,29.315]
SC_pos=0.250822
SC_neg=0.749178
SC_avg=-0.0019319153582964474
SC_std=0.008224295431739794
SC_avg_abs=0.0060601838778775565
SC_std_abs=0.005886043124754581
---
combined
TV_avg=11043.6784
TV_std=894.6025916816026
FD_avg=8.038826199999999
FD_std=0.7864305020761594
IGSD_avg=26.576
IGSD_std=2.8512234683845223
SC_pos_avg=0.2409218
SC_neg_avg=0.7590782
SC_avg=-0.0024727151491303195
SC_std=0.00987056470959699
SC_avg_abs=0.007001847722424163
SC_std_abs=0.007383528720541655