conf_id=98
---
run_0
TV=8849.621
FD=5.973006
IGSD=[28.9,28.275,28.491,29.637,28.392,28.265]
SC_pos=0.159037
SC_neg=0.840963
SC_avg=-0.0024914236977578914
SC_std=0.010865545801388559
SC_avg_abs=0.005554867297628312
SC_std_abs=0.009664922498890597
---
run_1
TV=10423.363
FD=7.960022
IGSD=[25.101,24.099,24.292,24.61,25.347,25.339]
SC_pos=0.150695
SC_neg=0.849305
SC_avg=-0.0026797929880289966
SC_std=0.015073732452523254
SC_avg_abs=0.0077587015571454225
SC_std_abs=0.013198532140207529
---
run_2
TV=9335.568
FD=6.507501
IGSD=[27.654,28.171,27.644,29.741,26.532,26.833]
SC_pos=0.175008
SC_neg=0.824992
SC_avg=-0.0025187925704609542
SC_std=0.010654513345903222
SC_avg_abs=0.005995774647234709
SC_std_abs=0.009160439783690336
---
run_3
TV=11524.541
FD=8.692538
IGSD=[21.799,22.714,22.267,25.193,22.367,22.436]
SC_pos=0.167877
SC_neg=0.832123
SC_avg=-0.003823176053984112
SC_std=0.013558387951315368
SC_avg_abs=0.008438035877362526
SC_std_abs=0.01128034172844397
---
run_4
TV=7744.997
FD=5.585925
IGSD=[33.143,31.608,31.902,33.373,30.672,30.657]
SC_pos=0.166913
SC_neg=0.833087
SC_avg=-0.001877990132016714
SC_std=0.009647613741275263
SC_avg_abs=0.00465280387104012
SC_std_abs=0.008657639053138533
---
combined
TV_avg=9575.617999999999
TV_std=1300.218546022475
FD_avg=6.9437984
FD_std=1.1888998334071046
IGSD_avg=27.181800000000006
IGSD_std=3.2728418273217335
SC_pos_avg=0.163906
SC_neg_avg=0.836094
SC_avg=-0.0026782350884497342
SC_std=0.012146720459726675
SC_avg_abs=0.006480036650082219
SC_std_abs=0.010617197658955834