conf_id=12
---
run_0
TV=10967.931
FD=7.170709
IGSD=[22.852,29.195,26.119,24.853,25.719,23.438]
SC_pos=0.200236
SC_neg=0.799764
SC_avg=-0.0027334060633340275
SC_std=0.011120151079304185
SC_avg_abs=0.0070520705837421056
SC_std_abs=0.009022060142536207
---
run_1
TV=12689.563
FD=9.517778
IGSD=[23.112,21.669,21.638,21.406,20.602,21.231]
SC_pos=0.193727
SC_neg=0.806273
SC_avg=-0.003973298895758896
SC_std=0.01568204239834055
SC_avg_abs=0.009792550579575727
SC_std_abs=0.012877092491895859
---
run_2
TV=16067.289
FD=12.78063
IGSD=[18.032,17.579,17.59,18.199,19.49,16.66]
SC_pos=0.237909
SC_neg=0.762091
SC_avg=-0.005032517574180754
SC_std=0.016222952008479816
SC_avg_abs=0.012000815444216056
SC_std_abs=0.012020434005381952
---
run_3
TV=9727.357
FD=6.498638
IGSD=[27.993,28.492,28.153,28.785,29.545,26.638]
SC_pos=0.204636
SC_neg=0.795364
SC_avg=-0.001836187196831845
SC_std=0.01101818265358628
SC_avg_abs=0.006163641488414946
SC_std_abs=0.009315656499243024
---
run_4
TV=11335.971
FD=7.447106
IGSD=[21.874,24.428,25.52,24.396,29.192,23.341]
SC_pos=0.206887
SC_neg=0.793113
SC_avg=-0.0025358617281555653
SC_std=0.010978565803685449
SC_avg_abs=0.0071662597627687955
SC_std_abs=0.00869506887969823
---
combined
TV_avg=12157.6222
TV_std=2170.950035808139
FD_avg=8.6829722
FD_std=2.283563938990139
IGSD_avg=23.591366666666666
IGSD_std=3.8464863662250974
SC_pos_avg=0.208679
SC_neg_avg=0.791321
SC_avg=-0.003222254291652214
SC_std=0.013275315832441107
SC_avg_abs=0.008435067571743532
SC_std_abs=0.010745537130886166