conf_id=232
---
run_0
TV=11448.934
FD=7.432414
IGSD=[19.649,26.734,27.969,16.505,33.52,37.878]
SC_pos=0.226684
SC_neg=0.773316
SC_avg=-0.0022470473853655054
SC_std=0.008397368935574303
SC_avg_abs=0.0058079726411274435
SC_std_abs=0.006467803397765063
---
run_1
TV=10259.304
FD=7.648974
IGSD=[30.853,26.,25.724,25.387,34.459,27.538]
SC_pos=0.239287
SC_neg=0.760713
SC_avg=-0.002176539138709094
SC_std=0.00988488861254701
SC_avg_abs=0.006923921396492299
SC_std_abs=0.0073829301771038145
---
run_2
TV=9834.663
FD=7.281816
IGSD=[29.028,31.355,31.054,28.165,26.689,26.038]
SC_pos=0.229886
SC_neg=0.770114
SC_avg=-0.002379374294100741
SC_std=0.008542587205016425
SC_avg_abs=0.005946233386745857
SC_std_abs=0.006578717709180613
---
run_3
TV=14960.435
FD=12.869183
IGSD=[17.873,19.915,19.556,19.266,18.544,18.215]
SC_pos=0.227349
SC_neg=0.772651
SC_avg=-0.004499400031779517
SC_std=0.022653956449794486
SC_avg_abs=0.014127228274817218
SC_std_abs=0.01827204872876513
---
run_4
TV=9701.569
FD=6.996404
IGSD=[29.966,28.686,30.967,32.411,29.341,30.088]
SC_pos=0.24416
SC_neg=0.75584
SC_avg=-0.002036491374286049
SC_std=0.007217028584885949
SC_avg_abs=0.005397829407403171
SC_std_abs=0.00520540453770654
---
combined
TV_avg=11240.981
TV_std=1959.0197479107755
FD_avg=8.4457582
FD_std=2.2218824240853428
IGSD_avg=26.645766666666663
IGSD_std=5.505278610469127
SC_pos_avg=0.2334732
SC_neg_avg=0.7665268
SC_avg=-0.002667770444848181
SC_std=0.012733771924606594
SC_avg_abs=0.007640637021317198
SC_std_abs=0.010530271244501814