conf_id=35
---
run_0
TV=9696.135
FD=6.796038
IGSD=[30.251,28.569,29.276,27.069,26.319,27.496]
SC_pos=0.208951
SC_neg=0.791049
SC_avg=-0.0022927375158799273
SC_std=0.010451358834760997
SC_avg_abs=0.006079381994567209
SC_std_abs=0.008805036136995242
---
run_1
TV=7877.707
FD=5.649318
IGSD=[34.029,33.984,32.465,33.364,31.561,33.567]
SC_pos=0.192175
SC_neg=0.807825
SC_avg=-0.0016421582516921726
SC_std=0.008771231249403176
SC_avg_abs=0.004404943280260983
SC_std_abs=0.007760647914432861
---
run_2
TV=7942.635
FD=5.575497
IGSD=[33.114,33.314,31.374,32.646,29.951,31.882]
SC_pos=0.187964
SC_neg=0.812036
SC_avg=-0.001740221848161995
SC_std=0.009916543610610335
SC_avg_abs=0.00483360479591901
SC_std_abs=0.008831900924423106
---
run_3
TV=9581.315
FD=6.450956
IGSD=[31.972,29.151,27.491,27.737,27.442,27.918]
SC_pos=0.196531
SC_neg=0.803469
SC_avg=-0.0024096657490550234
SC_std=0.009965729123992224
SC_avg_abs=0.005875308581568711
SC_std_abs=0.00840255884039503
---
run_4
TV=8322.605
FD=5.836321
IGSD=[31.23,31.896,29.894,32.463,29.892,31.394]
SC_pos=0.174441
SC_neg=0.825559
SC_avg=-0.0017810710888674145
SC_std=0.009962168151708277
SC_avg_abs=0.004959258628954794
SC_std_abs=0.008821721054173472
---
combined
TV_avg=8684.079399999999
TV_std=794.9752508131559
FD_avg=6.0616259999999995
FD_std=0.4791702138434733
IGSD_avg=30.6237
IGSD_std=2.2890369612568517
SC_pos_avg=0.1920124
SC_neg_avg=0.8079876
SC_avg=-0.0019731708907313066
SC_std=0.009834197223027854
SC_avg_abs=0.0052304994562541425
SC_std_abs=0.008558429401681318