conf_id=79
---
run_0
TV=7834.31
FD=5.137436
IGSD=[35.081,33.298,33.864,35.726,36.881,38.279]
SC_pos=0.212089
SC_neg=0.787911
SC_avg=-0.0012275653253744766
SC_std=0.007411397778600542
SC_avg_abs=0.004011342593122363
SC_std_abs=0.006351760721351925
---
run_1
TV=8981.751
FD=6.353038
IGSD=[32.134,29.463,30.758,30.736,27.485,27.533]
SC_pos=0.195157
SC_neg=0.804843
SC_avg=-0.0015836736065746176
SC_std=0.010728986777724603
SC_avg_abs=0.005609551986854759
SC_std_abs=0.009281815871666715
---
run_2
TV=8770.804
FD=6.083889
IGSD=[33.607,33.227,32.558,29.48,32.01,32.159]
SC_pos=0.232996
SC_neg=0.767004
SC_avg=-0.0017694992747854486
SC_std=0.006703596853594836
SC_avg_abs=0.004613046325094778
SC_std_abs=0.005175822839078089
---
run_3
TV=7555.467
FD=4.850626
IGSD=[38.345,35.654,36.179,37.769,35.273,35.548]
SC_pos=0.210874
SC_neg=0.789126
SC_avg=-0.0012130594927079429
SC_std=0.007354798107698306
SC_avg_abs=0.0038505611498890835
SC_std_abs=0.00638261289510936
---
run_4
TV=7909.709
FD=5.107851
IGSD=[34.098,32.267,32.28,34.395,33.052,33.408]
SC_pos=0.190401
SC_neg=0.809599
SC_avg=-0.0012926660687577508
SC_std=0.010053171372433334
SC_avg_abs=0.004550283175959721
SC_std_abs=0.00905716088117069
---
combined
TV_avg=8210.408200000002
TV_std=560.3268703445874
FD_avg=5.506568
FD_std=0.5958698825780674
IGSD_avg=33.41823333333333
IGSD_std=2.7879852305124495
SC_pos_avg=0.2083034
SC_neg_avg=0.7916966
SC_avg=-0.0014172927536400474
SC_std=0.008606770201272129
SC_avg_abs=0.00452695704618414
SC_std_abs=0.0074559957047352285