conf_id=85
---
run_0
TV=17824.675
FD=15.36803
IGSD=[15.167,18.302,16.865,18.26,15.174,14.584]
SC_pos=0.205572
SC_neg=0.794428
SC_avg=-0.006850053902231658
SC_std=0.022327473339790085
SC_avg_abs=0.01597293531946391
SC_std_abs=0.01703832860003406
---
run_1
TV=16476.616
FD=12.702121
IGSD=[17.13,16.516,18.122,17.438,17.051,20.54]
SC_pos=0.232572
SC_neg=0.767428
SC_avg=-0.005365571186540266
SC_std=0.01808764872348906
SC_avg_abs=0.013075599452244333
SC_std_abs=0.013600775325937642
---
run_2
TV=13962.289
FD=9.813032
IGSD=[19.456,19.477,18.745,19.988,19.092,20.377]
SC_pos=0.187317
SC_neg=0.812683
SC_avg=-0.005570095671927679
SC_std=0.017694629317541302
SC_avg_abs=0.01155426534697476
SC_std_abs=0.014512919236711745
---
run_3
TV=14201.399
FD=10.96594
IGSD=[22.494,20.759,19.081,20.388,18.837,18.368]
SC_pos=0.211272
SC_neg=0.788728
SC_avg=-0.004517272195499034
SC_std=0.01767747648612173
SC_avg_abs=0.011578998222136854
SC_std_abs=0.014100557548457683
---
run_4
TV=15307.786
FD=10.808228
IGSD=[17.48,18.015,19.211,17.707,17.232,17.303]
SC_pos=0.160219
SC_neg=0.839781
SC_avg=-0.005421292106771083
SC_std=0.023181466884215685
SC_avg_abs=0.014015802874547722
SC_std_abs=0.01924391033009525
---
combined
TV_avg=15554.553
TV_std=1444.359956281951
FD_avg=11.931470200000001
FD_std=1.9537424563492907
IGSD_avg=18.3053
IGSD_std=1.7420214531782705
SC_pos_avg=0.1993904
SC_neg_avg=0.8006096
SC_avg=-0.005544857012593947
SC_std=0.019957254865087457
SC_avg_abs=0.013239520243073535
SC_std_abs=0.015929612825596726