conf_id=237
---
run_0
TV=7200.744
FD=4.614126
IGSD=[36.786,40.09,39.487,39.256,38.745,37.42]
SC_pos=0.228787
SC_neg=0.771213
SC_avg=-0.001070473646193614
SC_std=0.006329003279724929
SC_avg_abs=0.00355257448998788
SC_std_abs=0.005346158511964578
---
run_1
TV=7935.263
FD=5.242284
IGSD=[33.356,33.538,32.732,36.062,36.541,37.511]
SC_pos=0.21466
SC_neg=0.78534
SC_avg=-0.0013107427423803596
SC_std=0.0069798625294448585
SC_avg_abs=0.003935812449973932
SC_std_abs=0.0059115063922219845
---
run_2
TV=8782.78
FD=6.082656
IGSD=[33.984,29.829,29.364,31.702,32.421,31.469]
SC_pos=0.21495
SC_neg=0.78505
SC_avg=-0.0016051932637228567
SC_std=0.009339428096239884
SC_avg_abs=0.0051226381429019365
SC_std_abs=0.007972461416377155
---
run_3
TV=9776.543
FD=6.833069
IGSD=[29.184,26.361,26.585,28.586,35.667,28.434]
SC_pos=0.221804
SC_neg=0.778196
SC_avg=-0.0019036317380417996
SC_std=0.009016544756854374
SC_avg_abs=0.00563656852942687
SC_std_abs=0.007290472437333041
---
run_4
TV=8990.281
FD=6.162756
IGSD=[34.136,30.579,30.131,28.605,36.059,31.799]
SC_pos=0.232273
SC_neg=0.767727
SC_avg=-0.0016011674305429
SC_std=0.008132000713334473
SC_avg_abs=0.004985743043569668
SC_std_abs=0.006620841264205053
---
combined
TV_avg=8537.122200000002
TV_std=888.8200900351884
FD_avg=5.7869782
FD_std=0.7739785956715859
IGSD_avg=33.21396666666666
IGSD_std=3.9203829360861615
SC_pos_avg=0.2224948
SC_neg_avg=0.7775052
SC_avg=-0.0014982417641763053
SC_std=0.008047753852553928
SC_avg_abs=0.00464666733117206
SC_std_abs=0.006739403027615798