conf_id=283
---
run_0
TV=14857.293
FD=12.116896
IGSD=[21.261,18.877,18.967,20.198,20.493,21.111]
SC_pos=0.253577
SC_neg=0.746423
SC_avg=-0.003988472475232778
SC_std=0.011714607167033412
SC_avg_abs=0.009686504992873962
SC_std_abs=0.007701399534281277
---
run_1
TV=14566.965
FD=12.770166
IGSD=[19.935,19.048,19.366,19.67,19.743,23.648]
SC_pos=0.244344
SC_neg=0.755656
SC_avg=-0.004612783923891732
SC_std=0.014786861673683755
SC_avg_abs=0.011786653342308233
SC_std_abs=0.010050067495963683
---
run_2
TV=14346.362
FD=11.912407
IGSD=[20.721,19.871,20.864,18.977,20.225,24.719]
SC_pos=0.245249
SC_neg=0.754751
SC_avg=-0.004320312925403776
SC_std=0.01309098598216824
SC_avg_abs=0.010704638267950328
SC_std_abs=0.008686180824221295
---
run_3
TV=15000.457
FD=12.507075
IGSD=[18.26,17.879,22.316,20.288,18.686,20.032]
SC_pos=0.259029
SC_neg=0.740971
SC_avg=-0.003930918163162928
SC_std=0.016941123201363872
SC_avg_abs=0.012197369026734281
SC_std_abs=0.012396691564886854
---
run_4
TV=15203.973
FD=13.789084
IGSD=[19.88,20.176,21.91,19.494,18.267,16.919]
SC_pos=0.249262
SC_neg=0.750738
SC_avg=-0.004693610082650186
SC_std=0.01906161136669165
SC_avg_abs=0.014114226794087957
SC_std_abs=0.013644178447520871
---
combined
TV_avg=14795.01
TV_std=305.4923655988806
FD_avg=12.6191256
FD_std=0.6566364211380908
IGSD_avg=20.060033333333333
IGSD_std=1.5907780797109599
SC_pos_avg=0.2502922
SC_neg_avg=0.7497078
SC_avg=-0.004309219514068278
SC_std=0.015349852882274747
SC_avg_abs=0.011697878484790957
SC_std_abs=0.010832681813981709