conf_id=229
---
run_0
TV=17175.369
FD=15.272941
IGSD=[19.4,15.483,15.187,20.533,15.085,15.56]
SC_pos=0.224409
SC_neg=0.775591
SC_avg=-0.006291535573911636
SC_std=0.019179828074457488
SC_avg_abs=0.01464331519467584
SC_std_abs=0.01389325537636587
---
run_1
TV=15676.246
FD=12.912587
IGSD=[20.229,18.364,16.989,20.078,17.871,18.211]
SC_pos=0.213103
SC_neg=0.786897
SC_avg=-0.005453209761657156
SC_std=0.0169418693941814
SC_avg_abs=0.012661095442805982
SC_std_abs=0.012508441048439692
---
run_2
TV=16345.939
FD=15.036161
IGSD=[17.935,18.898,17.545,19.953,16.185,17.231]
SC_pos=0.225518
SC_neg=0.774482
SC_avg=-0.005993322003285385
SC_std=0.018331722788461142
SC_avg_abs=0.01389252943605286
SC_std_abs=0.013377951819933242
---
run_3
TV=13435.0
FD=11.744207
IGSD=[22.5,20.005,20.699,23.24,21.899,23.851]
SC_pos=0.234384
SC_neg=0.765616
SC_avg=-0.003818993630612037
SC_std=0.01285821901186144
SC_avg_abs=0.00995945115288871
SC_std_abs=0.008984867346871291
---
run_4
TV=15595.499
FD=13.730042
IGSD=[19.12,16.829,16.954,17.933,17.154,18.379]
SC_pos=0.22026
SC_neg=0.77974
SC_avg=-0.005423970497746456
SC_std=0.022970638239892774
SC_avg_abs=0.014708401807888127
SC_std_abs=0.018458943452054937
---
combined
TV_avg=15645.6106
TV_std=1242.647943324029
FD_avg=13.7391876
FD_std=1.3189267819416817
IGSD_avg=18.643333333333334
IGSD_std=2.28699819754095
SC_pos_avg=0.2235348
SC_neg_avg=0.7764652
SC_avg=-0.005396206293442532
SC_std=0.01837160092618431
SC_avg_abs=0.013172958606862297
SC_std_abs=0.013896327734126655