conf_id=39
---
run_0
TV=8324.581
FD=5.66365
IGSD=[30.211,30.851,31.062,31.284,33.069,31.766]
SC_pos=0.195628
SC_neg=0.804372
SC_avg=-0.0015938614899503514
SC_std=0.009522763145501476
SC_avg_abs=0.00494025433467543
SC_std_abs=0.008295619294735537
---
run_1
TV=11596.67
FD=8.439544
IGSD=[20.167,38.975,30.006,25.567,23.964,23.167]
SC_pos=0.265192
SC_neg=0.734808
SC_avg=-0.0022842700018071557
SC_std=0.008398413793357548
SC_avg_abs=0.006733520791585581
SC_std_abs=0.005514611630468564
---
run_2
TV=8368.095
FD=5.518979
IGSD=[31.51,30.949,31.912,35.217,33.284,34.616]
SC_pos=0.209386
SC_neg=0.790614
SC_avg=-0.0014321062233698604
SC_std=0.008208358365687273
SC_avg_abs=0.004565953877299226
SC_std_abs=0.006969945515205915
---
run_3
TV=8837.807
FD=6.018991
IGSD=[30.894,29.124,29.808,31.365,31.362,30.937]
SC_pos=0.185264
SC_neg=0.814736
SC_avg=-0.001705578425210722
SC_std=0.01061579178052904
SC_avg_abs=0.0051869991099677114
SC_std_abs=0.009418018534983159
---
run_4
TV=10833.872
FD=6.919626
IGSD=[27.863,24.175,24.348,28.835,25.487,26.701]
SC_pos=0.204789
SC_neg=0.795211
SC_avg=-0.0028176744928319524
SC_std=0.010216827543531398
SC_avg_abs=0.006695210994014811
SC_std_abs=0.008215656050945708
---
combined
TV_avg=9592.204999999998
TV_std=1358.973812477194
FD_avg=6.5121579999999994
FD_std=1.0798547130067082
IGSD_avg=29.615866666666665
IGSD_std=3.9457355185341836
SC_pos_avg=0.2120518
SC_neg_avg=0.7879482
SC_avg=-0.0019666981266340086
SC_std=0.009455052736415875
SC_avg_abs=0.005624387821508549
SC_std_abs=0.007850616880409928