conf_id=251
---
run_0
TV=17240.219
FD=14.539922
IGSD=[16.947,16.119,16.555,16.318,17.075,16.988]
SC_pos=0.170949
SC_neg=0.829051
SC_avg=-0.0068403394295100195
SC_std=0.02180107254290449
SC_avg_abs=0.016164364125770225
SC_std_abs=0.016149004301857308
---
run_1
TV=18493.003
FD=16.125433
IGSD=[15.357,14.939,14.488,16.364,15.187,15.788]
SC_pos=0.183663
SC_neg=0.816337
SC_avg=-0.008786748907954
SC_std=0.023196331022286326
SC_avg_abs=0.017588710507879402
SC_std_abs=0.017490397134911684
---
run_2
TV=9461.399
FD=5.988994
IGSD=[31.051,28.074,28.858,30.288,29.557,28.793]
SC_pos=0.195193
SC_neg=0.804807
SC_avg=-0.002104745510146599
SC_std=0.008190520836640054
SC_avg_abs=0.005415177515984521
SC_std_abs=0.00649541666933638
---
run_3
TV=9712.883
FD=6.218666
IGSD=[28.923,28.377,29.401,28.672,28.077,28.392]
SC_pos=0.211102
SC_neg=0.788898
SC_avg=-0.002103322779332493
SC_std=0.0094463741315155
SC_avg_abs=0.005842434224633753
SC_std_abs=0.007715174222106223
---
run_4
TV=20196.237
FD=21.371708
IGSD=[15.138,15.507,13.341,14.977,15.335,13.274]
SC_pos=0.232879
SC_neg=0.767121
SC_avg=-0.008777587031735236
SC_std=0.024558877139584046
SC_avg_abs=0.01958214393834867
SC_std_abs=0.01722568196718681
---
combined
TV_avg=15020.748200000002
TV_std=4535.373961560674
FD_avg=12.848944600000001
FD_std=5.954020378250031
IGSD_avg=20.938666666666666
IGSD_std=6.689288155119513
SC_pos_avg=0.1987572
SC_neg_avg=0.8012428
SC_avg=-0.0057225487317356764
SC_std=0.019073399977480518
SC_avg_abs=0.01291856606252332
SC_std_abs=0.015154299771888665