conf_id=230
---
run_0
TV=12642.699
FD=10.404461
IGSD=[21.419,22.983,21.304,23.412,21.333,21.056]
SC_pos=0.204633
SC_neg=0.795367
SC_avg=-0.004066838231721276
SC_std=0.015071431439284761
SC_avg_abs=0.00970936079448088
SC_std_abs=0.012223564610810082
---
run_1
TV=11017.153
FD=8.218933
IGSD=[25.438,24.178,28.781,25.096,29.93,25.452]
SC_pos=0.240838
SC_neg=0.759162
SC_avg=-0.002716697305414476
SC_std=0.010569518480787096
SC_avg_abs=0.007315247891655921
SC_std_abs=0.008098290773278637
---
run_2
TV=10382.278
FD=7.520893
IGSD=[24.429,27.457,24.693,26.215,25.976,26.768]
SC_pos=0.200609
SC_neg=0.799391
SC_avg=-0.002277258089917592
SC_std=0.012104638350847166
SC_avg_abs=0.006646014597935706
SC_std_abs=0.010370085051576026
---
run_3
TV=11007.903
FD=7.879293
IGSD=[27.261,24.972,25.137,25.776,23.775,26.056]
SC_pos=0.203037
SC_neg=0.796963
SC_avg=-0.0026830171574270863
SC_std=0.012177542438997426
SC_avg_abs=0.0072311523951004856
SC_std_abs=0.010158816661376665
---
run_4
TV=12426.609
FD=10.089279
IGSD=[21.421,22.427,22.219,21.049,25.216,23.091]
SC_pos=0.208654
SC_neg=0.791346
SC_avg=-0.003763384946796368
SC_std=0.014153797247463675
SC_avg_abs=0.0094389182135096
SC_std_abs=0.011198208148572721
---
combined
TV_avg=11495.328399999999
TV_std=881.9137459356443
FD_avg=8.822571799999999
FD_std=1.187892500639077
IGSD_avg=24.477333333333338
IGSD_std=2.3122051139310478
SC_pos_avg=0.2115542
SC_neg_avg=0.7884458
SC_avg=-0.0031014391462553634
SC_std=0.012933523091725494
SC_avg_abs=0.008068138778536514
SC_std_abs=0.010573555740260544