conf_id=174
---
run_0
TV=10657.676
FD=7.209282
IGSD=[24.602,24.126,24.524,27.827,26.012,27.123]
SC_pos=0.199993
SC_neg=0.800007
SC_avg=-0.002611181302455453
SC_std=0.01150789503667205
SC_avg_abs=0.007260476469641858
SC_std_abs=0.009302440400407366
---
run_1
TV=14916.834
FD=11.442235
IGSD=[19.993,19.348,18.87,18.525,19.68,21.394]
SC_pos=0.213032
SC_neg=0.786968
SC_avg=-0.0046922973180756455
SC_std=0.016603370695634934
SC_avg_abs=0.01156748416988886
SC_std_abs=0.012801674990299479
---
run_2
TV=11423.614
FD=7.930705
IGSD=[23.565,22.084,22.016,24.734,24.181,27.711]
SC_pos=0.196945
SC_neg=0.803055
SC_avg=-0.0029232643892489903
SC_std=0.012173566974168562
SC_avg_abs=0.007833660530643232
SC_std_abs=0.009766010969411263
---
run_3
TV=13790.539
FD=11.331053
IGSD=[18.677,20.881,19.512,18.77,18.336,18.817]
SC_pos=0.157771
SC_neg=0.842229
SC_avg=-0.004193030590110466
SC_std=0.02223683569344773
SC_avg_abs=0.012478750547705577
SC_std_abs=0.018876947633426622
---
run_4
TV=17555.828
FD=14.192549
IGSD=[16.074,15.869,15.983,15.873,17.04,16.023]
SC_pos=0.168232
SC_neg=0.831768
SC_avg=-0.007798763587925551
SC_std=0.022589445770931207
SC_avg_abs=0.01667394804272199
SC_std_abs=0.017119673782137405
---
combined
TV_avg=13668.898200000001
TV_std=2481.496475589551
FD_avg=10.4211648
FD_std=2.5539146739931935
IGSD_avg=20.939
IGSD_std=3.6761502508285306
SC_pos_avg=0.1871946
SC_neg_avg=0.8128054
SC_avg=-0.004443707437563223
SC_std=0.017765754462353553
SC_avg_abs=0.011162863952120301
SC_std_abs=0.01451754234688995