conf_id=228
---
run_0
TV=13871.89
FD=12.466258
IGSD=[20.303,21.256,21.657,19.724,21.979,21.739]
SC_pos=0.246494
SC_neg=0.753506
SC_avg=-0.003673472984772062
SC_std=0.011546861267447693
SC_avg_abs=0.00924467005735432
SC_std_abs=0.007833293332321372
---
run_1
TV=14680.979
FD=13.223695
IGSD=[18.91,17.234,21.418,16.769,21.834,24.239]
SC_pos=0.238964
SC_neg=0.761036
SC_avg=-0.00436156108585348
SC_std=0.014796163531137371
SC_avg_abs=0.010947174539893856
SC_std_abs=0.010867798302273123
---
run_2
TV=14563.586
FD=11.183212
IGSD=[18.638,17.583,20.338,16.623,21.126,22.06]
SC_pos=0.222326
SC_neg=0.777674
SC_avg=-0.004652248056176925
SC_std=0.016294874064865666
SC_avg_abs=0.01105175010042055
SC_std_abs=0.012846211600463703
---
run_3
TV=16124.45
FD=14.347769
IGSD=[18.842,16.47,16.943,20.145,16.74,16.739]
SC_pos=0.213758
SC_neg=0.786242
SC_avg=-0.0063882887206865155
SC_std=0.01790007562521876
SC_avg_abs=0.013235051796121331
SC_std_abs=0.01364024721628559
---
run_4
TV=15834.324
FD=14.300595
IGSD=[20.815,17.173,16.759,21.746,16.53,16.117]
SC_pos=0.222386
SC_neg=0.777614
SC_avg=-0.006286364609478447
SC_std=0.01727689271932342
SC_avg_abs=0.013515822050310987
SC_std_abs=0.0124632241551952
---
combined
TV_avg=15015.045799999998
TV_std=839.5494278391004
FD_avg=13.1043058
FD_std=1.1907366412730231
IGSD_avg=19.28163333333333
IGSD_std=2.2880545664142034
SC_pos_avg=0.2287856
SC_neg_avg=0.7712144
SC_avg=-0.005072387091393488
SC_std=0.015764055317033086
SC_avg_abs=0.0115988937088202
SC_std_abs=0.011819484573148941