conf_id=181
---
run_0
TV=23568.457
FD=25.707166
IGSD=[10.475,15.535,15.346,14.274,10.308,10.398]
SC_pos=0.218318
SC_neg=0.781682
SC_avg=-0.009839707246907612
SC_std=0.03369375448647354
SC_avg_abs=0.024874039700383457
SC_std_abs=0.024766329544027108
---
run_1
TV=20665.007
FD=21.280196
IGSD=[10.195,17.119,24.265,12.591,13.163,12.629]
SC_pos=0.248601
SC_neg=0.751399
SC_avg=-0.00698910922480455
SC_std=0.021264719444895504
SC_avg_abs=0.016783943328294647
SC_std_abs=0.014809969182242026
---
run_2
TV=23270.188
FD=23.451364
IGSD=[15.023,11.616,13.262,14.74,11.879,13.349]
SC_pos=0.252328
SC_neg=0.747672
SC_avg=-0.012989729748545389
SC_std=0.027435355097621034
SC_avg_abs=0.0252123564286501
SC_std_abs=0.01690469968936187
---
run_3
TV=23932.227
FD=23.903175
IGSD=[14.2,11.085,11.053,14.136,10.835,11.205]
SC_pos=0.220903
SC_neg=0.779097
SC_avg=-0.010992627309052901
SC_std=0.035080494253117066
SC_avg_abs=0.02626458982755694
SC_std_abs=0.02572256311857174
---
run_4
TV=22226.682
FD=19.491134
IGSD=[15.16,10.346,11.131,12.259,19.961,11.685]
SC_pos=0.240052
SC_neg=0.759948
SC_avg=-0.008749801671262127
SC_std=0.03205586879477152
SC_avg_abs=0.02312807675236739
SC_std_abs=0.02385853765867958
---
combined
TV_avg=22732.5122
TV_std=1179.6318509730727
FD_avg=22.766607
FD_std=2.160819623883679
IGSD_avg=13.307433333333334
IGSD_std=3.042439313920475
SC_pos_avg=0.2360404
SC_neg_avg=0.7639596
SC_avg=-0.00991219504011452
SC_std=0.03039379967133154
SC_avg_abs=0.02325260120745052
SC_std_abs=0.02193971754744292