conf_id=29
---
run_0
TV=12026.527
FD=8.905249
IGSD=[23.315,25.807,23.897,23.481,23.974,24.409]
SC_pos=0.237284
SC_neg=0.762716
SC_avg=-0.0029828589931227656
SC_std=0.011262946199889027
SC_avg_abs=0.008087223947109081
SC_std_abs=0.008387384199126295
---
run_1
TV=11681.563
FD=8.700825
IGSD=[23.716,24.294,24.555,23.247,25.537,24.235]
SC_pos=0.224117
SC_neg=0.775883
SC_avg=-0.0026833771167326255
SC_std=0.010920777063475441
SC_avg_abs=0.007442197652382056
SC_std_abs=0.008430751954814861
---
run_2
TV=15636.158
FD=13.484987
IGSD=[21.038,18.151,17.959,20.323,18.261,17.86]
SC_pos=0.232622
SC_neg=0.767378
SC_avg=-0.005485395433450814
SC_std=0.017260314680356898
SC_avg_abs=0.013187629270627063
SC_std_abs=0.012413478970327659
---
run_3
TV=13186.995
FD=10.211536
IGSD=[20.87,23.617,21.159,19.515,28.427,22.458]
SC_pos=0.2623
SC_neg=0.7377
SC_avg=-0.0026916936884491833
SC_std=0.012113026461350157
SC_avg_abs=0.009010864931461636
SC_std_abs=0.0085308228297604
---
run_4
TV=11296.94
FD=7.622611
IGSD=[22.072,23.228,23.161,25.684,26.882,29.839]
SC_pos=0.22319
SC_neg=0.77681
SC_avg=-0.0021140032202828164
SC_std=0.012563385538117115
SC_avg_abs=0.007460464424339815
SC_std_abs=0.010327106873074199
---
combined
TV_avg=12765.636600000002
TV_std=1568.1839358308193
FD_avg=9.7850416
FD_std=2.0247054200924737
IGSD_avg=23.032366666666668
IGSD_std=2.907150076201013
SC_pos_avg=0.2359026
SC_neg_avg=0.7640974
SC_avg=-0.003191465690407641
SC_std=0.01308108817886912
SC_avg_abs=0.009037676045183924
SC_std_abs=0.009981018630315603