conf_id=129
---
run_0
TV=10612.797
FD=7.273569
IGSD=[28.475,27.772,26.619,29.511,25.776,27.446]
SC_pos=0.249419
SC_neg=0.750581
SC_avg=-0.0022640586096671087
SC_std=0.009240358312554408
SC_avg_abs=0.006690393288013665
SC_std_abs=0.0067637874585252025
---
run_1
TV=13237.833
FD=8.73456
IGSD=[23.824,21.094,21.779,22.564,20.844,21.671]
SC_pos=0.236879
SC_neg=0.763121
SC_avg=-0.003648846587887665
SC_std=0.018000339967264224
SC_avg_abs=0.011495041988155385
SC_std_abs=0.014324466134888724
---
run_2
TV=11251.505
FD=8.5208
IGSD=[20.719,27.716,28.862,26.842,27.35,24.477]
SC_pos=0.246274
SC_neg=0.753726
SC_avg=-0.0021364337110892427
SC_std=0.011111975364398669
SC_avg_abs=0.007335702471825009
SC_std_abs=0.0086155565546134
---
run_3
TV=13091.595
FD=10.141739
IGSD=[22.916,22.153,21.392,24.159,22.586,22.548]
SC_pos=0.263392
SC_neg=0.736608
SC_avg=-0.003112941755782505
SC_std=0.013718379083637532
SC_avg_abs=0.010076423520476697
SC_std_abs=0.009815804607532798
---
run_4
TV=15448.901
FD=13.63314
IGSD=[20.771,17.976,17.566,16.242,22.465,22.562]
SC_pos=0.251137
SC_neg=0.748863
SC_avg=-0.00475551628807656
SC_std=0.013137159279027885
SC_avg_abs=0.010936637784949077
SC_std_abs=0.00869424194795234
---
combined
TV_avg=12728.5262
TV_std=1699.9737112977248
FD_avg=9.660761599999999
FD_std=2.1848194330383093
IGSD_avg=23.5559
IGSD_std=3.4031080632269086
SC_pos_avg=0.2494202
SC_neg_avg=0.7505798
SC_avg=-0.0031835593905006165
SC_std=0.013403625010974278
SC_avg_abs=0.00930683981068397
SC_std_abs=0.010157506907008628