conf_id=137
---
run_0
TV=7193.69
FD=4.874091
IGSD=[38.42,40.12,37.143,38.173,37.052,36.001]
SC_pos=0.204144
SC_neg=0.795856
SC_avg=-0.001101755924868387
SC_std=0.007260389040228425
SC_avg_abs=0.0035163556420562073
SC_std_abs=0.006446887476296688
---
run_1
TV=8587.968
FD=5.837686
IGSD=[31.874,31.584,32.942,32.349,32.024,31.005]
SC_pos=0.214291
SC_neg=0.785709
SC_avg=-0.0018100534300369803
SC_std=0.007409870331686403
SC_avg_abs=0.004817810426254823
SC_std_abs=0.005913643077550874
---
run_2
TV=9976.392
FD=6.959671
IGSD=[30.46,29.169,27.079,28.869,30.594,30.014]
SC_pos=0.229426
SC_neg=0.770574
SC_avg=-0.0021844951546034666
SC_std=0.007953540604657302
SC_avg_abs=0.005735017841423748
SC_std_abs=0.005927933669413801
---
run_3
TV=9328.744
FD=6.707949
IGSD=[29.79,29.814,29.578,29.711,29.562,27.642]
SC_pos=0.219625
SC_neg=0.780375
SC_avg=-0.002184146672164884
SC_std=0.009654255689710331
SC_avg_abs=0.005782925258434128
SC_std_abs=0.0080332387654792
---
run_4
TV=9485.347
FD=6.399461
IGSD=[29.16,29.633,27.757,28.406,28.559,29.695]
SC_pos=0.189978
SC_neg=0.810022
SC_avg=-0.001987174849048428
SC_std=0.01077196229510202
SC_avg_abs=0.005861931727895916
SC_std_abs=0.009253204417134503
---
combined
TV_avg=8914.4282
TV_std=968.802269398333
FD_avg=6.1557716
FD_std=0.7422159065133541
IGSD_avg=31.472633333333327
IGSD_std=3.487385348015839
SC_pos_avg=0.2114928
SC_neg_avg=0.7885072
SC_avg=-0.0018535252061444303
SC_std=0.008728365492375134
SC_avg_abs=0.005142808179212967
SC_std_abs=0.007291875197102451