conf_id=151
---
run_0
TV=10834.299
FD=7.367782
IGSD=[25.917,23.362,30.082,30.285,26.957,25.839]
SC_pos=0.236601
SC_neg=0.763399
SC_avg=-0.0027425929706836683
SC_std=0.00950199113355234
SC_avg_abs=0.006882768815985627
SC_std_abs=0.007101911371641198
---
run_1
TV=8176.018
FD=5.244203
IGSD=[34.908,31.293,34.693,36.699,36.877,34.957]
SC_pos=0.234422
SC_neg=0.765578
SC_avg=-0.001340040429290793
SC_std=0.006188945150646311
SC_avg_abs=0.003944348894231862
SC_std_abs=0.004953873457246787
---
run_2
TV=9991.024
FD=6.478733
IGSD=[32.549,25.33,28.145,34.515,28.566,29.079]
SC_pos=0.239147
SC_neg=0.760853
SC_avg=-0.002378630566540243
SC_std=0.007852205064205373
SC_avg_abs=0.00607768277330439
SC_std_abs=0.005511513390121725
---
run_3
TV=11372.421
FD=8.61984
IGSD=[27.039,24.443,24.426,25.532,25.592,25.762]
SC_pos=0.235729
SC_neg=0.764271
SC_avg=-0.003147012311295658
SC_std=0.011428836009249044
SC_avg_abs=0.008383427996555436
SC_std_abs=0.008380937539459688
---
run_4
TV=10023.927
FD=6.513181
IGSD=[30.876,28.719,26.982,30.534,29.896,28.641]
SC_pos=0.230005
SC_neg=0.769995
SC_avg=-0.0025399386101752183
SC_std=0.008341562539242703
SC_avg_abs=0.006134783549232935
SC_std_abs=0.0061965623166088625
---
combined
TV_avg=10079.5378
TV_std=1084.0227230761172
FD_avg=6.8447478
FD_std=1.1162584043454096
IGSD_avg=29.283166666666663
IGSD_std=3.800326004290802
SC_pos_avg=0.2351808
SC_neg_avg=0.7648192
SC_avg=-0.0024296429775971192
SC_std=0.008857341786761766
SC_avg_abs=0.006284602405862051
SC_std_abs=0.006697719098792961