conf_id=153
---
run_0
TV=10447.346
FD=7.820516
IGSD=[26.783,28.398,26.731,26.991,28.227,25.978]
SC_pos=0.23445
SC_neg=0.76555
SC_avg=-0.0024489852102586884
SC_std=0.010352049611271605
SC_avg_abs=0.006780800456197148
SC_std_abs=0.00819653615178576
---
run_1
TV=9138.48
FD=6.637587
IGSD=[28.047,29.107,30.438,30.186,28.541,27.75]
SC_pos=0.192072
SC_neg=0.807928
SC_avg=-0.0023442736788803803
SC_std=0.009702198383862755
SC_avg_abs=0.00543254698938157
SC_std_abs=0.00837351215258458
---
run_2
TV=11144.888
FD=8.146597
IGSD=[24.847,24.958,27.198,26.469,24.864,24.22]
SC_pos=0.22538
SC_neg=0.77462
SC_avg=-0.003246048380457656
SC_std=0.011207075284632623
SC_avg_abs=0.007687564636310813
SC_std_abs=0.008777056254020397
---
run_3
TV=12957.437
FD=10.21261
IGSD=[21.006,21.438,24.758,20.655,23.203,23.229]
SC_pos=0.232304
SC_neg=0.767696
SC_avg=-0.0038224135749932086
SC_std=0.013025960724550015
SC_avg_abs=0.00942151137974197
SC_std_abs=0.009773516340458258
---
run_4
TV=10430.728
FD=7.779544
IGSD=[29.814,25.225,26.656,27.509,28.04,28.58]
SC_pos=0.233865
SC_neg=0.766135
SC_avg=-0.0025893643615773625
SC_std=0.009991465447150124
SC_avg_abs=0.007113430053428849
SC_std_abs=0.007478857028555697
---
combined
TV_avg=10823.7758
TV_std=1248.361410993211
FD_avg=8.1193708
FD_std=1.1647206780861066
IGSD_avg=26.3282
IGSD_std=2.5739513126708515
SC_pos_avg=0.2236142
SC_neg_avg=0.7763858
SC_avg=-0.0028902170412334585
SC_std=0.01093599573872029
SC_avg_abs=0.007287170703012071
SC_std_abs=0.008651387200207103