conf_id=289
---
run_0
TV=11822.045
FD=8.801538
IGSD=[24.688,23.226,25.723,24.079,24.891,26.863]
SC_pos=0.24916
SC_neg=0.75084
SC_avg=-0.0028209377304067424
SC_std=0.009543524954756277
SC_avg_abs=0.007487182395304697
SC_std_abs=0.006555811011639034
---
run_1
TV=10636.743
FD=7.994281
IGSD=[27.36,26.628,26.101,24.891,25.692,31.266]
SC_pos=0.237493
SC_neg=0.762507
SC_avg=-0.002081104585250378
SC_std=0.010116765082088077
SC_avg_abs=0.006535212829555565
SC_std_abs=0.00799818262440406
---
run_2
TV=10691.067
FD=7.707499
IGSD=[27.514,25.013,25.736,28.046,25.372,24.888]
SC_pos=0.219719
SC_neg=0.780281
SC_avg=-0.0023119666727513402
SC_std=0.012136364478945965
SC_avg_abs=0.00727915248003443
SC_std_abs=0.0099825082937177
---
run_3
TV=13592.639
FD=11.74678
IGSD=[21.428,24.526,23.166,24.207,19.225,20.157]
SC_pos=0.254319
SC_neg=0.745681
SC_avg=-0.003642926972090702
SC_std=0.012425093502663876
SC_avg_abs=0.010008630535332443
SC_std_abs=0.008214692951117345
---
run_4
TV=12035.353
FD=8.337973
IGSD=[27.796,21.938,21.401,28.225,25.908,24.086]
SC_pos=0.239888
SC_neg=0.760112
SC_avg=-0.0029685329012042443
SC_std=0.008838331406229059
SC_avg_abs=0.007006290236444273
SC_std_abs=0.006151437779460403
---
combined
TV_avg=11755.569399999998
TV_std=1080.9681268576976
FD_avg=8.9176142
FD_std=1.4608600018021436
IGSD_avg=25.00133333333333
IGSD_std=2.513716124695777
SC_pos_avg=0.2401158
SC_neg_avg=0.7598842
SC_avg=-0.002765093772340679
SC_std=0.010721067672392861
SC_avg_abs=0.007663293695334288
SC_std_abs=0.007991305609530536