conf_id=175
---
run_0
TV=8385.544
FD=6.04212
IGSD=[29.822,30.39,29.409,30.378,28.642,29.82]
SC_pos=0.153853
SC_neg=0.846147
SC_avg=-0.002014781209158236
SC_std=0.011389014893508265
SC_avg_abs=0.005362008981947114
SC_std_abs=0.010247822365890655
---
run_1
TV=9879.808
FD=7.48031
IGSD=[27.813,25.88,25.477,26.039,26.233,26.058]
SC_pos=0.159032
SC_neg=0.840968
SC_avg=-0.002585436175811505
SC_std=0.013004367161778238
SC_avg_abs=0.006877334004625313
SC_std_abs=0.011335798273009066
---
run_2
TV=11594.403
FD=8.456669
IGSD=[26.534,24.488,23.18,25.031,22.875,23.726]
SC_pos=0.21163
SC_neg=0.78837
SC_avg=-0.0030375253764308037
SC_std=0.012470257620393683
SC_avg_abs=0.007954249269361249
SC_std_abs=0.010072924306888926
---
run_3
TV=13965.315
FD=11.887648
IGSD=[19.086,20.385,20.219,17.617,17.643,17.918]
SC_pos=0.167434
SC_neg=0.832566
SC_avg=-0.00483178697090797
SC_std=0.02194588287696355
SC_avg_abs=0.012925724675560487
SC_std_abs=0.018381881900209365
---
run_4
TV=13434.584
FD=9.418111
IGSD=[19.004,20.981,21.179,21.576,19.628,20.49]
SC_pos=0.188204
SC_neg=0.811796
SC_avg=-0.0043660556135090775
SC_std=0.017353288468648406
SC_avg_abs=0.010904603246582488
SC_std_abs=0.01418762454856354
---
combined
TV_avg=11451.9308
TV_std=2104.4053925775233
FD_avg=8.6569716
FD_std=1.963604121520079
IGSD_avg=23.91736666666667
IGSD_std=4.050712780761211
SC_pos_avg=0.1760306
SC_neg_avg=0.8239694
SC_avg=-0.0033671170691635167
SC_std=0.015765662375460572
SC_avg_abs=0.008804784035615331
SC_std_abs=0.01350442022378742