conf_id=101
---
run_0
TV=17072.153
FD=16.570336
IGSD=[14.783,17.206,18.334,16.151,17.8,21.171]
SC_pos=0.253397
SC_neg=0.746603
SC_avg=-0.00519849670579874
SC_std=0.02105790261319793
SC_avg_abs=0.015824608847261258
SC_std_abs=0.014833792006709189
---
run_1
TV=17502.05
FD=18.063469
IGSD=[15.911,15.8,18.652,17.454,16.631,15.569]
SC_pos=0.254704
SC_neg=0.745296
SC_avg=-0.005715698982827149
SC_std=0.024916036160552484
SC_avg_abs=0.017651616160828297
SC_std_abs=0.018490498092994564
---
run_2
TV=15848.112
FD=13.355677
IGSD=[17.749,16.951,17.682,15.086,22.946,25.335]
SC_pos=0.254304
SC_neg=0.745696
SC_avg=-0.0035216341306666134
SC_std=0.01602533768590749
SC_avg_abs=0.01163180390553026
SC_std_abs=0.011572142964936702
---
run_3
TV=17003.961
FD=16.739103
IGSD=[18.671,17.957,16.489,16.409,19.679,16.015]
SC_pos=0.249281
SC_neg=0.750719
SC_avg=-0.005855369523403796
SC_std=0.020151205439668314
SC_avg_abs=0.015726771285822328
SC_std_abs=0.013893347251499837
---
run_4
TV=16833.696
FD=15.952551
IGSD=[18.405,17.488,15.669,13.387,21.455,20.854]
SC_pos=0.255963
SC_neg=0.744037
SC_avg=-0.004522631733530605
SC_std=0.019217421459870508
SC_avg_abs=0.013920181491709106
SC_std_abs=0.013999715447154955
---
combined
TV_avg=16851.9944
TV_std=548.1333130239759
FD_avg=16.1362272
FD_std=1.5512167480592005
IGSD_avg=17.789633333333335
IGSD_std=2.5050430666069508
SC_pos_avg=0.2535298
SC_neg_avg=0.7464702
SC_avg=-0.004962766215245382
SC_std=0.020494515041522054
SC_avg_abs=0.014950996338230249
SC_std_abs=0.014870168250177293