conf_id=311
---
run_0
TV=8480.686
FD=5.524068
IGSD=[32.947,35.001,30.847,33.163,34.034,37.303]
SC_pos=0.235357
SC_neg=0.764643
SC_avg=-0.0014033258332023608
SC_std=0.006243878271603286
SC_avg_abs=0.004167548310324234
SC_std_abs=0.004856632613843297
---
run_1
TV=11831.106
FD=8.453492
IGSD=[24.874,23.124,24.57,25.74,26.066,24.096]
SC_pos=0.226338
SC_neg=0.773662
SC_avg=-0.0031618486993499227
SC_std=0.01113676048425485
SC_avg_abs=0.007959838237551425
SC_std_abs=0.008406289104786685
---
run_2
TV=8494.399
FD=5.4785
IGSD=[34.628,31.656,36.071,34.904,35.31,32.001]
SC_pos=0.233735
SC_neg=0.766265
SC_avg=-0.0017255755984676017
SC_std=0.006154102368449214
SC_avg_abs=0.004416020885076445
SC_std_abs=0.004620535320712058
---
run_3
TV=9287.325
FD=6.062773
IGSD=[31.648,29.604,30.274,33.838,30.371,31.969]
SC_pos=0.238645
SC_neg=0.761355
SC_avg=-0.0020606348598018083
SC_std=0.007501942422890477
SC_avg_abs=0.005461285179181461
SC_std_abs=0.005540732833610293
---
run_4
TV=8665.884
FD=5.602871
IGSD=[35.673,32.432,31.832,35.721,32.772,31.316]
SC_pos=0.232219
SC_neg=0.767781
SC_avg=-0.0019060263490427508
SC_std=0.0064766434031866705
SC_avg_abs=0.0047331828703612005
SC_std_abs=0.004814231624154155
---
combined
TV_avg=9351.880000000001
TV_std=1274.0150760578936
FD_avg=6.2243408
FD_std=1.1338522330652088
IGSD_avg=31.459500000000002
IGSD_std=3.847943379261187
SC_pos_avg=0.2332588
SC_neg_avg=0.7667412
SC_avg=-0.002051482267972891
SC_std=0.00775748609449476
SC_avg_abs=0.00534757509649895
SC_std_abs=0.005982525435749603