conf_id=202
---
run_0
TV=20591.289
FD=16.091907
IGSD=[14.231,11.362,10.356,9.214,30.629,23.557]
SC_pos=0.233874
SC_neg=0.766126
SC_avg=-0.008265387800140491
SC_std=0.021112296196278857
SC_avg_abs=0.01699306748122871
SC_std_abs=0.015009375195008275
---
run_1
TV=24760.834
FD=25.075759
IGSD=[12.885,10.739,11.998,12.511,11.006,12.794]
SC_pos=0.222708
SC_neg=0.777292
SC_avg=-0.012610526160973506
SC_std=0.03725187142028729
SC_avg_abs=0.02903535969006995
SC_std_abs=0.026526876597867222
---
run_2
TV=24180.996
FD=25.707496
IGSD=[10.958,14.912,12.524,12.416,11.467,11.335]
SC_pos=0.215549
SC_neg=0.784451
SC_avg=-0.010664154375063815
SC_std=0.03610781361240414
SC_avg_abs=0.02705532423435478
SC_std_abs=0.026182204318529894
---
run_3
TV=22385.007
FD=24.070102
IGSD=[12.149,12.358,15.417,13.464,10.994,13.562]
SC_pos=0.23431
SC_neg=0.76569
SC_avg=-0.008546326214350265
SC_std=0.03105668037067957
SC_avg_abs=0.022651036310768008
SC_std_abs=0.022901695165574817
---
run_4
TV=27002.769
FD=25.400717
IGSD=[10.907,10.037,10.953,10.009,12.551,11.12]
SC_pos=0.192453
SC_neg=0.807547
SC_avg=-0.016016108039462462
SC_std=0.043327819259189534
SC_avg_abs=0.03494108433852033
SC_std_abs=0.030214835159853837
---
combined
TV_avg=23784.179
TV_std=2173.608481134447
FD_avg=23.269196199999996
FD_std=3.630627668785848
IGSD_avg=12.947166666666666
IGSD_std=4.135775711869407
SC_pos_avg=0.2197788
SC_neg_avg=0.7802212
SC_avg=-0.011220500517998108
SC_std=0.03469912373379202
SC_avg_abs=0.02613517441098837
SC_std_abs=0.025433864792331982