conf_id=316
---
run_0
TV=8210.931
FD=5.054484
IGSD=[35.529,35.381,35.393,32.115,38.055,32.346]
SC_pos=0.239288
SC_neg=0.760712
SC_avg=-0.0012045991389197847
SC_std=0.006033663199066418
SC_avg_abs=0.003825717381231139
SC_std_abs=0.004818717381648426
---
run_1
TV=7641.464
FD=4.710599
IGSD=[34.534,31.623,34.893,38.884,40.918,40.967]
SC_pos=0.221332
SC_neg=0.778668
SC_avg=-0.0012198949474729974
SC_std=0.005933767485031265
SC_avg_abs=0.003598996127357331
SC_std_abs=0.004872880782920032
---
run_2
TV=8110.805
FD=5.226287
IGSD=[34.98,33.428,34.679,33.529,36.599,32.797]
SC_pos=0.211424
SC_neg=0.788576
SC_avg=-0.0015778011004969712
SC_std=0.006586742281906397
SC_avg_abs=0.004135836717842154
SC_std_abs=0.005363719310733138
---
run_3
TV=7384.795
FD=4.375345
IGSD=[39.322,36.277,37.801,39.478,40.897,37.661]
SC_pos=0.223884
SC_neg=0.776116
SC_avg=-0.0012784723987802537
SC_std=0.005548264526792294
SC_avg_abs=0.0035460109765813193
SC_std_abs=0.004454608522381001
---
run_4
TV=7030.481
FD=4.388353
IGSD=[40.086,38.25,38.067,36.971,43.637,39.181]
SC_pos=0.217446
SC_neg=0.782554
SC_avg=-0.001094463899320682
SC_std=0.005370822002975187
SC_avg_abs=0.0031402387461532504
SC_std_abs=0.004492491606193215
---
combined
TV_avg=7675.6952
TV_std=442.2429117471078
FD_avg=4.7510136
FD_std=0.34416915496168443
IGSD_avg=36.809266666666666
IGSD_std=2.9912890413480424
SC_pos_avg=0.2226748
SC_neg_avg=0.7773252
SC_avg=-0.001275046296998138
SC_std=0.005912040544284893
SC_avg_abs=0.003649359989833037
SC_std_abs=0.004822876540132751