conf_id=149
---
run_0
TV=11622.062
FD=8.708324
IGSD=[24.458,25.484,25.751,24.769,24.783,24.038]
SC_pos=0.251741
SC_neg=0.748259
SC_avg=-0.0029546341260133033
SC_std=0.012498306506112495
SC_avg_abs=0.008778294036350267
SC_std_abs=0.009374384361157468
---
run_1
TV=9809.657
FD=7.170833
IGSD=[29.156,28.754,27.801,31.616,26.483,28.75]
SC_pos=0.221126
SC_neg=0.778874
SC_avg=-0.0019133679497503376
SC_std=0.010356200589123244
SC_avg_abs=0.006208510477309604
SC_std_abs=0.008506836380607386
---
run_2
TV=10781.436
FD=7.264444
IGSD=[26.491,24.717,22.847,22.92,33.295,35.411]
SC_pos=0.246593
SC_neg=0.753407
SC_avg=-0.002086472207661561
SC_std=0.007995811617659348
SC_avg_abs=0.005658126979574915
SC_std_abs=0.006022621421062988
---
run_3
TV=12885.865
FD=9.038816
IGSD=[25.719,21.104,20.637,24.959,21.994,21.772]
SC_pos=0.238908
SC_neg=0.761092
SC_avg=-0.003468240448409642
SC_std=0.01341082801720261
SC_avg_abs=0.009617215492023086
SC_std_abs=0.009969361368460985
---
run_4
TV=14587.389
FD=11.663023
IGSD=[23.982,16.704,16.702,21.167,17.916,23.191]
SC_pos=0.236743
SC_neg=0.763257
SC_avg=-0.0048889189999187
SC_std=0.01642793290466011
SC_avg_abs=0.012448797079549741
SC_std_abs=0.011781594110305037
---
combined
TV_avg=11937.2818
TV_std=1666.4338321144826
FD_avg=8.769088
FD_std=1.6290904120806804
IGSD_avg=24.779033333333334
IGSD_std=4.279451549621231
SC_pos_avg=0.2390222
SC_neg_avg=0.7609778
SC_avg=-0.003062326746350705
SC_std=0.012513225391614606
SC_avg_abs=0.008542188812961529
SC_std_abs=0.009643114905800844