conf_id=126
---
run_0
TV=12514.759
FD=9.02481
IGSD=[20.654,20.998,36.25,23.88,20.719,21.414]
SC_pos=0.255052
SC_neg=0.744948
SC_avg=-0.002547741288967478
SC_std=0.012596409664916892
SC_avg_abs=0.008466777662385449
SC_std_abs=0.009668205528310419
---
run_1
TV=12445.832
FD=7.857984
IGSD=[20.815,18.887,29.017,19.81,41.845,19.594]
SC_pos=0.249976
SC_neg=0.750024
SC_avg=-0.0028888648920242493
SC_std=0.011450190528777885
SC_avg_abs=0.00817854996443464
SC_std_abs=0.0085184343625417
---
run_2
TV=11743.171
FD=8.636467
IGSD=[24.022,24.164,25.805,23.686,23.075,27.08]
SC_pos=0.238479
SC_neg=0.761521
SC_avg=-0.0026571617879615926
SC_std=0.012235732660812484
SC_avg_abs=0.008192375732896705
SC_std_abs=0.009468824761570035
---
run_3
TV=11172.378
FD=8.420688
IGSD=[26.297,23.919,25.843,28.367,24.076,24.786]
SC_pos=0.234053
SC_neg=0.765947
SC_avg=-0.0026597748212670532
SC_std=0.01105700657260012
SC_avg_abs=0.007459822331224066
SC_std_abs=0.008583871342986165
---
run_4
TV=12359.565
FD=9.163677
IGSD=[25.152,21.603,22.917,27.294,23.41,22.824]
SC_pos=0.249432
SC_neg=0.750568
SC_avg=-0.003022499202960201
SC_std=0.009508178450845128
SC_avg_abs=0.007626525111946986
SC_std_abs=0.006432501348764155
---
combined
TV_avg=12047.141
TV_std=516.3018361869342
FD_avg=8.620725199999999
FD_std=0.46478339181661815
IGSD_avg=24.606766666666662
IGSD_std=4.677923568445964
SC_pos_avg=0.2453984
SC_neg_avg=0.7546016
SC_avg=-0.0027552083986361166
SC_std=0.011421939212565329
SC_avg_abs=0.007984810160577555
SC_std_abs=0.008619435909326645