conf_id=65
---
run_0
TV=11044.18
FD=8.560652
IGSD=[26.451,24.758,24.161,26.646,26.307,26.487]
SC_pos=0.224374
SC_neg=0.775626
SC_avg=-0.00294478285106532
SC_std=0.011582284137550537
SC_avg_abs=0.007620248773696329
SC_std_abs=0.009206131680019727
---
run_1
TV=10941.327
FD=7.943826
IGSD=[26.388,26.682,29.254,26.079,24.067,24.999]
SC_pos=0.222946
SC_neg=0.777054
SC_avg=-0.0027018665484331854
SC_std=0.010304230624890038
SC_avg_abs=0.006769201836336489
SC_std_abs=0.008225275564709226
---
run_2
TV=11483.722
FD=8.097999
IGSD=[24.443,25.594,22.009,27.582,23.076,25.663]
SC_pos=0.218257
SC_neg=0.781743
SC_avg=-0.002773223260893156
SC_std=0.011142082220111049
SC_avg_abs=0.007147094057637853
SC_std_abs=0.008986423648245801
---
run_3
TV=10815.653
FD=8.629774
IGSD=[24.608,25.424,25.19,25.18,28.259,27.006]
SC_pos=0.220424
SC_neg=0.779576
SC_avg=-0.002677532638477086
SC_std=0.01105995500823625
SC_avg_abs=0.007098792582758973
SC_std_abs=0.008893757905479907
---
run_4
TV=13999.245
FD=12.102128
IGSD=[21.15,20.956,19.449,20.778,19.971,21.909]
SC_pos=0.223946
SC_neg=0.776054
SC_avg=-0.004697836998756887
SC_std=0.01561475847724395
SC_avg_abs=0.011289002261524293
SC_std_abs=0.011766426080541634
---
combined
TV_avg=11656.8254
TV_std=1192.6221298149053
FD_avg=9.0668758
FD_std=1.540132432209179
IGSD_avg=24.684199999999993
IGSD_std=2.459785768449494
SC_pos_avg=0.2219894
SC_neg_avg=0.7780106
SC_avg=-0.0031590484595251274
SC_std=0.012112962244550671
SC_avg_abs=0.007984867902390797
SC_std_abs=0.009640815634006688