conf_id=299
---
run_0
TV=8147.442
FD=5.54388
IGSD=[33.486,33.344,34.655,35.712,32.329,33.076]
SC_pos=0.215397
SC_neg=0.784603
SC_avg=-0.0012489298370008143
SC_std=0.008505605834401297
SC_avg_abs=0.004325423583495419
SC_std_abs=0.007429392113174133
---
run_1
TV=7805.514
FD=5.048331
IGSD=[36.147,35.014,35.134,37.327,35.7,34.246]
SC_pos=0.216743
SC_neg=0.783257
SC_avg=-0.0011668775652190681
SC_std=0.007530711611204686
SC_avg_abs=0.004022658084104495
SC_std_abs=0.006472359891240087
---
run_2
TV=7922.744
FD=5.086484
IGSD=[38.623,32.174,32.848,34.94,33.343,32.538]
SC_pos=0.207376
SC_neg=0.792624
SC_avg=-0.0014533019311562302
SC_std=0.008008837875860394
SC_avg_abs=0.004271332768406337
SC_std_abs=0.006928873429819361
---
run_3
TV=10196.219
FD=6.967266
IGSD=[29.397,24.481,25.091,30.,28.599,29.067]
SC_pos=0.206595
SC_neg=0.793405
SC_avg=-0.0021513306537247257
SC_std=0.010276169724975349
SC_avg_abs=0.006122613019438927
SC_std_abs=0.008528862621261556
---
run_4
TV=9595.915
FD=6.68447
IGSD=[30.266,29.887,27.671,28.241,28.634,33.167]
SC_pos=0.226777
SC_neg=0.773223
SC_avg=-0.0019130854435507791
SC_std=0.008488698300311202
SC_avg_abs=0.005370838489133253
SC_std_abs=0.006846312048955773
---
combined
TV_avg=8733.5668
TV_std=974.1923598520775
FD_avg=5.8660862
FD_std=0.8077956410777173
IGSD_avg=32.17123333333333
IGSD_std=3.425602299190935
SC_pos_avg=0.2145776
SC_neg_avg=0.7854224
SC_avg=-0.001586705086130323
SC_std=0.008620783780963818
SC_avg_abs=0.004822573188915687
SC_std_abs=0.007319722253339418