conf_id=140
---
run_0
TV=14969.707
FD=14.436528
IGSD=[20.335,19.223,19.298,21.181,19.26,17.933]
SC_pos=0.240073
SC_neg=0.759927
SC_avg=-0.00602664295849647
SC_std=0.019814804216069556
SC_avg_abs=0.015412268300993237
SC_std_abs=0.013835059713949993
---
run_1
TV=15235.239
FD=12.538526
IGSD=[22.218,16.904,18.394,19.228,16.173,20.374]
SC_pos=0.239503
SC_neg=0.760497
SC_avg=-0.004062976427190135
SC_std=0.016222681923050222
SC_avg_abs=0.011617522431411877
SC_std_abs=0.012029811252883606
---
run_2
TV=14124.348
FD=12.455778
IGSD=[23.592,19.336,18.911,21.815,21.254,20.179]
SC_pos=0.242099
SC_neg=0.757901
SC_avg=-0.004679290922943057
SC_std=0.016928974468759805
SC_avg_abs=0.012689545101518405
SC_std_abs=0.012143367952178219
---
run_3
TV=13695.443
FD=11.687122
IGSD=[19.445,26.226,18.234,21.301,23.204,19.932]
SC_pos=0.253568
SC_neg=0.746432
SC_avg=-0.0028316410832787027
SC_std=0.01531532074101487
SC_avg_abs=0.010244862293584914
SC_std_abs=0.011731156686795816
---
run_4
TV=13594.182
FD=12.180677
IGSD=[21.136,21.093,25.295,21.62,19.589,19.901]
SC_pos=0.240593
SC_neg=0.759407
SC_avg=-0.0039059331283937903
SC_std=0.016098203332915534
SC_avg_abs=0.011530588143546459
SC_std_abs=0.011893443623075812
---
combined
TV_avg=14323.7838
TV_std=665.5633625335456
FD_avg=12.6597262
FD_std=0.9368837771169695
IGSD_avg=20.419466666666665
IGSD_std=2.1719181803701133
SC_pos_avg=0.2431672
SC_neg_avg=0.7568328
SC_avg=-0.004301296904060429
SC_std=0.0169799643538603
SC_avg_abs=0.01229895725421098
SC_std_abs=0.01247220890517546