conf_id=49
---
run_0
TV=11385.822
FD=7.779816
IGSD=[29.263,22.856,24.099,27.808,27.47,22.888]
SC_pos=0.251584
SC_neg=0.748416
SC_avg=-0.0023880401505785988
SC_std=0.009665026957942743
SC_avg_abs=0.007002885088328419
SC_std_abs=0.007076374940476439
---
run_1
TV=12730.395
FD=9.239595
IGSD=[26.097,19.123,18.683,21.086,31.739,23.175]
SC_pos=0.240346
SC_neg=0.759654
SC_avg=-0.0025881314375940483
SC_std=0.012634641770141525
SC_avg_abs=0.008397822218287956
SC_std_abs=0.00978821633333146
---
run_2
TV=10634.597
FD=7.009013
IGSD=[29.897,27.275,26.642,27.795,26.383,24.909]
SC_pos=0.239619
SC_neg=0.760381
SC_avg=-0.002270218721518551
SC_std=0.008812060826988955
SC_avg_abs=0.0060489594088795305
SC_std_abs=0.006798264420557233
---
run_3
TV=11527.441
FD=9.211058
IGSD=[24.802,24.062,24.829,25.729,24.711,23.999]
SC_pos=0.230783
SC_neg=0.769217
SC_avg=-0.002571893803508227
SC_std=0.012244357437667266
SC_avg_abs=0.007911033029503052
SC_std_abs=0.009693012081081582
---
run_4
TV=12971.482
FD=9.759631
IGSD=[22.036,19.745,19.474,21.153,20.981,28.741]
SC_pos=0.214211
SC_neg=0.785789
SC_avg=-0.0029512195599163886
SC_std=0.016598726240171707
SC_avg_abs=0.009685244659072988
SC_std_abs=0.013799400189171125
---
combined
TV_avg=11849.9474
TV_std=875.1602361955439
FD_avg=8.5998226
FD_std=1.0325850057231316
IGSD_avg=24.581666666666667
IGSD_std=3.32928216820917
SC_pos_avg=0.2353086
SC_neg_avg=0.7646914
SC_avg=-0.0025539007346231627
SC_std=0.012299664057136079
SC_avg_abs=0.007809188880814395
SC_std_abs=0.009839751719656278