conf_id=77
---
run_0
TV=7687.996
FD=5.411389
IGSD=[34.329,34.97,37.616,34.778,34.568,36.404]
SC_pos=0.218441
SC_neg=0.781559
SC_avg=-0.0012844874269245829
SC_std=0.007359724219896312
SC_avg_abs=0.0038899034011181167
SC_std_abs=0.006378408898214775
---
run_1
TV=9584.284
FD=6.900505
IGSD=[29.068,30.85,28.363,28.196,27.263,26.742]
SC_pos=0.206926
SC_neg=0.793074
SC_avg=-0.0020521486768133967
SC_std=0.010407036184443302
SC_avg_abs=0.005839518534543256
SC_std_abs=0.00885537913478497
---
run_2
TV=9291.239
FD=6.248854
IGSD=[30.488,36.126,32.906,31.428,29.391,28.581]
SC_pos=0.229154
SC_neg=0.770846
SC_avg=-0.00172288904931962
SC_std=0.007440387137739882
SC_avg_abs=0.004940059638484413
SC_std_abs=0.005824389942640158
---
run_3
TV=7650.386
FD=5.08038
IGSD=[37.273,36.756,35.682,35.657,34.761,35.565]
SC_pos=0.212724
SC_neg=0.787276
SC_avg=-0.0011640709614518675
SC_std=0.006996162271626599
SC_avg_abs=0.003700665862588867
SC_std_abs=0.0060503239506406875
---
run_4
TV=8262.784
FD=5.464384
IGSD=[35.42,33.282,33.635,32.484,33.674,36.027]
SC_pos=0.221129
SC_neg=0.778871
SC_avg=-0.0016397747017137616
SC_std=0.007086378634347103
SC_avg_abs=0.0042241598492023
SC_std_abs=0.005921325593994878
---
combined
TV_avg=8495.3378
TV_std=804.8711875698865
FD_avg=5.821102399999999
FD_std=0.6620972987543748
IGSD_avg=33.076100000000004
IGSD_std=3.1851902229955855
SC_pos_avg=0.2176748
SC_neg_avg=0.7823252
SC_avg=-0.0015726741632446466
SC_std=0.007968705329623849
SC_avg_abs=0.0045188614571873885
SC_std_abs=0.0067493303212140315