conf_id=34
---
run_0
TV=10355.788
FD=7.181626
IGSD=[25.365,25.52,26.031,27.559,25.029,28.91]
SC_pos=0.213365
SC_neg=0.786635
SC_avg=-0.0020538880034308275
SC_std=0.011635610473055256
SC_avg_abs=0.006356335374917269
SC_std_abs=0.009960064638991335
---
run_1
TV=10666.258
FD=7.038996
IGSD=[26.757,26.59,26.066,27.94,24.423,25.206]
SC_pos=0.217469
SC_neg=0.782531
SC_avg=-0.0024799539212820073
SC_std=0.0106777281030064
SC_avg_abs=0.006860332214641569
SC_std_abs=0.008549847413735863
---
run_2
TV=9578.68
FD=6.190282
IGSD=[29.902,30.308,30.084,30.38,29.115,29.589]
SC_pos=0.24255
SC_neg=0.75745
SC_avg=-0.0016635750148772156
SC_std=0.007914200086589036
SC_avg_abs=0.00519826300753992
SC_std_abs=0.006195167999750421
---
run_3
TV=9449.078
FD=6.534498
IGSD=[30.518,28.953,28.759,31.025,29.286,29.834]
SC_pos=0.231545
SC_neg=0.768455
SC_avg=-0.0018718629482964157
SC_std=0.009730310626039485
SC_avg_abs=0.005787307991984082
SC_std_abs=0.00804300205037516
---
run_4
TV=16525.066
FD=10.688585
IGSD=[17.457,17.671,18.638,18.669,17.13,16.669]
SC_pos=0.194131
SC_neg=0.805869
SC_avg=-0.006432195185018914
SC_std=0.01822375970783758
SC_avg_abs=0.014166503617554928
SC_std_abs=0.013144912629644536
---
combined
TV_avg=11314.974
TV_std=2645.0789635460033
FD_avg=7.5267973999999995
FD_std=1.6201805974897487
IGSD_avg=25.979433333333336
IGSD_std=4.531506759591363
SC_pos_avg=0.219812
SC_neg_avg=0.780188
SC_avg=-0.002900295014581077
SC_std=0.012286372885852053
SC_avg_abs=0.007673748441327545
SC_std_abs=0.010023983974499722