conf_id=115
---
run_0
TV=8779.328
FD=6.092188
IGSD=[32.904,31.468,32.402,29.555,29.371,29.314]
SC_pos=0.207764
SC_neg=0.792236
SC_avg=-0.001819027215735818
SC_std=0.009089078334872857
SC_avg_abs=0.004863933752288312
SC_std_abs=0.00789064974779601
---
run_1
TV=13995.681
FD=10.369894
IGSD=[21.222,19.634,17.948,21.686,19.349,19.428]
SC_pos=0.216608
SC_neg=0.783392
SC_avg=-0.0037945504592166923
SC_std=0.01587897375933006
SC_avg_abs=0.010340399037138221
SC_std_abs=0.012633945092083675
---
run_2
TV=11164.038
FD=7.86518
IGSD=[21.315,29.192,24.768,26.933,28.312,23.936]
SC_pos=0.227969
SC_neg=0.772031
SC_avg=-0.0023044988909815167
SC_std=0.011388923592915857
SC_avg_abs=0.0069132174209569535
SC_std_abs=0.0093394711110634
---
run_3
TV=9986.44
FD=6.981821
IGSD=[26.15,25.868,25.199,26.874,27.011,31.003]
SC_pos=0.183004
SC_neg=0.816996
SC_avg=-0.0025508838938057108
SC_std=0.011364105545754778
SC_avg_abs=0.0063631394109424505
SC_std_abs=0.009755017187665168
---
run_4
TV=8749.594
FD=6.209447
IGSD=[28.939,30.134,31.56,30.771,28.194,31.361]
SC_pos=0.201131
SC_neg=0.798869
SC_avg=-0.0018099702183794575
SC_std=0.010092964152246232
SC_avg_abs=0.005156996283323702
SC_std_abs=0.008862804686087444
---
combined
TV_avg=10535.0162
TV_std=1946.4315358066312
FD_avg=7.503705999999999
FD_std=1.5675171757049429
IGSD_avg=26.726699999999997
IGSD_std=4.306993894818055
SC_pos_avg=0.2072952
SC_neg_avg=0.7927048
SC_avg=-0.00245578613562384
SC_std=0.011816245722859326
SC_avg_abs=0.006727537180929934
SC_std_abs=0.010019720156078157