conf_id=171
---
run_0
TV=25408.843
FD=28.681246
IGSD=[10.852,11.871,13.563,12.418,10.568,10.577]
SC_pos=0.203993
SC_neg=0.796007
SC_avg=-0.013701132793033689
SC_std=0.03756167929727275
SC_avg_abs=0.029620274990675197
SC_std_abs=0.026855913704811715
---
run_1
TV=11908.03
FD=8.590904
IGSD=[21.148,24.434,21.764,19.816,23.949,22.064]
SC_pos=0.194158
SC_neg=0.805842
SC_avg=-0.0037831807182460955
SC_std=0.013956845056163665
SC_avg_abs=0.008428806194083718
SC_std_abs=0.011749944953541067
---
run_2
TV=13128.75
FD=10.116607
IGSD=[22.,21.624,22.184,21.66,20.445,20.031]
SC_pos=0.1929
SC_neg=0.8071
SC_avg=-0.004054779189809631
SC_std=0.01426227366383908
SC_avg_abs=0.009834085624383714
SC_std_abs=0.01109704664641186
---
run_3
TV=12887.173
FD=9.235532
IGSD=[20.431,21.576,21.665,22.152,26.204,21.889]
SC_pos=0.235346
SC_neg=0.764654
SC_avg=-0.0032185896661059985
SC_std=0.013201865139835822
SC_avg_abs=0.0090670964104352
SC_std_abs=0.010121083207495612
---
run_4
TV=13282.372
FD=9.92735
IGSD=[18.913,23.745,24.767,20.125,20.448,22.604]
SC_pos=0.233323
SC_neg=0.766677
SC_avg=-0.0036662401768172924
SC_std=0.012483054113480413
SC_avg_abs=0.00905627886327711
SC_std_abs=0.0093408656014713
---
combined
TV_avg=15323.0336
TV_std=5065.5384311387315
FD_avg=13.310327800000001
FD_std=7.704368104788878
IGSD_avg=19.849566666666668
IGSD_std=4.401378736133587
SC_pos_avg=0.211944
SC_neg_avg=0.788056
SC_avg=-0.005684784508802541
SC_std=0.02107080018005152
SC_avg_abs=0.013201308416570984
SC_std_abs=0.01737874711334945