conf_id=249
---
run_0
TV=16252.034
FD=12.609704
IGSD=[14.626,24.,18.563,15.417,19.809,16.034]
SC_pos=0.214924
SC_neg=0.785076
SC_avg=-0.004808069640681892
SC_std=0.022285961877287673
SC_avg_abs=0.014439724984853216
SC_std_abs=0.017643014845183692
---
run_1
TV=16427.847
FD=13.05904
IGSD=[20.705,15.183,15.546,15.645,18.53,18.197]
SC_pos=0.208284
SC_neg=0.791716
SC_avg=-0.00526726871809163
SC_std=0.02025870204366188
SC_avg_abs=0.01375011840545747
SC_std_abs=0.015782692168269535
---
run_2
TV=24951.834
FD=30.059891
IGSD=[12.429,10.513,10.911,10.4,12.979,14.199]
SC_pos=0.208305
SC_neg=0.791695
SC_avg=-0.013155013384334734
SC_std=0.03468526811195594
SC_avg_abs=0.02796737677687421
SC_std_abs=0.024371049164134292
---
run_3
TV=22386.783
FD=24.315935
IGSD=[14.951,10.889,12.051,12.046,14.599,14.738]
SC_pos=0.247513
SC_neg=0.752487
SC_avg=-0.009623117880271046
SC_std=0.027204196961875912
SC_avg_abs=0.021962480098224355
SC_std_abs=0.018716896057125232
---
run_4
TV=21000.567
FD=18.298717
IGSD=[12.865,15.632,13.509,13.467,16.448,12.397]
SC_pos=0.247597
SC_neg=0.752403
SC_avg=-0.00671151371442002
SC_std=0.02893361357596787
SC_avg_abs=0.020552581920431193
SC_std_abs=0.021442709420832172
---
combined
TV_avg=20203.813
TV_std=3400.539806320578
FD_avg=19.668657399999997
FD_std=6.707719833125668
IGSD_avg=14.909266666666666
IGSD_std=3.1424032621899785
SC_pos_avg=0.2253246
SC_neg_avg=0.7746754
SC_avg=-0.00791299666755986
SC_std=0.027334434398848133
SC_avg_abs=0.019734456437168073
SC_std_abs=0.020502147431312182