conf_id=233
---
run_0
TV=11127.363
FD=7.554713
IGSD=[25.534,23.311,26.639,26.648,25.313,25.36]
SC_pos=0.231294
SC_neg=0.768706
SC_avg=-0.002421936308133146
SC_std=0.009962734829976092
SC_avg_abs=0.006330599065700227
SC_std_abs=0.008065071372432345
---
run_1
TV=9979.778
FD=7.010794
IGSD=[30.483,27.084,26.015,28.067,32.198,27.263]
SC_pos=0.224448
SC_neg=0.775552
SC_avg=-0.0022789093550389817
SC_std=0.008067947273965355
SC_avg_abs=0.0055196512265423105
SC_std_abs=0.0063102021680211786
---
run_2
TV=13852.086
FD=11.16252
IGSD=[18.556,19.291,18.881,21.594,18.85,18.395]
SC_pos=0.188009
SC_neg=0.811991
SC_avg=-0.005566718270074726
SC_std=0.017906858484037096
SC_avg_abs=0.011499146049656923
SC_std_abs=0.014812615339445442
---
run_3
TV=13848.68
FD=11.522925
IGSD=[20.907,20.729,20.482,21.029,19.501,19.956]
SC_pos=0.209057
SC_neg=0.790943
SC_avg=-0.005301537471931057
SC_std=0.015093540222394989
SC_avg_abs=0.011124837001849915
SC_std_abs=0.01149605400533659
---
run_4
TV=13467.869
FD=10.678344
IGSD=[22.969,19.329,20.697,22.31,19.739,20.516]
SC_pos=0.189196
SC_neg=0.810804
SC_avg=-0.005090577237824615
SC_std=0.014743705062167756
SC_avg_abs=0.010452194820741048
SC_std_abs=0.011577669843440998
---
combined
TV_avg=12455.1552
TV_std=1600.5899335916617
FD_avg=9.585859199999998
FD_std=1.9072557196161612
IGSD_avg=22.921533333333333
IGSD_std=3.7515748313948842
SC_pos_avg=0.2084008
SC_neg_avg=0.7915992
SC_avg=-0.004131935728600505
SC_std=0.013717861365111716
SC_avg_abs=0.008985285632898085
SC_std_abs=0.01115873000806746