conf_id=297
---
run_0
TV=8135.551
FD=5.26391
IGSD=[33.261,32.361,31.093,34.776,36.156,33.174]
SC_pos=0.19597
SC_neg=0.80403
SC_avg=-0.001524218384089143
SC_std=0.008270938697114844
SC_avg_abs=0.004215539524691701
SC_std_abs=0.0072774236601691085
---
run_1
TV=9084.051
FD=6.055933
IGSD=[32.326,33.421,30.312,32.214,30.18,30.075]
SC_pos=0.217576
SC_neg=0.782424
SC_avg=-0.0017592033006089826
SC_std=0.007881683474495041
SC_avg_abs=0.0051227807399861405
SC_std_abs=0.0062428237308952425
---
run_2
TV=8635.846
FD=5.935739
IGSD=[31.94,31.801,30.571,31.599,31.84,32.787]
SC_pos=0.211254
SC_neg=0.788746
SC_avg=-0.0017698851836785777
SC_std=0.00840945900678468
SC_avg_abs=0.0048681001850077125
SC_std_abs=0.007081884984869832
---
run_3
TV=9666.471
FD=6.698705
IGSD=[29.093,30.225,30.284,29.215,28.344,27.638]
SC_pos=0.213639
SC_neg=0.786361
SC_avg=-0.002038122106677768
SC_std=0.009811554844179907
SC_avg_abs=0.005774828756868088
SC_std_abs=0.008189743769552754
---
run_4
TV=7834.291
FD=5.168545
IGSD=[37.335,35.909,33.515,35.253,36.851,33.863]
SC_pos=0.218586
SC_neg=0.781414
SC_avg=-0.001479399814403882
SC_std=0.0065200410868900115
SC_avg_abs=0.0038792193163433414
SC_std_abs=0.005445293112523955
---
combined
TV_avg=8671.241999999998
TV_std=655.6823519998077
FD_avg=5.824566399999999
FD_std=0.5611965464461093
IGSD_avg=32.24706666666667
IGSD_std=2.4516427136831247
SC_pos_avg=0.211405
SC_neg_avg=0.788595
SC_avg=-0.001714165757891671
SC_std=0.008248965779405992
SC_avg_abs=0.004772093704579394
SC_std_abs=0.0069434085541650965