conf_id=47
---
run_0
TV=14504.255
FD=12.396357
IGSD=[20.274,20.243,19.66,20.315,19.494,20.265]
SC_pos=0.231379
SC_neg=0.768621
SC_avg=-0.004454828194009813
SC_std=0.016106500239480733
SC_avg_abs=0.011606090960078837
SC_std_abs=0.012023456109992416
---
run_1
TV=13453.887
FD=10.997626
IGSD=[22.927,19.924,20.816,20.272,22.388,23.167]
SC_pos=0.215801
SC_neg=0.784199
SC_avg=-0.0041542983319657585
SC_std=0.014488374712824157
SC_avg_abs=0.010439600803925784
SC_std_abs=0.010871335313789572
---
run_2
TV=13086.132
FD=9.668041
IGSD=[21.628,20.105,23.474,23.729,21.119,20.646]
SC_pos=0.212082
SC_neg=0.787918
SC_avg=-0.0029793355149618558
SC_std=0.014359370662763172
SC_avg_abs=0.009126548262494536
SC_std_abs=0.011479289296541611
---
run_3
TV=11693.333
FD=8.938235
IGSD=[25.563,27.756,25.423,26.957,24.508,22.731]
SC_pos=0.253785
SC_neg=0.746215
SC_avg=-0.003028713058310704
SC_std=0.009937785261910827
SC_avg_abs=0.007961046317609976
SC_std_abs=0.006674909754468779
---
run_4
TV=11775.266
FD=8.56767
IGSD=[21.485,35.755,27.367,26.57,22.658,22.454]
SC_pos=0.250692
SC_neg=0.749308
SC_avg=-0.0025901248458614617
SC_std=0.008009004099083053
SC_avg_abs=0.0064517970733425824
SC_std_abs=0.005406219372231035
---
combined
TV_avg=12902.574599999998
TV_std=1061.7069946117147
FD_avg=10.1135858
FD_std=1.411551398945345
IGSD_avg=22.9891
IGSD_std=3.394238523832212
SC_pos_avg=0.2327478
SC_neg_avg=0.7672522
SC_avg=-0.003441459989021921
SC_std=0.01296974436441651
SC_avg_abs=0.00911701668349034
SC_std_abs=0.009845705791222448