conf_id=220
---
run_0
TV=26019.239
FD=22.071246
IGSD=[12.444,10.924,11.345,12.85,10.438,11.131]
SC_pos=0.208993
SC_neg=0.791007
SC_avg=-0.01597292207785943
SC_std=0.03652057557457862
SC_avg_abs=0.031485277939192126
SC_std_abs=0.024445121253446455
---
run_1
TV=28108.337
FD=37.294557
IGSD=[10.133,10.71,10.095,9.853,10.925,10.578]
SC_pos=0.182268
SC_neg=0.817732
SC_avg=-0.01725767680496057
SC_std=0.047637282948516844
SC_avg_abs=0.03830713975466922
SC_std_abs=0.033161742705077636
---
run_2
TV=24567.353
FD=30.0734
IGSD=[11.195,12.118,13.655,12.278,12.157,10.768]
SC_pos=0.221186
SC_neg=0.778814
SC_avg=-0.012055710060408648
SC_std=0.035128221478427306
SC_avg_abs=0.0272884109679249
SC_std_abs=0.025192751261895074
---
run_3
TV=22109.877
FD=15.496361
IGSD=[15.803,10.306,10.442,12.718,11.115,20.42]
SC_pos=0.233336
SC_neg=0.766664
SC_avg=-0.009160112963408854
SC_std=0.03299057793979489
SC_avg_abs=0.023742098000969228
SC_std_abs=0.02466979296257804
---
run_4
TV=27051.845
FD=32.05931
IGSD=[10.784,11.044,10.036,9.892,11.765,11.64]
SC_pos=0.190507
SC_neg=0.809493
SC_avg=-0.015089099961995839
SC_std=0.04674181114941761
SC_avg_abs=0.036170157584400286
SC_std_abs=0.03322946805939834
---
combined
TV_avg=25571.330200000004
TV_std=2088.9508535766367
FD_avg=27.3989748
FD_std=7.705202539090205
IGSD_avg=11.652066666666665
IGSD_std=2.0533704964169415
SC_pos_avg=0.207258
SC_neg_avg=0.792742
SC_avg=-0.013907104373726676
SC_std=0.04038089373431417
SC_avg_abs=0.03139861684943117
SC_std_abs=0.028950837479878182