conf_id=95
---
run_0
TV=9334.345
FD=6.653378
IGSD=[27.816,30.087,29.981,25.813,25.076,25.87]
SC_pos=0.157439
SC_neg=0.842561
SC_avg=-0.0023018376910341008
SC_std=0.011780145095503066
SC_avg_abs=0.0059815963002735895
SC_std_abs=0.010406285645105246
---
run_1
TV=10031.183
FD=7.631695
IGSD=[25.841,26.059,25.593,24.727,25.354,25.757]
SC_pos=0.164289
SC_neg=0.835711
SC_avg=-0.002842062685794407
SC_std=0.013368987862271867
SC_avg_abs=0.006999827834083405
SC_std_abs=0.011739231962302676
---
run_2
TV=11800.948
FD=8.315296
IGSD=[22.89,23.312,22.906,22.681,22.855,22.432]
SC_pos=0.170086
SC_neg=0.829914
SC_avg=-0.0036530396594975593
SC_std=0.014376484626856298
SC_avg_abs=0.008638107434332775
SC_std_abs=0.012058652865599147
---
run_3
TV=10725.911
FD=7.325171
IGSD=[25.053,25.454,26.01,25.759,24.313,26.381]
SC_pos=0.200504
SC_neg=0.799496
SC_avg=-0.002475860929660919
SC_std=0.013168620277312637
SC_avg_abs=0.007417081612283784
SC_std_abs=0.01115927182695147
---
run_4
TV=9683.996
FD=6.831129
IGSD=[27.683,28.56,27.44,27.864,26.048,27.455]
SC_pos=0.178289
SC_neg=0.821711
SC_avg=-0.002510815234763499
SC_std=0.011399674688140375
SC_avg_abs=0.006125508369878537
SC_std_abs=0.009936544839585683
---
combined
TV_avg=10315.276600000001
TV_std=873.7609847798427
FD_avg=7.351333800000001
FD_std=0.594350965389104
IGSD_avg=25.769000000000002
IGSD_std=1.9904048666875123
SC_pos_avg=0.1741214
SC_neg_avg=0.8258786
SC_avg=-0.0027567232401500977
SC_std=0.012874059572289754
SC_avg_abs=0.007032424310170413
SC_std_abs=0.011130406156801874