conf_id=207
---
run_0
TV=15683.261
FD=13.142603
IGSD=[19.43,18.147,18.833,19.559,17.708,18.932]
SC_pos=0.243418
SC_neg=0.756582
SC_avg=-0.006026973106327034
SC_std=0.01829781308704372
SC_avg_abs=0.014441057429968918
SC_std_abs=0.01275108736136324
---
run_1
TV=17782.079
FD=16.721954
IGSD=[16.318,15.573,15.45,15.23,17.584,16.594]
SC_pos=0.192285
SC_neg=0.807715
SC_avg=-0.007561730198959485
SC_std=0.023330672953412884
SC_avg_abs=0.01723630698318428
SC_std_abs=0.017447343225901198
---
run_2
TV=13660.841
FD=10.240811
IGSD=[19.255,23.783,18.336,15.693,27.06,27.989]
SC_pos=0.254629
SC_neg=0.745371
SC_avg=-0.002810812861023844
SC_std=0.012132242240371785
SC_avg_abs=0.008353281564741704
SC_std_abs=0.0092365934098511
---
run_3
TV=16285.58
FD=14.739967
IGSD=[17.241,14.85,17.231,13.913,20.676,23.339]
SC_pos=0.237891
SC_neg=0.762109
SC_avg=-0.0039677865258216875
SC_std=0.021125849539772583
SC_avg_abs=0.013576133417952605
SC_std_abs=0.016665336783562225
---
run_4
TV=13490.9
FD=10.153079
IGSD=[20.298,18.073,21.526,20.016,22.658,26.278]
SC_pos=0.244666
SC_neg=0.755334
SC_avg=-0.0032553497602002303
SC_std=0.013297842710919166
SC_avg_abs=0.009346877323038433
SC_std_abs=0.010003289815538276
---
combined
TV_avg=15380.532200000001
TV_std=1625.1911243825327
FD_avg=12.999682799999999
FD_std=2.55416698630676
IGSD_avg=19.252433333333332
IGSD_std=3.5679757817127746
SC_pos_avg=0.2345778
SC_neg_avg=0.7654222
SC_avg=-0.00472453049046646
SC_std=0.018251549156786406
SC_avg_abs=0.012590731343777193
SC_std_abs=0.014032594885008408