conf_id=270
---
run_0
TV=12682.106
FD=9.425645
IGSD=[22.055,24.806,24.441,25.03,20.286,20.135]
SC_pos=0.218133
SC_neg=0.781867
SC_avg=-0.0036764075688172624
SC_std=0.012292248143781116
SC_avg_abs=0.008461586956380041
SC_std_abs=0.009644526075446436
---
run_1
TV=10008.339
FD=6.93284
IGSD=[27.453,28.041,25.234,31.033,27.195,27.662]
SC_pos=0.210814
SC_neg=0.789186
SC_avg=-0.0025141405037603336
SC_std=0.010474995212909857
SC_avg_abs=0.00634737290506618
SC_std_abs=0.00870386605981298
---
run_2
TV=11372.829
FD=8.274138
IGSD=[25.53,23.844,24.926,26.628,27.56,25.888]
SC_pos=0.247387
SC_neg=0.752613
SC_avg=-0.0027298253022695874
SC_std=0.01030214962295308
SC_avg_abs=0.007172976320645722
SC_std_abs=0.007882553123073724
---
run_3
TV=10917.648
FD=8.076749
IGSD=[27.313,25.243,26.08,24.374,23.925,23.514]
SC_pos=0.197537
SC_neg=0.802463
SC_avg=-0.002758769067473285
SC_std=0.012946470877955134
SC_avg_abs=0.00744497912776365
SC_std_abs=0.010945053711542545
---
run_4
TV=13373.394
FD=8.784795
IGSD=[25.59,18.557,19.762,23.923,21.173,18.582]
SC_pos=0.226777
SC_neg=0.773223
SC_avg=-0.0033464452432005235
SC_std=0.01362702405511436
SC_avg_abs=0.009043527235342751
SC_std_abs=0.01072889069326455
---
combined
TV_avg=11670.8632
TV_std=1211.7233482083939
FD_avg=8.298833400000001
FD_std=0.8272523642658509
IGSD_avg=24.5261
IGSD_std=2.9441329266865655
SC_pos_avg=0.2201296
SC_neg_avg=0.7798704
SC_avg=-0.0030051175371041965
SC_std=0.012010085224717098
SC_avg_abs=0.007694088509039672
SC_std_abs=0.009699169063989082