conf_id=117
---
run_0
TV=10664.137
FD=7.017536
IGSD=[29.207,28.702,25.568,27.97,26.394,23.254]
SC_pos=0.23885
SC_neg=0.76115
SC_avg=-0.0023139328644915325
SC_std=0.009524503332543328
SC_avg_abs=0.006433052996045322
SC_std_abs=0.007395017118511305
---
run_1
TV=9481.473
FD=5.721489
IGSD=[30.782,29.255,31.044,31.171,28.502,29.091]
SC_pos=0.222854
SC_neg=0.777146
SC_avg=-0.0021261656608755264
SC_std=0.008172882088864042
SC_avg_abs=0.005435919729075315
SC_std_abs=0.006462767112855816
---
run_2
TV=9623.695
FD=6.124482
IGSD=[32.357,29.233,30.701,28.972,31.1,27.458]
SC_pos=0.240143
SC_neg=0.759857
SC_avg=-0.0017961062520626457
SC_std=0.007957691789967709
SC_avg_abs=0.005370411717494195
SC_std_abs=0.006140808926958975
---
run_3
TV=9099.155
FD=6.237506
IGSD=[29.785,29.812,30.036,31.861,28.984,28.541]
SC_pos=0.171972
SC_neg=0.828028
SC_avg=-0.0019908178000253543
SC_std=0.009733531419850049
SC_avg_abs=0.005287613873406684
SC_std_abs=0.008411071806842639
---
run_4
TV=9799.542
FD=7.163281
IGSD=[26.383,25.383,25.198,27.552,25.637,25.682]
SC_pos=0.176866
SC_neg=0.823134
SC_avg=-0.0025817778873566282
SC_std=0.013424666653183762
SC_avg_abs=0.006723798209622749
SC_std_abs=0.01190284795521734
---
combined
TV_avg=9733.6004
TV_std=519.3101283262633
FD_avg=6.4528588
FD_std=0.5500309042318984
IGSD_avg=28.520500000000002
IGSD_std=2.227272783024118
SC_pos_avg=0.210137
SC_neg_avg=0.789863
SC_avg=-0.0021617600929623375
SC_std=0.009961567096667194
SC_avg_abs=0.0058501593051288525
SC_std_abs=0.008347554242144305