conf_id=84
---
run_0
TV=23166.556
FD=21.813749
IGSD=[13.836,10.755,11.014,10.939,18.407,13.243]
SC_pos=0.234595
SC_neg=0.765405
SC_avg=-0.009199781250093166
SC_std=0.03322009295972258
SC_avg_abs=0.02451773271021592
SC_std_abs=0.024229967685751957
---
run_1
TV=20300.284
FD=16.251389
IGSD=[9.626,18.364,25.826,11.845,17.887,11.943]
SC_pos=0.252854
SC_neg=0.747146
SC_avg=-0.0047509349020044495
SC_std=0.02752941111954498
SC_avg_abs=0.01866266725639731
SC_std_abs=0.020788090578718534
---
run_2
TV=22514.043
FD=21.294011
IGSD=[13.812,11.223,10.44,9.962,15.752,23.103]
SC_pos=0.232187
SC_neg=0.767813
SC_avg=-0.010088801332848096
SC_std=0.027542843271502936
SC_avg_abs=0.021912136909472506
SC_std_abs=0.019500009842889444
---
run_3
TV=21421.351
FD=19.499149
IGSD=[11.787,13.254,16.643,12.797,11.527,16.462]
SC_pos=0.243561
SC_neg=0.756439
SC_avg=-0.008102226973714016
SC_std=0.026065206766998812
SC_avg_abs=0.01955412592270512
SC_std_abs=0.01904408688120727
---
run_4
TV=23355.571
FD=24.727321
IGSD=[11.741,16.478,12.381,14.687,10.655,10.554]
SC_pos=0.2322
SC_neg=0.7678
SC_avg=-0.010886982916707432
SC_std=0.03153076253579874
SC_avg_abs=0.024607933158593418
SC_std_abs=0.02252032434890332
---
combined
TV_avg=22151.560999999998
TV_std=1146.445053657436
FD_avg=20.717123800000003
FD_std=2.7943985818437858
IGSD_avg=13.8981
IGSD_std=3.815168413495443
SC_pos_avg=0.2390794
SC_neg_avg=0.7609206
SC_avg=-0.008605745475073439
SC_std=0.029381983360880506
SC_avg_abs=0.021850919191476872
SC_std_abs=0.021445212330223114