conf_id=173
---
run_0
TV=11136.615
FD=7.673943
IGSD=[24.199,23.916,25.438,26.173,23.488,23.338]
SC_pos=0.179456
SC_neg=0.820544
SC_avg=-0.00297695741365118
SC_std=0.012859764185766103
SC_avg_abs=0.007700632113985828
SC_std_abs=0.010720824380674066
---
run_1
TV=11629.84
FD=8.149085
IGSD=[25.607,23.253,24.934,23.346,21.255,21.932]
SC_pos=0.182701
SC_neg=0.817299
SC_avg=-0.002787707343521578
SC_std=0.013663871778034688
SC_avg_abs=0.007980180248285831
SC_std_abs=0.011436320536106253
---
run_2
TV=10135.376
FD=7.309832
IGSD=[26.548,25.593,25.275,26.197,26.099,26.068]
SC_pos=0.190755
SC_neg=0.809245
SC_avg=-0.002723282482204902
SC_std=0.012784465964183403
SC_avg_abs=0.0068701560676074445
SC_std_abs=0.011120242491688961
---
run_3
TV=12070.896
FD=8.507397
IGSD=[24.2,22.137,21.801,20.82,20.917,20.879]
SC_pos=0.170435
SC_neg=0.829565
SC_avg=-0.004036369112687371
SC_std=0.016295348655169215
SC_avg_abs=0.009352279630542975
SC_std_abs=0.01394150383278335
---
run_4
TV=13308.288
FD=10.108937
IGSD=[19.623,26.366,28.042,19.358,19.223,18.756]
SC_pos=0.211505
SC_neg=0.788495
SC_avg=-0.003954327428915906
SC_std=0.012956341377169549
SC_avg_abs=0.009381918471842634
SC_std_abs=0.009771545071508923
---
combined
TV_avg=11656.203000000001
TV_std=1047.3716239154087
FD_avg=8.349838799999999
FD_std=0.96932991580254
IGSD_avg=23.4927
IGSD_std=2.5225568265815803
SC_pos_avg=0.1869704
SC_neg_avg=0.8130296
SC_avg=-0.0032957287561961885
SC_std=0.013788345532044614
SC_avg_abs=0.008257033306452936
SC_std_abs=0.011523962058320035