conf_id=281
---
run_0
TV=15405.399
FD=15.481154
IGSD=[18.898,19.318,20.655,18.241,18.197,20.15]
SC_pos=0.252291
SC_neg=0.747709
SC_avg=-0.00439830031142646
SC_std=0.016943309747382434
SC_avg_abs=0.012897170717372484
SC_std_abs=0.011835699316567173
---
run_1
TV=14013.722
FD=11.421601
IGSD=[20.502,23.709,20.374,23.381,21.375,19.479]
SC_pos=0.259223
SC_neg=0.740777
SC_avg=-0.004332249672901072
SC_std=0.0146046975053303
SC_avg_abs=0.011895834139425797
SC_std_abs=0.009516023674719617
---
run_2
TV=14489.933
FD=13.109543
IGSD=[20.46,19.708,18.827,17.676,25.852,21.301]
SC_pos=0.243575
SC_neg=0.756425
SC_avg=-0.004234070880418158
SC_std=0.013277242911345702
SC_avg_abs=0.010685345733185725
SC_std_abs=0.008946279791599097
---
run_3
TV=14310.266
FD=11.354519
IGSD=[18.996,20.157,28.55,22.504,18.064,17.817]
SC_pos=0.240148
SC_neg=0.759852
SC_avg=-0.003784269056447792
SC_std=0.012916839129817012
SC_avg_abs=0.010081508713554834
SC_std_abs=0.008917881332226743
---
run_4
TV=13591.236
FD=10.591063
IGSD=[20.956,22.202,25.587,22.613,20.175,21.042]
SC_pos=0.25481
SC_neg=0.74519
SC_avg=-0.0035451997945156956
SC_std=0.011406438093156716
SC_avg_abs=0.009391396915958085
SC_std_abs=0.007380849241312529
---
combined
TV_avg=14362.111200000003
TV_std=603.8376238027568
FD_avg=12.391575999999999
FD_std=1.7503802224783047
IGSD_avg=20.8922
IGSD_std=2.5112388231043785
SC_pos_avg=0.2500094
SC_neg_avg=0.7499906
SC_avg=-0.004058817943141834
SC_std=0.01395829204665411
SC_avg_abs=0.010990251243899388
SC_std_abs=0.009514320656317271