conf_id=312
---
run_0
TV=10239.674
FD=7.398629
IGSD=[26.391,32.355,35.127,25.335,28.224,25.832]
SC_pos=0.263599
SC_neg=0.736401
SC_avg=-0.001412813757422804
SC_std=0.007773863333956718
SC_avg_abs=0.005354867130547901
SC_std_abs=0.005809852998344924
---
run_1
TV=9257.615
FD=6.384606
IGSD=[29.317,29.426,31.048,29.443,33.081,30.047]
SC_pos=0.218917
SC_neg=0.781083
SC_avg=-0.0015885030838092016
SC_std=0.008973980927750962
SC_avg_abs=0.0054032553683083726
SC_std_abs=0.007338971805624832
---
run_2
TV=9223.783
FD=6.050529
IGSD=[30.636,31.163,28.567,29.345,41.136,29.35]
SC_pos=0.241309
SC_neg=0.758691
SC_avg=-0.0015565380745249245
SC_std=0.007808693886486465
SC_avg_abs=0.005003337863978331
SC_std_abs=0.006193958444256598
---
run_3
TV=13191.588
FD=10.955134
IGSD=[20.95,22.822,23.666,21.989,23.032,21.399]
SC_pos=0.250592
SC_neg=0.749408
SC_avg=-0.0037131938982003366
SC_std=0.014344682364753003
SC_avg_abs=0.010397931929117723
SC_std_abs=0.010556549278467947
---
run_4
TV=8200.816
FD=5.583491
IGSD=[31.265,32.93,33.675,32.996,38.25,31.079]
SC_pos=0.214863
SC_neg=0.785137
SC_avg=-0.0015740978502605536
SC_std=0.007619568780480255
SC_avg_abs=0.0043469158323157595
SC_std_abs=0.006452901300146071
---
combined
TV_avg=10022.6952
TV_std=1710.6614868333709
FD_avg=7.2744778
FD_std=1.9345284917152703
IGSD_avg=29.329199999999997
IGSD_std=4.747504385815071
SC_pos_avg=0.237856
SC_neg_avg=0.762144
SC_avg=-0.001969029332843565
SC_std=0.009691141640935466
SC_avg_abs=0.006101261624853617
SC_std_abs=0.007782667242235168