conf_id=219
---
run_0
TV=11891.19
FD=8.388257
IGSD=[21.963,24.586,30.285,27.258,23.014,22.414]
SC_pos=0.243138
SC_neg=0.756862
SC_avg=-0.002638641985435223
SC_std=0.010196123001732811
SC_avg_abs=0.007094451524566753
SC_std_abs=0.00778409361193318
---
run_1
TV=10558.294
FD=7.599947
IGSD=[28.964,24.764,23.829,21.236,32.331,32.226]
SC_pos=0.223783
SC_neg=0.776217
SC_avg=-0.002270118140023447
SC_std=0.010142681246218584
SC_avg_abs=0.006146259228163764
SC_std_abs=0.00838158199460397
---
run_2
TV=9035.441
FD=5.894519
IGSD=[34.104,30.84,30.975,30.633,29.439,29.531]
SC_pos=0.214257
SC_neg=0.785743
SC_avg=-0.0017295197032419895
SC_std=0.008816297922777066
SC_avg_abs=0.0051638167749042735
SC_std_abs=0.007352097917076639
---
run_3
TV=9288.55
FD=6.303168
IGSD=[33.444,29.217,29.74,31.161,28.551,29.999]
SC_pos=0.219955
SC_neg=0.780045
SC_avg=-0.0017531671270357857
SC_std=0.00924531849760656
SC_avg_abs=0.0053536226784902646
SC_std_abs=0.007738748820956764
---
run_4
TV=8752.056
FD=5.88033
IGSD=[30.962,32.263,33.359,31.87,31.894,31.037]
SC_pos=0.209386
SC_neg=0.790614
SC_avg=-0.0016540489891191915
SC_std=0.00847643848127088
SC_avg_abs=0.004853098932466975
SC_std_abs=0.007143760783849349
---
combined
TV_avg=9905.1062
TV_std=1169.3730828320618
FD_avg=6.8132442
FD_std=1.007385650401553
IGSD_avg=29.06296666666667
IGSD_std=3.634072678445248
SC_pos_avg=0.2221038
SC_neg_avg=0.7778962
SC_avg=-0.0020090991889711285
SC_std=0.00940874190548289
SC_avg_abs=0.005722249827718412
SC_std_abs=0.007734129602242954