conf_id=206
---
run_0
TV=13840.431
FD=12.163613
IGSD=[18.621,19.579,19.345,18.223,21.112,23.678]
SC_pos=0.213459
SC_neg=0.786541
SC_avg=-0.004202689162897932
SC_std=0.019122751930552143
SC_avg_abs=0.01167653875732243
SC_std_abs=0.015716255286998947
---
run_1
TV=18187.682
FD=12.890251
IGSD=[18.694,15.309,15.189,18.278,16.022,14.514]
SC_pos=0.211615
SC_neg=0.788385
SC_avg=-0.007495702009643605
SC_std=0.019660043161747694
SC_avg_abs=0.015722410049429973
SC_std_abs=0.013982441416889285
---
run_2
TV=16348.553
FD=16.044523
IGSD=[16.689,17.19,19.779,17.084,16.7,19.087]
SC_pos=0.216068
SC_neg=0.783932
SC_avg=-0.005555991067313568
SC_std=0.019916728578974283
SC_avg_abs=0.014204161571031448
SC_std_abs=0.015026207375536666
---
run_3
TV=13606.006
FD=9.774792
IGSD=[21.524,21.239,20.953,22.184,21.019,20.275]
SC_pos=0.226061
SC_neg=0.773939
SC_avg=-0.004848203101856895
SC_std=0.011986226646940708
SC_avg_abs=0.009745712556153089
SC_std_abs=0.008496810538168212
---
run_4
TV=13829.108
FD=12.568774
IGSD=[23.457,21.29,19.558,21.002,22.405,19.344]
SC_pos=0.23458
SC_neg=0.76542
SC_avg=-0.003750982234894622
SC_std=0.014929612125109548
SC_avg_abs=0.010688178191340054
SC_std_abs=0.011078178229423644
---
combined
TV_avg=15162.356
TV_std=1816.9712153313824
FD_avg=12.6883906
FD_std=2.0041521284472004
IGSD_avg=19.311433333333337
IGSD_std=2.399733716940741
SC_pos_avg=0.2203566
SC_neg_avg=0.7796434
SC_avg=-0.005170713515321324
SC_std=0.017458789732160116
SC_avg_abs=0.012407400225055404
SC_std_abs=0.013326741418088725