conf_id=305
---
run_0
TV=11646.763
FD=8.749057
IGSD=[25.001,22.657,21.519,23.979,24.407,36.162]
SC_pos=0.230734
SC_neg=0.769266
SC_avg=-0.0027540852261479045
SC_std=0.010363794870330654
SC_avg_abs=0.007345937658253729
SC_std_abs=0.0078121974801094165
---
run_1
TV=13429.303
FD=11.474998
IGSD=[21.245,22.138,23.329,22.777,20.963,20.286]
SC_pos=0.236332
SC_neg=0.763668
SC_avg=-0.004381411994203804
SC_std=0.014680050519744185
SC_avg_abs=0.011067606972287664
SC_std_abs=0.010592862230396643
---
run_2
TV=12018.507
FD=9.238854
IGSD=[24.224,23.76,23.169,24.258,25.295,24.633]
SC_pos=0.238162
SC_neg=0.761838
SC_avg=-0.0032543618008561838
SC_std=0.012969569582677368
SC_avg_abs=0.008823464914380453
SC_std_abs=0.01004724204921326
---
run_3
TV=11426.96
FD=8.613601
IGSD=[26.658,23.228,25.089,24.864,22.796,26.448]
SC_pos=0.227122
SC_neg=0.772878
SC_avg=-0.0026765398712323236
SC_std=0.011517663155000914
SC_avg_abs=0.0073721961936579535
SC_std_abs=0.009245061033685883
---
run_4
TV=10071.435
FD=7.717268
IGSD=[26.776,29.998,27.471,29.545,29.488,27.656]
SC_pos=0.234637
SC_neg=0.765363
SC_avg=-0.002331292216982414
SC_std=0.009590922291587497
SC_avg_abs=0.006228788152081623
SC_std_abs=0.007656560060544183
---
combined
TV_avg=11718.593599999998
TV_std=1078.871256827913
FD_avg=9.1587556
FD_std=1.2581198345894717
IGSD_avg=24.993966666666665
IGSD_std=3.2319358644970384
SC_pos_avg=0.2333974
SC_neg_avg=0.7666026
SC_avg=-0.00307953822188452
SC_std=0.011985973932071688
SC_avg_abs=0.008167598778132286
SC_std_abs=0.009297174676201466