conf_id=120
---
run_0
TV=17679.358
FD=17.064203
IGSD=[16.269,16.47,17.13,16.259,17.502,15.883]
SC_pos=0.251255
SC_neg=0.748745
SC_avg=-0.006903040903942181
SC_std=0.026854886963865055
SC_avg_abs=0.019917484268184793
SC_std_abs=0.01929069070795753
---
run_1
TV=17950.888
FD=15.144431
IGSD=[17.41,17.938,18.145,17.266,12.368,13.381]
SC_pos=0.234681
SC_neg=0.765319
SC_avg=-0.0051577843166009186
SC_std=0.02355427461351198
SC_avg_abs=0.01565687317814137
SC_std_abs=0.01833763654097514
---
run_2
TV=14678.769
FD=11.634528
IGSD=[17.374,27.285,19.329,22.206,18.578,17.395]
SC_pos=0.244028
SC_neg=0.755972
SC_avg=-0.0039270560522467746
SC_std=0.015505748259124819
SC_avg_abs=0.011082278711919816
SC_std_abs=0.011533997436455817
---
run_3
TV=15769.391
FD=15.917604
IGSD=[18.32,18.202,19.572,18.447,19.778,18.043]
SC_pos=0.250995
SC_neg=0.749005
SC_avg=-0.004933568921364207
SC_std=0.018605551511185026
SC_avg_abs=0.014109557659607553
SC_std_abs=0.013093014625647532
---
run_4
TV=14289.941
FD=13.210035
IGSD=[19.835,19.588,21.9,21.433,20.187,21.122]
SC_pos=0.251302
SC_neg=0.748698
SC_avg=-0.003985993537897787
SC_std=0.016473570303479342
SC_avg_abs=0.012414672366047388
SC_std_abs=0.011538742265582439
---
combined
TV_avg=16073.669400000002
TV_std=1504.8059694159372
FD_avg=14.594160200000001
FD_std=1.9406513446508005
IGSD_avg=18.487166666666667
IGSD_std=2.7132565437536904
SC_pos_avg=0.2464522
SC_neg_avg=0.7535478
SC_avg=-0.0049814887464103745
SC_std=0.020687149050623688
SC_avg_abs=0.014636173236780178
SC_std_abs=0.015445251663740963