conf_id=178
---
run_0
TV=7664.902
FD=5.420783
IGSD=[32.794,32.05,31.976,34.054,30.947,30.966]
SC_pos=0.166119
SC_neg=0.833881
SC_avg=-0.0019488601045904643
SC_std=0.009341584809524767
SC_avg_abs=0.004568656211189771
SC_std_abs=0.008377985610202811
---
run_1
TV=10695.836
FD=7.617553
IGSD=[27.73,25.635,26.232,24.852,23.311,23.261]
SC_pos=0.17683
SC_neg=0.82317
SC_avg=-0.002778665260628652
SC_std=0.013478326770620707
SC_avg_abs=0.007380748904217882
SC_std_abs=0.011615111655905072
---
run_2
TV=9953.629
FD=6.819612
IGSD=[26.827,23.535,23.878,23.926,25.089,24.705]
SC_pos=0.17025
SC_neg=0.82975
SC_avg=-0.0034273887602262595
SC_std=0.012448588139715756
SC_avg_abs=0.007052957242845058
SC_std_abs=0.010815273205823164
---
run_3
TV=11976.995
FD=8.058882
IGSD=[19.729,19.988,19.729,25.114,22.008,21.142]
SC_pos=0.16177
SC_neg=0.83823
SC_avg=-0.004683647538303142
SC_std=0.01499452606622437
SC_avg_abs=0.009176414404226226
SC_std_abs=0.012750128818786293
---
run_4
TV=15180.083
FD=10.715475
IGSD=[19.612,18.979,16.762,22.68,17.794,16.493]
SC_pos=0.215071
SC_neg=0.784929
SC_avg=-0.004946628364281228
SC_std=0.018548916797609703
SC_avg_abs=0.012396553967195802
SC_std_abs=0.014657997689908433
---
combined
TV_avg=11094.289
TV_std=2477.637895958568
FD_avg=7.7264610000000005
FD_std=1.7432782631803792
IGSD_avg=24.393266666666662
IGSD_std=4.80149473902543
SC_pos_avg=0.178008
SC_neg_avg=0.821992
SC_avg=-0.0035570380056059512
SC_std=0.0141365136571867
SC_avg_abs=0.008115066145934945
SC_std_abs=0.012109468989194017