conf_id=158
---
run_0
TV=7983.549
FD=5.66345
IGSD=[31.733,32.974,32.631,32.9,30.93,29.328]
SC_pos=0.183161
SC_neg=0.816839
SC_avg=-0.0018956081071269952
SC_std=0.00923233216737506
SC_avg_abs=0.004646274036749963
SC_std_abs=0.00820008688490415
---
run_1
TV=8808.836
FD=6.072421
IGSD=[29.72,28.705,28.929,31.802,27.226,27.344]
SC_pos=0.176465
SC_neg=0.823535
SC_avg=-0.0021779503643406663
SC_std=0.010363341020810162
SC_avg_abs=0.0053638825995572705
SC_std_abs=0.00913077589043259
---
run_2
TV=8294.968
FD=5.678579
IGSD=[32.868,30.816,32.054,32.252,32.849,30.406]
SC_pos=0.213147
SC_neg=0.786853
SC_avg=-0.001970873760156388
SC_std=0.008639815422948399
SC_avg_abs=0.004689379858025902
SC_std_abs=0.007519339762787088
---
run_3
TV=10794.467
FD=7.568529
IGSD=[26.784,23.235,27.889,24.942,27.418,25.322]
SC_pos=0.230404
SC_neg=0.769596
SC_avg=-0.0025326312508848316
SC_std=0.010183699288662655
SC_avg_abs=0.00665699968363859
SC_std_abs=0.008112108694223867
---
run_4
TV=10195.66
FD=7.012491
IGSD=[22.662,32.269,32.109,26.344,25.628,24.428]
SC_pos=0.212595
SC_neg=0.787405
SC_avg=-0.0024535767024713626
SC_std=0.008955830585688862
SC_avg_abs=0.005488453584243054
SC_std_abs=0.007490248151301793
---
combined
TV_avg=9215.496
TV_std=1094.011741338273
FD_avg=6.399094
FD_std=0.7630023994358076
IGSD_avg=29.149900000000006
IGSD_std=3.140314701321085
SC_pos_avg=0.2031544
SC_neg_avg=0.7968456
SC_avg=-0.002206128036996047
SC_std=0.009502802049501175
SC_avg_abs=0.005368997952442956
SC_std_abs=0.00814518929763374