conf_id=286
---
run_0
TV=11699.08
FD=8.714391
IGSD=[24.479,28.459,27.113,24.808,23.932,23.427]
SC_pos=0.234513
SC_neg=0.765487
SC_avg=-0.0031499966556098186
SC_std=0.010076335641693211
SC_avg_abs=0.007769270644447342
SC_std_abs=0.0071479684210087845
---
run_1
TV=11582.965
FD=8.695812
IGSD=[24.607,24.995,26.931,23.762,22.975,22.378]
SC_pos=0.212971
SC_neg=0.787029
SC_avg=-0.0031910424965578554
SC_std=0.01003400732546989
SC_avg_abs=0.007339780339194431
SC_std_abs=0.007549283396110951
---
run_2
TV=12614.618
FD=9.672547
IGSD=[24.519,19.718,19.153,21.394,27.787,24.89]
SC_pos=0.227014
SC_neg=0.772986
SC_avg=-0.0036315879079778022
SC_std=0.012560394898777002
SC_avg_abs=0.008825795736117463
SC_std_abs=0.009646620152723164
---
run_3
TV=12441.556
FD=9.166984
IGSD=[25.47,22.821,24.786,27.317,22.034,21.715]
SC_pos=0.234631
SC_neg=0.765369
SC_avg=-0.003768477493561505
SC_std=0.010499180958446267
SC_avg_abs=0.008617424517542688
SC_std_abs=0.007083376179628926
---
run_4
TV=13115.96
FD=10.660209
IGSD=[25.263,23.255,20.951,23.387,21.739,22.457]
SC_pos=0.252233
SC_neg=0.747767
SC_avg=-0.0035949585911360057
SC_std=0.011500315941679542
SC_avg_abs=0.009218040789585394
SC_std_abs=0.007759427687141043
---
combined
TV_avg=12290.835799999999
TV_std=576.1314838605505
FD_avg=9.381988600000001
FD_std=0.7322599858958837
IGSD_avg=23.88406666666667
IGSD_std=2.2484722210623125
SC_pos_avg=0.2322724
SC_neg_avg=0.7677276
SC_avg=-0.0034672126289685963
SC_std=0.010979785291517687
SC_avg_abs=0.008354062405377461
SC_std_abs=0.007923817879618779