conf_id=106
---
run_0
TV=9035.049
FD=5.874638
IGSD=[30.132,30.581,37.584,29.08,35.252,29.552]
SC_pos=0.257747
SC_neg=0.742253
SC_avg=-0.001402824790440897
SC_std=0.008262443938513758
SC_avg_abs=0.005237028097788508
SC_std_abs=0.006542891863139111
---
run_1
TV=13294.217
FD=10.48001
IGSD=[20.952,21.473,24.935,20.031,26.563,18.244]
SC_pos=0.2424
SC_neg=0.7576
SC_avg=-0.00342956508760618
SC_std=0.01564699776897635
SC_avg_abs=0.010276027841035389
SC_std_abs=0.01228794969401908
---
run_2
TV=16278.757
FD=14.312734
IGSD=[20.986,16.435,16.362,17.325,19.387,17.708]
SC_pos=0.254539
SC_neg=0.745461
SC_avg=-0.0051873435121600345
SC_std=0.018181938854196337
SC_avg_abs=0.013590361375539303
SC_std_abs=0.01314509455626443
---
run_3
TV=15987.54
FD=13.842424
IGSD=[19.636,18.499,19.61,20.036,16.411,16.622]
SC_pos=0.237556
SC_neg=0.762444
SC_avg=-0.005681248046632071
SC_std=0.017399527674747357
SC_avg_abs=0.013698050329679978
SC_std_abs=0.012140163089399348
---
run_4
TV=10485.477
FD=7.156266
IGSD=[25.936,25.469,26.837,30.648,28.282,29.223]
SC_pos=0.239833
SC_neg=0.760167
SC_avg=-0.002293893790486323
SC_std=0.009516809416154917
SC_avg_abs=0.006522851572307653
SC_std_abs=0.007299590231724662
---
combined
TV_avg=13016.208
TV_std=2891.5240000161853
FD_avg=10.333214400000001
FD_std=3.410119700614487
IGSD_avg=23.6597
IGSD_std=5.908654258232862
SC_pos_avg=0.246415
SC_neg_avg=0.753585
SC_avg=-0.0035989750454650995
SC_std=0.014494181124029218
SC_avg_abs=0.009864863843270164
SC_std_abs=0.011212420309094116