conf_id=257
---
run_0
TV=11660.335
FD=7.413666
IGSD=[25.696,22.867,25.35,22.777,22.243,22.936]
SC_pos=0.188021
SC_neg=0.811979
SC_avg=-0.0032008153721351166
SC_std=0.014499829134240359
SC_avg_abs=0.008430128667142404
SC_std_abs=0.012223878051751243
---
run_1
TV=8075.911
FD=5.335542
IGSD=[35.788,34.21,32.329,31.047,31.958,31.373]
SC_pos=0.191469
SC_neg=0.808531
SC_avg=-0.0016882900603136318
SC_std=0.008277499590705444
SC_avg_abs=0.004314172584972075
SC_std_abs=0.007263280092971627
---
run_2
TV=9886.47
FD=6.917015
IGSD=[28.419,26.211,26.05,25.093,26.27,26.897]
SC_pos=0.188892
SC_neg=0.811108
SC_avg=-0.002817902206300209
SC_std=0.011550524558749208
SC_avg_abs=0.0065449501320413266
SC_std_abs=0.009925664622363196
---
run_3
TV=12871.045
FD=9.731524
IGSD=[23.397,21.385,20.295,21.366,23.631,21.511]
SC_pos=0.193058
SC_neg=0.806942
SC_avg=-0.003739751977147672
SC_std=0.014019743189774399
SC_avg_abs=0.009271838586192216
SC_std_abs=0.011161180635999165
---
run_4
TV=13401.813
FD=9.295686
IGSD=[20.977,20.769,20.479,20.857,21.348,21.299]
SC_pos=0.1758
SC_neg=0.8242
SC_avg=-0.004399525360417439
SC_std=0.015431733955825753
SC_avg_abs=0.010260730807026374
SC_std_abs=0.01233740813891158
---
combined
TV_avg=11179.1148
TV_std=1966.4888697444894
FD_avg=7.738686599999999
FD_std=1.6094430472445553
IGSD_avg=25.16093333333333
IGSD_std=4.415608685359496
SC_pos_avg=0.187448
SC_neg_avg=0.812552
SC_avg=-0.0031692569952628162
SC_std=0.013046263893736943
SC_avg_abs=0.007764364155474871
SC_std_abs=0.010952800589265895