conf_id=314
---
run_0
TV=10178.832
FD=8.055344
IGSD=[27.308,28.755,28.332,27.449,28.073,27.246]
SC_pos=0.221621
SC_neg=0.778379
SC_avg=-0.0022021690248115685
SC_std=0.010439009320507465
SC_avg_abs=0.0066463677457192305
SC_std_abs=0.008345553294787846
---
run_1
TV=9875.963
FD=7.279336
IGSD=[28.755,29.222,28.267,28.319,31.27,30.857]
SC_pos=0.23738
SC_neg=0.76262
SC_avg=-0.0018486088934705019
SC_std=0.007423152010996816
SC_avg_abs=0.005249658586079157
SC_std_abs=0.005564317150288054
---
run_2
TV=10099.66
FD=7.121497
IGSD=[27.696,31.557,30.571,28.621,25.672,28.693]
SC_pos=0.224039
SC_neg=0.775961
SC_avg=-0.0022465793101280373
SC_std=0.008442469078531838
SC_avg_abs=0.005911599550333489
SC_std_abs=0.006432370752308865
---
run_3
TV=10811.415
FD=7.862416
IGSD=[28.609,25.44,25.851,28.84,26.018,26.348]
SC_pos=0.235761
SC_neg=0.764239
SC_avg=-0.00252089022764415
SC_std=0.010977235321411
SC_avg_abs=0.007359261041415507
SC_std_abs=0.008526186707184458
---
run_4
TV=7691.987
FD=5.241987
IGSD=[36.369,38.532,36.003,35.256,34.276,35.778]
SC_pos=0.227105
SC_neg=0.772895
SC_avg=-0.0011161730997880214
SC_std=0.007346144714804351
SC_avg_abs=0.004015769621481534
SC_std_abs=0.006251822046949539
---
combined
TV_avg=9731.571399999999
TV_std=1066.053180765125
FD_avg=7.1121159999999986
FD_std=0.9978038041805612
IGSD_avg=29.799433333333337
IGSD_std=3.5027681309057392
SC_pos_avg=0.2291812
SC_neg_avg=0.7708188
SC_avg=-0.0019868841111684576
SC_std=0.009066345817477532
SC_avg_abs=0.00583653130900578
SC_std_abs=0.007216733141269765