conf_id=177
---
run_0
TV=16616.437
FD=12.245306
IGSD=[15.945,16.347,16.783,15.966,17.246,17.985]
SC_pos=0.161754
SC_neg=0.838246
SC_avg=-0.006233833406499871
SC_std=0.025839891609071516
SC_avg_abs=0.016231525596118377
SC_std_abs=0.021049899147765817
---
run_1
TV=13412.904
FD=9.583501
IGSD=[24.603,21.057,20.839,24.113,20.413,20.903]
SC_pos=0.222581
SC_neg=0.777419
SC_avg=-0.004176082033355072
SC_std=0.012408415352214772
SC_avg_abs=0.009341392826676061
SC_std_abs=0.009173157186057329
---
run_2
TV=10716.312
FD=7.440064
IGSD=[24.23,23.5,23.303,28.147,26.112,25.642]
SC_pos=0.172364
SC_neg=0.827636
SC_avg=-0.0024137709050154814
SC_std=0.012847232891188859
SC_avg_abs=0.00741171848753988
SC_std_abs=0.010767734766598015
---
run_3
TV=8856.349
FD=5.770054
IGSD=[31.618,28.247,28.51,30.556,32.086,38.325]
SC_pos=0.210771
SC_neg=0.789229
SC_avg=-0.0016240420170590354
SC_std=0.008064838712234857
SC_avg_abs=0.004741361762342656
SC_std_abs=0.006722992233085659
---
run_4
TV=8581.773
FD=5.930487
IGSD=[28.639,29.617,29.576,31.531,30.005,30.44]
SC_pos=0.184068
SC_neg=0.815932
SC_avg=-0.001484882602875984
SC_std=0.011337211518780477
SC_avg_abs=0.005504333763684273
SC_std_abs=0.010021953461469365
---
combined
TV_avg=11636.755000000001
TV_std=3028.6210047721065
FD_avg=8.1938824
FD_std=2.445862550090221
IGSD_avg=25.076133333333335
IGSD_std=5.721773167665966
SC_pos_avg=0.1903076
SC_neg_avg=0.8096924
SC_avg=-0.0031865221929610905
SC_std=0.015469282800540891
SC_avg_abs=0.008646066487272243
SC_std_abs=0.013217343467846017