conf_id=105
---
run_0
TV=12121.144
FD=9.233828
IGSD=[22.442,22.868,21.479,23.942,23.643,24.43]
SC_pos=0.218688
SC_neg=0.781312
SC_avg=-0.003517810155371974
SC_std=0.01361058070350836
SC_avg_abs=0.008945501616331458
SC_std_abs=0.010844394690722192
---
run_1
TV=15482.432
FD=13.150527
IGSD=[19.522,18.204,18.699,18.277,20.824,19.185]
SC_pos=0.236014
SC_neg=0.763986
SC_avg=-0.005383310858528073
SC_std=0.017814347574826132
SC_avg_abs=0.013497321166982048
SC_std_abs=0.012812233865786168
---
run_2
TV=21130.938
FD=23.744442
IGSD=[13.783,13.877,14.891,14.4,13.95,13.111]
SC_pos=0.234938
SC_neg=0.765062
SC_avg=-0.010099515937359553
SC_std=0.03267650725045364
SC_avg_abs=0.025025884106068853
SC_std_abs=0.0233122172469188
---
run_3
TV=12325.658
FD=9.616329
IGSD=[21.89,26.751,22.066,22.263,21.627,25.069]
SC_pos=0.245607
SC_neg=0.754393
SC_avg=-0.0024167610215327347
SC_std=0.012874480573317174
SC_avg_abs=0.008218476655395034
SC_std_abs=0.010200471819119358
---
run_4
TV=12276.073
FD=8.167997
IGSD=[20.242,31.325,18.677,22.702,28.831,21.974]
SC_pos=0.252409
SC_neg=0.747591
SC_avg=-0.0023196576345012408
SC_std=0.012444529088788497
SC_avg_abs=0.007910950619556632
SC_std_abs=0.009882508592353435
---
combined
TV_avg=14667.249
TV_std=3467.7722115932584
FD_avg=12.7826246
FD_std=5.730810865982251
IGSD_avg=20.698133333333335
IGSD_std=4.409995704709423
SC_pos_avg=0.2375312
SC_neg_avg=0.7624688
SC_avg=-0.004747411121458715
SC_std=0.01966142821272308
SC_avg_abs=0.012719626832866813
SC_std_abs=0.01572643522712085