conf_id=152
---
run_0
TV=9157.994
FD=5.886437
IGSD=[29.724,29.247,28.655,33.886,30.828,29.254]
SC_pos=0.216918
SC_neg=0.783082
SC_avg=-0.0019802703278982846
SC_std=0.008907095348542934
SC_avg_abs=0.005301808620439687
SC_std_abs=0.007426213265980244
---
run_1
TV=9225.219
FD=6.334044
IGSD=[28.995,25.894,27.119,31.336,33.005,29.115]
SC_pos=0.194984
SC_neg=0.805016
SC_avg=-0.0016440796789943199
SC_std=0.010787575969820802
SC_avg_abs=0.005567877917382408
SC_std_abs=0.00938474979915089
---
run_2
TV=9155.448
FD=6.242472
IGSD=[32.669,34.601,30.621,29.719,29.044,31.527]
SC_pos=0.235646
SC_neg=0.764354
SC_avg=-0.0017252815147870153
SC_std=0.007182902671922075
SC_avg_abs=0.004850505458967318
SC_std_abs=0.005571650015219843
---
run_3
TV=8946.155
FD=5.952897
IGSD=[30.323,30.69,32.025,35.245,30.08,31.889]
SC_pos=0.231877
SC_neg=0.768123
SC_avg=-0.0014000453532694095
SC_std=0.008140765672193614
SC_avg_abs=0.004782003217751786
SC_std_abs=0.006735327604963905
---
run_4
TV=9645.222
FD=6.611122
IGSD=[32.726,28.362,28.354,30.003,28.401,26.939]
SC_pos=0.221802
SC_neg=0.778198
SC_avg=-0.0021156170324438455
SC_std=0.008749189672244305
SC_avg_abs=0.005470747786134219
SC_std_abs=0.007148081841262064
---
combined
TV_avg=9226.0076
TV_std=229.6359378325611
FD_avg=6.2053944
FD_std=0.26382915435000726
IGSD_avg=30.342533333333332
IGSD_std=2.2027391846416036
SC_pos_avg=0.2202454
SC_neg_avg=0.7797546
SC_avg=-0.0017730587814785736
SC_std=0.008836752337498848
SC_avg_abs=0.005194588600135087
SC_std_abs=0.007365336285073222