conf_id=63
---
run_0
TV=12923.855
FD=10.077348
IGSD=[28.457,24.97,24.782,22.104,19.961,18.307]
SC_pos=0.242867
SC_neg=0.757133
SC_avg=-0.003335990290580519
SC_std=0.010975089761257013
SC_avg_abs=0.008631624034878192
SC_std_abs=0.007554898609975459
---
run_1
TV=12537.106
FD=9.980204
IGSD=[17.282,29.371,33.441,25.264,19.522,21.017]
SC_pos=0.232465
SC_neg=0.767535
SC_avg=-0.002868125322987631
SC_std=0.010153380495069983
SC_avg_abs=0.007389150667855908
SC_std_abs=0.0075311174970089925
---
run_2
TV=15029.683
FD=14.202638
IGSD=[19.49,20.794,18.02,19.122,19.147,20.452]
SC_pos=0.250304
SC_neg=0.749696
SC_avg=-0.004734609932198733
SC_std=0.016487966976685652
SC_avg_abs=0.012650513734608258
SC_std_abs=0.011585943573349536
---
run_3
TV=14494.868
FD=11.880636
IGSD=[20.397,19.807,19.805,20.002,20.457,20.837]
SC_pos=0.232032
SC_neg=0.767968
SC_avg=-0.005327605036241667
SC_std=0.014348450815524263
SC_avg_abs=0.011589661805734132
SC_std_abs=0.009997057339858255
---
run_4
TV=12926.831
FD=11.526883
IGSD=[22.127,18.592,19.999,24.065,24.948,25.812]
SC_pos=0.229695
SC_neg=0.770305
SC_avg=-0.003864832408456763
SC_std=0.012092686581145047
SC_avg_abs=0.009331645336226177
SC_std_abs=0.008607577685629766
---
combined
TV_avg=13582.468600000002
TV_std=988.2628887907512
FD_avg=11.5335418
FD_std=1.5347932728685514
IGSD_avg=21.945033333333335
IGSD_std=3.6818212837610087
SC_pos_avg=0.2374726
SC_neg_avg=0.7625274
SC_avg=-0.004026232598093058
SC_std=0.013050264065681669
SC_avg_abs=0.009918519115860534
SC_std_abs=0.009388446073034594