conf_id=128
---
run_0
TV=15307.655
FD=13.297408
IGSD=[19.135,17.408,17.161,17.603,21.253,20.458]
SC_pos=0.193276
SC_neg=0.806724
SC_avg=-0.005639390529833568
SC_std=0.019367294720141245
SC_avg_abs=0.013266334312542748
SC_std_abs=0.015195367854469293
---
run_1
TV=17478.436
FD=15.346455
IGSD=[15.377,18.482,17.245,17.501,16.447,15.952]
SC_pos=0.231505
SC_neg=0.768495
SC_avg=-0.00593950763603156
SC_std=0.021581333946217
SC_avg_abs=0.015869070020422715
SC_std_abs=0.015786207351467803
---
run_2
TV=13099.961
FD=9.095239
IGSD=[23.095,19.145,18.499,23.774,22.061,23.708]
SC_pos=0.212746
SC_neg=0.787254
SC_avg=-0.0036489044210721586
SC_std=0.013629775161424407
SC_avg_abs=0.009199932352500795
SC_std_abs=0.010697967990908873
---
run_3
TV=15817.06
FD=13.88324
IGSD=[19.053,18.852,18.349,18.877,17.895,19.124]
SC_pos=0.236487
SC_neg=0.763513
SC_avg=-0.006073307710866086
SC_std=0.017910759881001673
SC_avg_abs=0.014028324842224224
SC_std_abs=0.012684103759698565
---
run_4
TV=14645.737
FD=10.429724
IGSD=[17.376,33.628,19.122,22.24,15.836,16.332]
SC_pos=0.229358
SC_neg=0.770642
SC_avg=-0.0039516167488850675
SC_std=0.015444047204040547
SC_avg_abs=0.01092807682104825
SC_std_abs=0.011606507052682537
---
combined
TV_avg=15269.769799999998
TV_std=1433.6425913351495
FD_avg=12.4104132
FD_std=2.301731074331439
IGSD_avg=19.366266666666665
IGSD_std=3.478110434640562
SC_pos_avg=0.2206744
SC_neg_avg=0.7793256
SC_avg=-0.005050545409337686
SC_std=0.01783976480217192
SC_avg_abs=0.012658347669747737
SC_std_abs=0.013547378026776476