conf_id=56
---
run_0
TV=8281.739
FD=4.928186
IGSD=[35.412,34.795,34.05,29.532,37.997,31.42]
SC_pos=0.216263
SC_neg=0.783737
SC_avg=-0.0016363844123469223
SC_std=0.0059210024247948485
SC_avg_abs=0.0038247034474200273
SC_std_abs=0.0048070434987309806
---
run_1
TV=9086.027
FD=5.916116
IGSD=[31.71,28.87,28.66,34.666,31.659,31.236]
SC_pos=0.218474
SC_neg=0.781526
SC_avg=-0.0017836224876364942
SC_std=0.007859422916426871
SC_avg_abs=0.004992484917476407
SC_std_abs=0.006326684132025959
---
run_2
TV=8328.477
FD=5.267532
IGSD=[33.146,33.222,36.175,33.609,37.773,30.762]
SC_pos=0.22362
SC_neg=0.77638
SC_avg=-0.0015474502851476834
SC_std=0.006308474213540346
SC_avg_abs=0.0040375252257818985
SC_std_abs=0.005088205905727672
---
run_3
TV=8031.419
FD=5.215569
IGSD=[35.971,33.497,33.184,35.721,36.513,32.962]
SC_pos=0.218156
SC_neg=0.781844
SC_avg=-0.0013365127354272738
SC_std=0.00675046234040248
SC_avg_abs=0.004029206583232167
SC_std_abs=0.005578575302959528
---
run_4
TV=7637.987
FD=4.455098
IGSD=[38.185,33.877,34.861,36.831,38.673,35.112]
SC_pos=0.200297
SC_neg=0.799703
SC_avg=-0.0014577014688154245
SC_std=0.006278639221009151
SC_avg_abs=0.0037439541801953472
SC_std_abs=0.005246809615030722
---
combined
TV_avg=8273.1298
TV_std=474.5039042766245
FD_avg=5.156500199999999
FD_std=0.476849193653675
IGSD_avg=34.00269999999999
IGSD_std=2.672818514228005
SC_pos_avg=0.215362
SC_neg_avg=0.784638
SC_avg=-0.001552334277874761
SC_std=0.006659306484831163
SC_avg_abs=0.004125574870821168
SC_std_abs=0.005453048372647009