conf_id=262
---
run_0
TV=18590.296
FD=18.310745
IGSD=[15.797,17.572,15.627,17.992,15.097,14.745]
SC_pos=0.242518
SC_neg=0.757482
SC_avg=-0.00748592227710596
SC_std=0.022491811131980687
SC_avg_abs=0.018111405727837197
SC_std_abs=0.01529371056667502
---
run_1
TV=18462.118
FD=15.518096
IGSD=[15.106,17.875,15.528,13.793,18.066,17.066]
SC_pos=0.236702
SC_neg=0.763298
SC_avg=-0.006505385744702087
SC_std=0.01954641661433013
SC_avg_abs=0.015661506770648637
SC_std_abs=0.013382811805493673
---
run_2
TV=16818.622
FD=15.256574
IGSD=[16.979,18.738,19.693,15.061,16.537,17.689]
SC_pos=0.252072
SC_neg=0.747928
SC_avg=-0.00361552403387072
SC_std=0.01770161395936207
SC_avg_abs=0.012167947209183
SC_std_abs=0.013355156738889856
---
run_3
TV=16709.841
FD=14.400289
IGSD=[18.769,15.448,15.563,17.205,23.183,18.594]
SC_pos=0.256702
SC_neg=0.743298
SC_avg=-0.004759542013994
SC_std=0.018223585202147497
SC_avg_abs=0.01384940680592997
SC_std_abs=0.012765039323353608
---
run_4
TV=16822.402
FD=14.831772
IGSD=[19.971,16.469,15.239,18.111,18.114,19.388]
SC_pos=0.256949
SC_neg=0.743051
SC_avg=-0.005697813302555432
SC_std=0.015952390769049384
SC_avg_abs=0.013553959568941249
SC_std_abs=0.010160414739701097
---
combined
TV_avg=17480.6558
TV_std=855.6064161681815
FD_avg=15.6634952
FD_std=1.3771064359087717
IGSD_avg=17.167166666666663
IGSD_std=1.9492066605559188
SC_pos_avg=0.2489886
SC_neg_avg=0.7510114
SC_avg=-0.00561283747444564
SC_std=0.01895731320730393
SC_avg_abs=0.014668845216508014
SC_std_abs=0.013255513893036803