conf_id=123
---
run_0
TV=14355.387
FD=12.524962
IGSD=[20.506,20.415,19.118,19.105,26.127,19.699]
SC_pos=0.25602
SC_neg=0.74398
SC_avg=-0.003916367814262609
SC_std=0.01483543573943165
SC_avg_abs=0.011327044151994686
SC_std_abs=0.010350176868738082
---
run_1
TV=18252.265
FD=18.457464
IGSD=[15.157,16.977,17.11,17.03,14.947,15.066]
SC_pos=0.239093
SC_neg=0.760907
SC_avg=-0.008013545158692783
SC_std=0.02689123800015948
SC_avg_abs=0.020305892499703874
SC_std_abs=0.019365596220671848
---
run_2
TV=17313.282
FD=18.161011
IGSD=[17.479,16.38,16.186,17.769,16.647,16.624]
SC_pos=0.250892
SC_neg=0.749108
SC_avg=-0.006808212551742164
SC_std=0.027398730251868886
SC_avg_abs=0.020413310992597022
SC_std_abs=0.01950227965864227
---
run_3
TV=17292.218
FD=17.335781
IGSD=[16.447,16.164,17.991,17.66,16.581,15.965]
SC_pos=0.241641
SC_neg=0.758359
SC_avg=-0.006676697597126366
SC_std=0.025719564417617337
SC_avg_abs=0.018611876746530476
SC_std_abs=0.01896502909587536
---
run_4
TV=15723.721
FD=14.64792
IGSD=[17.451,16.619,20.743,16.547,20.856,20.877]
SC_pos=0.245314
SC_neg=0.754686
SC_avg=-0.005286161480172486
SC_std=0.017853480574652466
SC_avg_abs=0.013777520113195345
SC_std_abs=0.012524783884540688
---
combined
TV_avg=16587.374600000003
TV_std=1380.0921710709902
FD_avg=16.2254276
FD_std=2.2866276542984956
IGSD_avg=17.87476666666667
IGSD_std=2.32474673435385
SC_pos_avg=0.246592
SC_neg_avg=0.753408
SC_avg=-0.006140196920399283
SC_std=0.02316929140282194
SC_avg_abs=0.016887128900804287
SC_std_abs=0.0170100840626312