conf_id=208
---
run_0
TV=14718.187
FD=12.703391
IGSD=[19.811,19.242,18.54,19.85,19.038,18.901]
SC_pos=0.205963
SC_neg=0.794037
SC_avg=-0.005764329393168658
SC_std=0.01826089980693974
SC_avg_abs=0.012928385143105776
SC_std_abs=0.014126033155262022
---
run_1
TV=16443.114
FD=14.497908
IGSD=[17.368,17.695,18.209,17.77,17.785,15.287]
SC_pos=0.230254
SC_neg=0.769746
SC_avg=-0.006161530617414112
SC_std=0.01878887054557635
SC_avg_abs=0.013935902619278278
SC_std_abs=0.014027713074972374
---
run_2
TV=20201.734
FD=17.198778
IGSD=[14.371,13.926,13.61,14.214,13.919,13.509]
SC_pos=0.157108
SC_neg=0.842892
SC_avg=-0.010606815259462684
SC_std=0.03058744127720852
SC_avg_abs=0.022292146736033087
SC_std_abs=0.02347671799324216
---
run_3
TV=15156.402
FD=14.265294
IGSD=[20.594,17.804,19.647,19.947,17.858,17.105]
SC_pos=0.226278
SC_neg=0.773722
SC_avg=-0.004946551391876572
SC_std=0.01847362504488615
SC_avg_abs=0.012881386030077302
SC_std_abs=0.014135525703547428
---
run_4
TV=16578.453
FD=14.176918
IGSD=[17.852,16.985,18.267,18.088,16.62,16.386]
SC_pos=0.224472
SC_neg=0.775528
SC_avg=-0.006055738982284032
SC_std=0.017380985472725874
SC_avg_abs=0.013074854018421317
SC_std_abs=0.012954490457815557
---
combined
TV_avg=16619.578
TV_std=1929.8105688960252
FD_avg=14.5684578
FD_std=1.4592633416820149
IGSD_avg=17.33993333333333
IGSD_std=2.043523801889493
SC_pos_avg=0.208815
SC_neg_avg=0.791185
SC_avg=-0.006706993128841209
SC_std=0.02137926661192761
SC_avg_abs=0.015022534909383153
SC_std_abs=0.0166246877441524