conf_id=147
---
run_0
TV=11546.205
FD=8.977664
IGSD=[25.368,27.605,25.073,25.432,26.913,22.932]
SC_pos=0.246176
SC_neg=0.753824
SC_avg=-0.002738444841057438
SC_std=0.009829933762270544
SC_avg_abs=0.007496827287694345
SC_std_abs=0.006922734902957205
---
run_1
TV=13964.133
FD=11.10449
IGSD=[23.002,18.835,17.693,22.108,23.213,20.416]
SC_pos=0.247893
SC_neg=0.752107
SC_avg=-0.003456580606555026
SC_std=0.015619797158661568
SC_avg_abs=0.010671353821951233
SC_std_abs=0.011918398398026098
---
run_2
TV=13117.317
FD=10.077385
IGSD=[21.322,23.685,22.194,22.628,21.516,21.217]
SC_pos=0.231882
SC_neg=0.768118
SC_avg=-0.004177086465094703
SC_std=0.015446900910190966
SC_avg_abs=0.01078590784186165
SC_std_abs=0.01182027880775251
---
run_3
TV=10601.236
FD=7.295231
IGSD=[24.672,31.348,26.126,25.812,31.644,25.841]
SC_pos=0.243127
SC_neg=0.756873
SC_avg=-0.002356084484663315
SC_std=0.009489771931576933
SC_avg_abs=0.006676637097497617
SC_std_abs=0.007143488117197027
---
run_4
TV=13370.394
FD=9.106566
IGSD=[24.723,18.359,18.702,20.837,27.179,18.998]
SC_pos=0.228692
SC_neg=0.771308
SC_avg=-0.0038135990652802053
SC_std=0.01619562428089787
SC_avg_abs=0.011142777025265994
SC_std_abs=0.012356387167935414
---
combined
TV_avg=12519.857
TV_std=1248.6320164796348
FD_avg=9.3122672
FD_std=1.2665050438082588
IGSD_avg=23.5131
IGSD_std=3.469006777643037
SC_pos_avg=0.239554
SC_neg_avg=0.760446
SC_avg=-0.0033083590925301358
SC_std=0.013666235614952038
SC_avg_abs=0.009354700614854166
SC_std_abs=0.010497657461308086