conf_id=224
---
run_0
TV=24926.647
FD=31.389119
IGSD=[10.758,14.176,12.122,12.091,11.231,10.986]
SC_pos=0.212916
SC_neg=0.787084
SC_avg=-0.012224625353500584
SC_std=0.03777690142246428
SC_avg_abs=0.029106511772112237
SC_std_abs=0.02700641995111393
---
run_1
TV=26051.807
FD=29.217187
IGSD=[11.222,12.196,11.446,12.462,10.443,10.301]
SC_pos=0.204464
SC_neg=0.795536
SC_avg=-0.01405622113530387
SC_std=0.04046583536399331
SC_avg_abs=0.031795886856057706
SC_std_abs=0.02870684175152595
---
run_2
TV=24869.104
FD=31.268874
IGSD=[13.029,11.168,11.417,13.565,10.714,10.815]
SC_pos=0.216939
SC_neg=0.783061
SC_avg=-0.013035784487398448
SC_std=0.03679704835038773
SC_avg_abs=0.028714943605941585
SC_std_abs=0.02644629384640246
---
run_3
TV=22758.277
FD=22.642822
IGSD=[13.081,13.36,12.043,14.509,10.857,11.77]
SC_pos=0.232319
SC_neg=0.767681
SC_avg=-0.00860155739008659
SC_std=0.03267277867138363
SC_avg_abs=0.02375539035791063
SC_std_abs=0.024024543379374777
---
run_4
TV=25324.605
FD=24.209851
IGSD=[12.003,11.978,12.316,13.027,11.67,10.663]
SC_pos=0.217683
SC_neg=0.782317
SC_avg=-0.01462815654249418
SC_std=0.03479199876313562
SC_avg_abs=0.03018162733892455
SC_std_abs=0.022661321959233264
---
combined
TV_avg=24786.087999999996
TV_std=1098.2450625163774
FD_avg=27.745570599999997
FD_std=3.6440121565376047
IGSD_avg=11.913966666666665
IGSD_std=1.0877699966240821
SC_pos_avg=0.2168642
SC_neg_avg=0.7831358
SC_avg=-0.012509268981756737
SC_std=0.03665816612993424
SC_avg_abs=0.028710871986189344
SC_std_abs=0.02599978431180628