conf_id=268
---
run_0
TV=14635.708
FD=11.706309
IGSD=[17.33,23.639,20.257,22.115,17.748,18.941]
SC_pos=0.234203
SC_neg=0.765797
SC_avg=-0.004541203117780541
SC_std=0.013643776436252307
SC_avg_abs=0.010562050078611598
SC_std_abs=0.009757984389015704
---
run_1
TV=14078.792
FD=10.588799
IGSD=[21.687,19.096,18.954,19.125,18.375,26.025]
SC_pos=0.242092
SC_neg=0.757908
SC_avg=-0.0032588133450638327
SC_std=0.014691600420764013
SC_avg_abs=0.009957763806203132
SC_std_abs=0.011282992835291106
---
run_2
TV=16645.844
FD=14.087148
IGSD=[18.461,15.198,15.553,16.88,20.389,18.707]
SC_pos=0.217465
SC_neg=0.782535
SC_avg=-0.006463342167628678
SC_std=0.017085619057516925
SC_avg_abs=0.013362502982184157
SC_std_abs=0.012455387774194426
---
run_3
TV=14767.746
FD=10.87596
IGSD=[21.31,17.8,17.049,23.808,17.98,17.45]
SC_pos=0.225563
SC_neg=0.774437
SC_avg=-0.005300467488988109
SC_std=0.016587146180568346
SC_avg_abs=0.012542573929155428
SC_std_abs=0.012079412785770403
---
run_4
TV=11880.193
FD=9.320252
IGSD=[21.612,21.922,22.287,21.819,23.531,23.719]
SC_pos=0.206815
SC_neg=0.793185
SC_avg=-0.0037822260675878104
SC_std=0.01358674990472661
SC_avg_abs=0.008532519357709845
SC_std_abs=0.011229475518038946
---
combined
TV_avg=14401.656599999998
TV_std=1528.8687863260998
FD_avg=11.3156936
FD_std=1.583481509805858
IGSD_avg=19.958900000000003
IGSD_std=2.6693134491850143
SC_pos_avg=0.2252276
SC_neg_avg=0.7747724
SC_avg=-0.00466921043740979
SC_std=0.015231920887191974
SC_avg_abs=0.010991482030772834
SC_std_abs=0.011532573988043148