conf_id=168
---
run_0
TV=23649.871
FD=21.583377
IGSD=[12.51,12.377,12.456,15.74,9.868,9.937]
SC_pos=0.214343
SC_neg=0.785657
SC_avg=-0.011114496782259358
SC_std=0.03333674060263475
SC_avg_abs=0.025006521747167536
SC_std_abs=0.024688948597270124
---
run_1
TV=15809.536
FD=12.481048
IGSD=[14.458,18.87,28.741,16.222,17.137,21.337]
SC_pos=0.255412
SC_neg=0.744588
SC_avg=-0.0050249252388995845
SC_std=0.01443816423107202
SC_avg_abs=0.01126515882921791
SC_std_abs=0.01033473059989622
---
run_2
TV=14018.534
FD=10.337465
IGSD=[23.825,19.639,20.033,19.099,19.382,18.84]
SC_pos=0.205972
SC_neg=0.794028
SC_avg=-0.004798519982333005
SC_std=0.015190904944650585
SC_avg_abs=0.01079849128656303
SC_std_abs=0.011712470832078131
---
run_3
TV=18185.257
FD=16.652627
IGSD=[12.876,18.111,20.111,15.767,14.487,13.965]
SC_pos=0.194286
SC_neg=0.805714
SC_avg=-0.007940873017293766
SC_std=0.021480518602884233
SC_avg_abs=0.01606539880665281
SC_std_abs=0.016320940687008175
---
run_4
TV=13610.467
FD=10.047083
IGSD=[18.637,19.499,20.092,19.865,24.882,22.843]
SC_pos=0.212876
SC_neg=0.787124
SC_avg=-0.0035935625221204426
SC_std=0.015232280162582455
SC_avg_abs=0.009982675243789605
SC_std_abs=0.012053308488909656
---
combined
TV_avg=17054.733
TV_std=3671.6731327498637
FD_avg=14.220320000000001
FD_std=4.373745827701376
IGSD_avg=17.7202
IGSD_std=4.321797376092498
SC_pos_avg=0.2165778
SC_neg_avg=0.7834222
SC_avg=-0.006494475508581235
SC_std=0.021358301868023264
SC_avg_abs=0.014623649182678177
SC_std_abs=0.016867250973383992