conf_id=157
---
run_0
TV=8885.216
FD=5.848607
IGSD=[35.992,30.492,30.539,34.894,34.771,31.552]
SC_pos=0.261987
SC_neg=0.738013
SC_avg=-0.0015205525984733573
SC_std=0.0065466601071071506
SC_avg_abs=0.004698510709581116
SC_std_abs=0.004805708675592381
---
run_1
TV=7508.053
FD=5.044016
IGSD=[39.624,35.776,34.816,36.921,38.636,37.606]
SC_pos=0.219501
SC_neg=0.780499
SC_avg=-0.0011944376524366611
SC_std=0.006385385405659079
SC_avg_abs=0.0036338560841843335
SC_std_abs=0.005384692938673372
---
run_2
TV=8887.638
FD=6.126746
IGSD=[31.31,30.605,32.078,30.87,34.898,32.118]
SC_pos=0.227412
SC_neg=0.772588
SC_avg=-0.0016942810929234154
SC_std=0.0074824984124274635
SC_avg_abs=0.004680285421353934
SC_std_abs=0.00607892254338539
---
run_3
TV=8125.145
FD=5.357339
IGSD=[34.735,34.686,34.529,34.418,35.131,33.704]
SC_pos=0.232717
SC_neg=0.767283
SC_avg=-0.0014555023211365833
SC_std=0.007206412056038597
SC_avg_abs=0.004285270142331185
SC_std_abs=0.0059738866356415996
---
run_4
TV=8742.405
FD=5.513875
IGSD=[31.99,30.712,32.189,32.478,29.038,32.023]
SC_pos=0.205715
SC_neg=0.794285
SC_avg=-0.001805448825441034
SC_std=0.008887972192783616
SC_avg_abs=0.004930648934607915
SC_std_abs=0.0076121216651227445
---
combined
TV_avg=8429.6914
TV_std=539.8469033696871
FD_avg=5.5781165999999995
FD_std=0.3774367384845307
IGSD_avg=33.6377
IGSD_std=2.5728673647638094
SC_pos_avg=0.2294664
SC_neg_avg=0.7705336
SC_avg=-0.0015340444980822105
SC_std=0.0073589283464325726
SC_avg_abs=0.004445714258411697
SC_std_abs=0.006061579304321608