conf_id=90
---
run_0
TV=14026.788
FD=10.206092
IGSD=[16.579,19.121,26.886,21.159,16.516,19.293]
SC_pos=0.232179
SC_neg=0.767821
SC_avg=-0.003393717729306218
SC_std=0.018371435746171873
SC_avg_abs=0.01055229002391907
SC_std_abs=0.015416748900239212
---
run_1
TV=14672.983
FD=10.911625
IGSD=[17.933,18.544,27.943,17.236,17.624,19.649]
SC_pos=0.235204
SC_neg=0.764796
SC_avg=-0.00328268760783411
SC_std=0.017201869647419463
SC_avg_abs=0.010942825670643992
SC_std_abs=0.013672414696729083
---
run_2
TV=11259.831
FD=8.220555
IGSD=[23.148,25.267,28.774,25.068,23.243,24.55]
SC_pos=0.211353
SC_neg=0.788647
SC_avg=-0.002595200799414245
SC_std=0.012628661219042705
SC_avg_abs=0.0074921135273567935
SC_std_abs=0.010492205977192347
---
run_3
TV=9669.651
FD=7.159813
IGSD=[26.341,27.967,26.538,26.601,25.629,27.011]
SC_pos=0.170069
SC_neg=0.829931
SC_avg=-0.0026658791351446363
SC_std=0.012662847158711103
SC_avg_abs=0.006608007770942387
SC_std_abs=0.011126043457907327
---
run_4
TV=11828.427
FD=8.792055
IGSD=[23.472,23.734,23.173,23.676,22.498,22.773]
SC_pos=0.1899
SC_neg=0.8101
SC_avg=-0.003225272987671924
SC_std=0.01520149510297809
SC_avg_abs=0.008879119907756586
SC_std_abs=0.012753394405982806
---
combined
TV_avg=12291.535999999998
TV_std=1834.968960143141
FD_avg=9.058027999999998
FD_std=1.3512361477689978
IGSD_avg=22.931533333333338
IGSD_std=3.67348961010584
SC_pos_avg=0.207741
SC_neg_avg=0.792259
SC_avg=-0.0030325516518742222
SC_std=0.01539406431977291
SC_avg_abs=0.008894871380123777
SC_std_abs=0.012924969978055865