conf_id=199
---
run_0
TV=9708.5
FD=6.966791
IGSD=[28.903,26.713,27.293,29.811,27.334,28.15]
SC_pos=0.209525
SC_neg=0.790475
SC_avg=-0.0019996965371788197
SC_std=0.0115318580238602
SC_avg_abs=0.006416018271532025
SC_std_abs=0.009788628364722047
---
run_1
TV=11821.409
FD=8.592692
IGSD=[23.013,23.82,29.555,23.181,26.303,23.819]
SC_pos=0.243035
SC_neg=0.756965
SC_avg=-0.002584258133534431
SC_std=0.010115652373951269
SC_avg_abs=0.007005385195918857
SC_std_abs=0.0077414075792562225
---
run_2
TV=12185.796
FD=9.289011
IGSD=[21.467,24.455,22.837,21.263,23.364,31.267]
SC_pos=0.2545
SC_neg=0.7455
SC_avg=-0.0024266923817812744
SC_std=0.010982046025852312
SC_avg_abs=0.007566396339068665
SC_std_abs=0.008321286996003806
---
run_3
TV=9276.269
FD=5.796967
IGSD=[33.104,29.42,28.827,29.93,28.976,29.028]
SC_pos=0.196786
SC_neg=0.803214
SC_avg=-0.0019465215993505986
SC_std=0.00905571904861982
SC_avg_abs=0.005443186519415497
SC_std_abs=0.007494445565825913
---
run_4
TV=7862.715
FD=4.91695
IGSD=[35.057,34.79,34.604,38.212,35.371,36.592]
SC_pos=0.221027
SC_neg=0.778973
SC_avg=-0.0013515597940818975
SC_std=0.006894387078618181
SC_avg_abs=0.004103931325439612
SC_std_abs=0.005702370975556706
---
combined
TV_avg=10170.9378
TV_std=1620.239625681263
FD_avg=7.1124822000000005
FD_std=1.643196061197251
IGSD_avg=28.548633333333335
IGSD_std=4.66165431639408
SC_pos_avg=0.2249746
SC_neg_avg=0.7750254
SC_avg=-0.0020617456891854073
SC_std=0.009862878120113518
SC_avg_abs=0.0061069835302749315
SC_std_abs=0.008014481409301484