conf_id=260
---
run_0
TV=20574.157
FD=23.635779
IGSD=[13.831,15.334,14.028,14.07,14.89,13.973]
SC_pos=0.243429
SC_neg=0.756571
SC_avg=-0.008969251967971716
SC_std=0.029927282708768443
SC_avg_abs=0.023035708214477084
SC_std_abs=0.021105588791905036
---
run_1
TV=16168.253
FD=12.629261
IGSD=[15.142,29.696,16.415,20.039,17.093,15.792]
SC_pos=0.25954
SC_neg=0.74046
SC_avg=-0.003965233238304748
SC_std=0.016896837231294565
SC_avg_abs=0.012347243675950666
SC_std_abs=0.012197202821209271
---
run_2
TV=17868.011
FD=17.138159
IGSD=[18.867,14.905,15.399,17.233,15.287,17.637]
SC_pos=0.24672
SC_neg=0.75328
SC_avg=-0.005960615910974222
SC_std=0.020482255843521507
SC_avg_abs=0.01558600360041928
SC_std_abs=0.014564622832237962
---
run_3
TV=17148.125
FD=14.342888
IGSD=[15.733,14.81,21.381,18.088,16.235,17.576]
SC_pos=0.250479
SC_neg=0.749521
SC_avg=-0.004942953287441823
SC_std=0.021283660463904872
SC_avg_abs=0.015007983250214768
SC_std_abs=0.015880410218438692
---
run_4
TV=18594.528
FD=18.274113
IGSD=[17.114,13.831,14.455,15.497,15.876,18.178]
SC_pos=0.2396
SC_neg=0.7604
SC_avg=-0.007926037805865843
SC_std=0.022765560592712092
SC_avg_abs=0.01837766687253812
SC_std_abs=0.015599813611786358
---
combined
TV_avg=18070.6148
TV_std=1486.8237782126564
FD_avg=17.20404
FD_std=3.785008765156456
IGSD_avg=16.6135
IGSD_std=3.044260662843006
SC_pos_avg=0.2479536
SC_neg_avg=0.7520464
SC_avg=-0.0063528184421116725
SC_std=0.0227556409018998
SC_avg_abs=0.01687092112271997
SC_std_abs=0.01653933237726389