conf_id=223
---
run_0
TV=30568.485
FD=38.42679
IGSD=[9.723,9.269,9.327,9.52,9.456,9.657]
SC_pos=0.161139
SC_neg=0.838861
SC_avg=-0.02112691730267308
SC_std=0.05658460949395724
SC_avg_abs=0.04561685625961948
SC_std_abs=0.03958872429476399
---
run_1
TV=21744.389
FD=22.894762
IGSD=[13.397,12.022,14.241,11.994,13.683,17.782]
SC_pos=0.253461
SC_neg=0.746539
SC_avg=-0.008535189171767668
SC_std=0.02568440821458069
SC_avg_abs=0.020289329964329524
SC_std_abs=0.017913161896483832
---
run_2
TV=23226.106
FD=25.720504
IGSD=[14.404,10.938,10.569,11.506,13.757,14.412]
SC_pos=0.224443
SC_neg=0.775557
SC_avg=-0.009103710429818286
SC_std=0.03292170709784285
SC_avg_abs=0.024039843748011904
SC_std_abs=0.02426524787421945
---
run_3
TV=24957.61
FD=26.728075
IGSD=[13.19,10.92,11.387,13.202,11.111,11.059]
SC_pos=0.215917
SC_neg=0.784083
SC_avg=-0.01298352322819521
SC_std=0.036225257341842336
SC_avg_abs=0.028291715484257275
SC_std_abs=0.026084861123985743
---
run_4
TV=22332.233
FD=22.630564
IGSD=[11.786,17.761,12.36,13.998,11.193,11.308]
SC_pos=0.23287
SC_neg=0.76713
SC_avg=-0.008386997595835676
SC_std=0.030447093318220354
SC_avg_abs=0.02193880076054543
SC_std_abs=0.02271687129404187
---
combined
TV_avg=24565.764600000002
TV_std=3191.54206825181
FD_avg=27.280139000000002
FD_std=5.793705957707484
IGSD_avg=12.164399999999999
IGSD_std=2.183243498406289
SC_pos_avg=0.217566
SC_neg_avg=0.782434
SC_avg=-0.012027267545657989
SC_std=0.03821610087301269
SC_avg_abs=0.028035309243352718
SC_std_abs=0.02862074363430658