conf_id=194
---
run_0
TV=13545.947
FD=10.807011
IGSD=[23.831,20.842,19.821,19.976,21.327,21.483]
SC_pos=0.234681
SC_neg=0.765319
SC_avg=-0.004110722510886535
SC_std=0.014258384298047561
SC_avg_abs=0.010276634804263085
SC_std_abs=0.010704687732583675
---
run_1
TV=14737.723
FD=11.735225
IGSD=[21.059,20.15,18.9,18.465,19.989,21.116]
SC_pos=0.243908
SC_neg=0.756092
SC_avg=-0.004620103509211242
SC_std=0.014046762974725416
SC_avg_abs=0.011104782844317249
SC_std_abs=0.00976425647371576
---
run_2
TV=13533.191
FD=10.79189
IGSD=[19.67,22.35,24.15,20.173,22.824,20.273]
SC_pos=0.233497
SC_neg=0.766503
SC_avg=-0.003409820952832146
SC_std=0.01613593065821899
SC_avg_abs=0.010420981117475421
SC_std_abs=0.012782734045830933
---
run_3
TV=11258.989
FD=8.09511
IGSD=[26.051,22.452,22.575,26.922,23.743,24.684]
SC_pos=0.208318
SC_neg=0.791682
SC_avg=-0.0027014855114634046
SC_std=0.01501131769795861
SC_avg_abs=0.008284656400944366
SC_std_abs=0.012806332469367786
---
run_4
TV=10644.887
FD=7.125426
IGSD=[25.402,23.897,29.171,25.829,23.397,28.393]
SC_pos=0.229355
SC_neg=0.770645
SC_avg=-0.001905166929669126
SC_std=0.012455255210489569
SC_avg_abs=0.006708363554209023
SC_std_abs=0.010665875576477184
---
combined
TV_avg=12744.1474
TV_std=1539.6366957354062
FD_avg=9.710932399999999
FD_std=1.7755755987044426
IGSD_avg=22.630500000000005
IGSD_std=2.746135718301871
SC_pos_avg=0.2299518
SC_neg_avg=0.7700482
SC_avg=-0.003349459882812489
SC_std=0.014464839610909344
SC_avg_abs=0.009359083744241822
SC_std_abs=0.011526405248132246