conf_id=51
---
run_0
TV=12356.039
FD=9.575725
IGSD=[23.68,23.442,22.948,23.111,23.941,22.546]
SC_pos=0.217123
SC_neg=0.782877
SC_avg=-0.003271493863594405
SC_std=0.012963417785683303
SC_avg_abs=0.00874468291590296
SC_std_abs=0.010113525274898996
---
run_1
TV=8943.16
FD=5.598092
IGSD=[30.991,30.352,31.755,32.004,35.953,30.113]
SC_pos=0.222356
SC_neg=0.777644
SC_avg=-0.0017921965064530995
SC_std=0.0070933322984864655
SC_avg_abs=0.0047922351895275436
SC_std_abs=0.005528273989478801
---
run_2
TV=9659.33
FD=6.231441
IGSD=[27.812,32.961,32.066,29.138,28.701,28.783]
SC_pos=0.224398
SC_neg=0.775602
SC_avg=-0.0019750229030722636
SC_std=0.007365994592314463
SC_avg_abs=0.005223292818688274
SC_std_abs=0.005556600033465196
---
run_3
TV=10316.398
FD=6.904889
IGSD=[28.061,28.035,28.832,27.458,26.794,26.066]
SC_pos=0.20851
SC_neg=0.79149
SC_avg=-0.0028354395532737345
SC_std=0.008590375432267984
SC_avg_abs=0.0062544141800478445
SC_std_abs=0.006535791519930771
---
run_4
TV=9017.617
FD=5.447142
IGSD=[32.936,30.623,33.932,32.981,32.649,29.845]
SC_pos=0.224725
SC_neg=0.775275
SC_avg=-0.0018367590680141326
SC_std=0.006818984512987808
SC_avg_abs=0.0048019993071108545
SC_std_abs=0.005178130581281881
---
combined
TV_avg=10058.5088
TV_std=1251.5553730240465
FD_avg=6.7514578
FD_std=1.5034584262393689
IGSD_avg=28.950300000000006
IGSD_std=3.5886032765780436
SC_pos_avg=0.2194224
SC_neg_avg=0.7805776
SC_avg=-0.00234218237888153
SC_std=0.008885000908407749
SC_avg_abs=0.0059633248822555
SC_std_abs=0.006990551894308638