conf_id=111
---
run_0
TV=9692.674
FD=6.50733
IGSD=[27.598,30.705,30.842,26.898,33.574,29.57]
SC_pos=0.238108
SC_neg=0.761892
SC_avg=-0.0019288392762876225
SC_std=0.007951503757455609
SC_avg_abs=0.005510384133555788
SC_std_abs=0.00604834685341681
---
run_1
TV=10284.133
FD=6.545953
IGSD=[28.825,26.721,28.11,29.117,27.555,27.611]
SC_pos=0.22238
SC_neg=0.77762
SC_avg=-0.002220905825888368
SC_std=0.00880280426496494
SC_avg_abs=0.00596451909438677
SC_std_abs=0.006844435520000566
---
run_2
TV=8488.913
FD=5.239462
IGSD=[31.732,30.385,33.298,31.444,36.389,31.767]
SC_pos=0.219744
SC_neg=0.780256
SC_avg=-0.0016802754360787384
SC_std=0.00781699806671179
SC_avg_abs=0.004707305239988535
SC_std_abs=0.006462976225675125
---
run_3
TV=15817.22
FD=13.750879
IGSD=[18.716,18.824,19.734,19.263,17.921,18.083]
SC_pos=0.237544
SC_neg=0.762456
SC_avg=-0.005980149097010847
SC_std=0.01818948184176792
SC_avg_abs=0.014431960756343409
SC_std_abs=0.012583240505603012
---
run_4
TV=14056.575
FD=10.360681
IGSD=[22.432,25.262,21.759,19.368,20.025,18.798]
SC_pos=0.238158
SC_neg=0.761842
SC_avg=-0.0038028546075786927
SC_std=0.012432444889615453
SC_avg_abs=0.009638735100280819
SC_std_abs=0.008724802276631964
---
combined
TV_avg=11667.903
TV_std=2787.2894333209815
FD_avg=8.480861
FD_std=3.1449061673235974
IGSD_avg=26.077533333333335
IGSD_std=5.485405240170401
SC_pos_avg=0.2311868
SC_neg_avg=0.7688132
SC_avg=-0.0031226048485688547
SC_std=0.01183377302200832
SC_avg_abs=0.008050580864911073
SC_std_abs=0.009218296627590446