conf_id=116
---
run_0
TV=11405.558
FD=7.801106
IGSD=[23.934,22.368,23.998,23.469,24.948,27.329]
SC_pos=0.217276
SC_neg=0.782724
SC_avg=-0.0023648079967595486
SC_std=0.011209541970362263
SC_avg_abs=0.0069675868481780855
SC_std_abs=0.009093892541697794
---
run_1
TV=13345.112
FD=9.082135
IGSD=[23.836,21.651,21.,22.317,22.761,20.298]
SC_pos=0.205396
SC_neg=0.794604
SC_avg=-0.004092588517095592
SC_std=0.012520450844748999
SC_avg_abs=0.009309226961124276
SC_std_abs=0.009319295226159307
---
run_2
TV=7735.522
FD=4.815661
IGSD=[36.254,32.524,34.754,33.002,42.385,41.399]
SC_pos=0.232383
SC_neg=0.767617
SC_avg=-0.0011412368244000132
SC_std=0.0053866953403668314
SC_avg_abs=0.0034127782414336764
SC_std_abs=0.0043210939418269105
---
run_3
TV=8714.003
FD=5.458461
IGSD=[33.105,30.984,32.867,32.736,33.881,32.341]
SC_pos=0.211824
SC_neg=0.788176
SC_avg=-0.0016796368810620232
SC_std=0.006796767208260375
SC_avg_abs=0.004491171274112171
SC_std_abs=0.0053709035666354085
---
run_4
TV=14401.937
FD=11.206793
IGSD=[20.206,20.3,19.826,20.986,19.421,19.57]
SC_pos=0.191361
SC_neg=0.808639
SC_avg=-0.004952997820323284
SC_std=0.014500839063494883
SC_avg_abs=0.01094820449181187
SC_std_abs=0.010721163153267313
---
combined
TV_avg=11120.4264
TV_std=2570.8865880581034
FD_avg=7.672831199999999
FD_std=2.3476939563445995
IGSD_avg=27.148333333333337
IGSD_std=6.731599395553943
SC_pos_avg=0.211648
SC_neg_avg=0.788352
SC_avg=-0.002846253607928094
SC_std=0.010755407698808823
SC_avg_abs=0.007025793563332017
SC_std_abs=0.008626597195515874