conf_id=216
---
run_0
TV=10590.687
FD=7.549928
IGSD=[26.364,28.058,28.781,26.336,28.846,27.105]
SC_pos=0.233846
SC_neg=0.766154
SC_avg=-0.0025041235051312164
SC_std=0.008893605959559448
SC_avg_abs=0.006543197338522231
SC_std_abs=0.006523299018289569
---
run_1
TV=8580.138
FD=5.485992
IGSD=[33.178,29.259,30.547,35.76,37.031,37.778]
SC_pos=0.229268
SC_neg=0.770732
SC_avg=-0.0015243939093263854
SC_std=0.0061080843423645045
SC_avg_abs=0.004152168872741472
SC_std_abs=0.004732014874920261
---
run_2
TV=8849.883
FD=5.586337
IGSD=[32.049,28.808,29.418,33.631,35.031,37.031]
SC_pos=0.230132
SC_neg=0.769868
SC_avg=-0.0017491149221274338
SC_std=0.006223731876250379
SC_avg_abs=0.004388288835554019
SC_std_abs=0.004747332153327366
---
run_3
TV=11501.626
FD=7.918081
IGSD=[28.087,23.758,23.803,27.249,25.385,25.107]
SC_pos=0.230662
SC_neg=0.769338
SC_avg=-0.0030058058248296046
SC_std=0.010060914314429386
SC_avg_abs=0.007544458751510398
SC_std_abs=0.007303287454676006
---
run_4
TV=10190.838
FD=7.005294
IGSD=[29.297,28.154,26.622,29.682,29.727,27.407]
SC_pos=0.228473
SC_neg=0.771527
SC_avg=-0.0025387512243493365
SC_std=0.009023938530235242
SC_avg_abs=0.006489741431250171
SC_std_abs=0.006764612371164695
---
combined
TV_avg=9942.6344
TV_std=1092.0196033501595
FD_avg=6.709126400000001
FD_std=1.001293922874717
IGSD_avg=29.642966666666666
IGSD_std=3.8374552894970497
SC_pos_avg=0.2304762
SC_neg_avg=0.7695238
SC_avg=-0.0022644378771527972
SC_std=0.008237581798967502
SC_avg_abs=0.0058235710459156554
SC_std_abs=0.006250716204351131