conf_id=96
---
run_0
TV=9283.496
FD=5.68141
IGSD=[31.293,29.639,29.511,28.552,30.304,28.138]
SC_pos=0.197992
SC_neg=0.802008
SC_avg=-0.002357211379901553
SC_std=0.007918008742802017
SC_avg_abs=0.005237788011414338
SC_std_abs=0.006388809332583869
---
run_1
TV=8931.943
FD=5.468894
IGSD=[32.44,32.708,30.349,31.646,30.326,29.458]
SC_pos=0.199515
SC_neg=0.800485
SC_avg=-0.0019374673591128217
SC_std=0.007973834026009027
SC_avg_abs=0.004813631966327674
SC_std_abs=0.006645656937783904
---
run_2
TV=13029.553
FD=9.639937
IGSD=[23.006,20.961,21.095,20.162,19.378,19.508]
SC_pos=0.182014
SC_neg=0.817986
SC_avg=-0.004916155929262595
SC_std=0.014567140029291503
SC_avg_abs=0.009928390278504211
SC_std_abs=0.011738706241810195
---
run_3
TV=9675.821
FD=6.0037
IGSD=[28.046,27.53,27.402,31.218,28.564,26.9]
SC_pos=0.194485
SC_neg=0.805515
SC_avg=-0.002459805502212464
SC_std=0.009637369158469132
SC_avg_abs=0.005879293302683321
SC_std_abs=0.008022682697598715
---
run_4
TV=9691.245
FD=6.162888
IGSD=[29.05,28.546,29.192,28.865,30.34,27.073]
SC_pos=0.210794
SC_neg=0.789206
SC_avg=-0.0019648771313589912
SC_std=0.009622492581343208
SC_avg_abs=0.005797751628831425
SC_std_abs=0.007927116857327459
---
combined
TV_avg=10122.4116
TV_std=1480.3927716702215
FD_avg=6.5913658
FD_std=1.5434178422449831
IGSD_avg=27.706666666666667
IGSD_std=3.827587537281879
SC_pos_avg=0.19696
SC_neg_avg=0.80304
SC_avg=-0.0027271034603696853
SC_std=0.010297130096714055
SC_avg_abs=0.006331371037552194
SC_std_abs=0.008566313226648902