conf_id=271
---
run_0
TV=14191.125
FD=11.614281
IGSD=[20.347,22.271,20.519,21.352,19.06,21.263]
SC_pos=0.231255
SC_neg=0.768745
SC_avg=-0.004296529400233102
SC_std=0.014921511232264345
SC_avg_abs=0.010987418857304289
SC_std_abs=0.010972159732514494
---
run_1
TV=13881.692
FD=9.939682
IGSD=[22.171,19.655,17.494,20.377,29.072,18.233]
SC_pos=0.244737
SC_neg=0.755263
SC_avg=-0.0037532364326963554
SC_std=0.014538908951483407
SC_avg_abs=0.0102345211248001
SC_std_abs=0.01098732153735678
---
run_2
TV=13102.139
FD=9.627493
IGSD=[21.491,18.794,19.062,21.065,28.992,24.767]
SC_pos=0.228342
SC_neg=0.771658
SC_avg=-0.003094265234529571
SC_std=0.013206450810385077
SC_avg_abs=0.009095992967061456
SC_std_abs=0.010062193214797037
---
run_3
TV=10543.514
FD=6.975207
IGSD=[21.443,25.988,31.635,28.548,30.752,27.349]
SC_pos=0.237545
SC_neg=0.762455
SC_avg=-0.0015369274134632155
SC_std=0.008490928404396726
SC_avg_abs=0.005495630341943314
SC_std_abs=0.0066525226935019045
---
run_4
TV=14211.537
FD=12.053268
IGSD=[17.3,27.406,24.527,18.928,19.286,18.277]
SC_pos=0.235445
SC_neg=0.764555
SC_avg=-0.0034780032581368065
SC_std=0.015136198538315155
SC_avg_abs=0.010080311537156711
SC_std_abs=0.011814750618137028
---
combined
TV_avg=13186.0014
TV_std=1380.9963570093298
FD_avg=10.0419862
FD_std=1.7947016933660478
IGSD_avg=22.5808
IGSD_std=4.160293935128462
SC_pos_avg=0.2354648
SC_neg_avg=0.7645352
SC_avg=-0.0032317923478118104
SC_std=0.01352035321217989
SC_avg_abs=0.00917877496565317
SC_std_abs=0.010440044199685018