conf_id=2
---
run_0
TV=24075.233
FD=29.51472
IGSD=[13.023,11.692,11.704,12.726,13.494,11.309]
SC_pos=0.23445
SC_neg=0.76555
SC_avg=-0.011099546426490673
SC_std=0.03542287004822888
SC_avg_abs=0.027312210561352086
SC_std_abs=0.025140063794268707
---
run_1
TV=22979.597
FD=18.586434
IGSD=[12.461,11.166,13.415,10.81,17.294,13.151]
SC_pos=0.240015
SC_neg=0.759985
SC_avg=-0.009530791433291066
SC_std=0.03155471925634273
SC_avg_abs=0.023734745388162514
SC_std_abs=0.022873525177606508
---
run_2
TV=20813.195
FD=19.512941
IGSD=[10.693,15.664,21.821,13.619,10.779,14.418]
SC_pos=0.257059
SC_neg=0.742941
SC_avg=-0.005538803634583941
SC_std=0.0278773947932705
SC_avg_abs=0.019556735416251716
SC_std_abs=0.020624296012738758
---
run_3
TV=23906.597
FD=29.534412
IGSD=[11.905,14.501,11.557,12.354,12.815,11.395]
SC_pos=0.237532
SC_neg=0.762468
SC_avg=-0.010457567879365817
SC_std=0.034823875157723
SC_avg_abs=0.026291341410866937
SC_std_abs=0.02511629697565812
---
run_4
TV=22884.743
FD=17.409775
IGSD=[11.372,12.639,15.647,11.728,12.17,14.64]
SC_pos=0.23985
SC_neg=0.76015
SC_avg=-0.009088392632586303
SC_std=0.03110703638755161
SC_avg_abs=0.02296450331449777
SC_std_abs=0.022866529710013506
---
combined
TV_avg=22931.873
TV_std=1161.9513114185124
FD_avg=22.911656400000002
FD_std=5.4404201080854255
IGSD_avg=13.065400000000002
IGSD_std=2.268821112384139
SC_pos_avg=0.2417812
SC_neg_avg=0.7582188
SC_avg=-0.009143020401263554
SC_std=0.032331652980645775
SC_avg_abs=0.02397190721822621
SC_std_abs=0.023543115147311673