conf_id=26
---
run_0
TV=14671.294
FD=11.533476
IGSD=[19.134,20.52,20.643,21.078,19.992,19.292]
SC_pos=0.23324
SC_neg=0.76676
SC_avg=-0.004935450820034553
SC_std=0.015213482033511992
SC_avg_abs=0.011745746285203001
SC_std_abs=0.010855696872362082
---
run_1
TV=17861.75
FD=15.984413
IGSD=[16.812,16.719,18.1,17.826,15.511,15.431]
SC_pos=0.240651
SC_neg=0.759349
SC_avg=-0.006748421859782293
SC_std=0.020669272944824645
SC_avg_abs=0.01646997264134223
SC_std_abs=0.014195071076211147
---
run_2
TV=19803.183
FD=20.549933
IGSD=[16.098,14.503,14.537,15.873,14.728,14.824]
SC_pos=0.237536
SC_neg=0.762464
SC_avg=-0.008891566345926808
SC_std=0.025472689592820827
SC_avg_abs=0.020413958769362476
SC_std_abs=0.017640525914467218
---
run_3
TV=12581.179
FD=9.005221
IGSD=[21.272,22.116,21.027,25.242,23.533,21.535]
SC_pos=0.211205
SC_neg=0.788795
SC_avg=-0.004105542815387333
SC_std=0.011506834874819747
SC_avg_abs=0.008479553473455002
SC_std_abs=0.008795447887183675
---
run_4
TV=11555.172
FD=8.4922
IGSD=[25.207,24.334,24.104,25.634,25.98,23.913]
SC_pos=0.231089
SC_neg=0.768911
SC_avg=-0.0028499628935736796
SC_std=0.012145471050293802
SC_avg_abs=0.008160319410218884
SC_std_abs=0.009436309800524597
---
combined
TV_avg=15294.515600000002
TV_std=3119.361005553323
FD_avg=13.113048599999999
FD_std=4.566695130412477
IGSD_avg=19.8506
IGSD_std=3.71772032837329
SC_pos_avg=0.2307442
SC_neg_avg=0.7692558
SC_avg=-0.005506188946940937
SC_std=0.017943207750003812
SC_avg_abs=0.013053910115916322
SC_std_abs=0.013486002067506485