conf_id=250
---
run_0
TV=13255.349
FD=9.811488
IGSD=[23.795,22.098,20.643,20.27,20.34,21.117]
SC_pos=0.200169
SC_neg=0.799831
SC_avg=-0.0038605895513081456
SC_std=0.015141899186297936
SC_avg_abs=0.009931313819032875
SC_std_abs=0.012064421597389834
---
run_1
TV=13461.655
FD=8.874905
IGSD=[20.611,21.421,22.011,21.256,21.46,21.134]
SC_pos=0.206723
SC_neg=0.793277
SC_avg=-0.004387826508482283
SC_std=0.014261911731219141
SC_avg_abs=0.00987677590580177
SC_std_abs=0.01118500985266439
---
run_2
TV=14035.212
FD=8.748374
IGSD=[20.47,20.173,20.295,21.153,19.911,21.774]
SC_pos=0.20947
SC_neg=0.79053
SC_avg=-0.0044153438129532
SC_std=0.01491096801080091
SC_avg_abs=0.010392713764310736
SC_std_abs=0.011568220633218333
---
run_3
TV=12165.232
FD=8.890617
IGSD=[23.496,22.533,23.502,21.784,21.819,21.85]
SC_pos=0.183774
SC_neg=0.816226
SC_avg=-0.0036402959636896797
SC_std=0.015160294198068771
SC_avg_abs=0.009101412872487351
SC_std_abs=0.012659010964517513
---
run_4
TV=16195.683
FD=14.370119
IGSD=[17.251,19.119,17.555,17.794,16.397,18.422]
SC_pos=0.234094
SC_neg=0.765906
SC_avg=-0.004535686016847369
SC_std=0.01773396181918199
SC_avg_abs=0.012290153437363447
SC_std_abs=0.013565322625492277
---
combined
TV_avg=13822.626200000002
TV_std=1332.3400813193907
FD_avg=10.1391006
FD_std=2.14941243167956
IGSD_avg=20.71513333333333
IGSD_std=1.7984268446493883
SC_pos_avg=0.206846
SC_neg_avg=0.793154
SC_avg=-0.004167948370656139
SC_std=0.015491686767912813
SC_avg_abs=0.010318473959799249
SC_std_abs=0.01228386126901981