conf_id=211
---
run_0
TV=11210.794
FD=8.688598
IGSD=[21.199,31.081,29.038,24.304,26.904,24.008]
SC_pos=0.24904
SC_neg=0.75096
SC_avg=-0.0023230647061434724
SC_std=0.009402170085038068
SC_avg_abs=0.006882268439032145
SC_std_abs=0.006814089305990663
---
run_1
TV=14102.062
FD=10.747398
IGSD=[23.869,18.699,20.482,19.502,19.253,23.947]
SC_pos=0.232746
SC_neg=0.767254
SC_avg=-0.004362901515838744
SC_std=0.013163895430140932
SC_avg_abs=0.010210831131694324
SC_std_abs=0.00938413449033076
---
run_2
TV=11622.706
FD=8.49957
IGSD=[26.029,23.354,24.886,24.223,26.112,25.071]
SC_pos=0.236314
SC_neg=0.763686
SC_avg=-0.0029790212156192947
SC_std=0.012076827000914865
SC_avg_abs=0.00824285079019536
SC_std_abs=0.009315563786680428
---
run_3
TV=10979.202
FD=8.430434
IGSD=[25.244,26.123,26.964,26.249,27.198,24.797]
SC_pos=0.216911
SC_neg=0.783089
SC_avg=-0.0026066735687606396
SC_std=0.01088915453972041
SC_avg_abs=0.007283820762981633
SC_std_abs=0.008503786731612369
---
run_4
TV=12538.016
FD=9.26422
IGSD=[25.608,20.982,22.507,26.499,22.898,23.074]
SC_pos=0.23895
SC_neg=0.76105
SC_avg=-0.0037373866873081896
SC_std=0.010828365573766152
SC_avg_abs=0.008713942837044408
SC_std_abs=0.007435641228724984
---
combined
TV_avg=12090.556
TV_std=1137.9234905823855
FD_avg=9.126044
FD_std=0.862042150707725
IGSD_avg=24.336799999999993
IGSD_std=2.8031526465749232
SC_pos_avg=0.2347922
SC_neg_avg=0.7652078
SC_avg=-0.0032018095387340685
SC_std=0.011368173772463038
SC_avg_abs=0.008266742792189571
SC_std_abs=0.008434922812392937