conf_id=267
---
run_0
TV=10081.158
FD=6.939217
IGSD=[30.424,29.568,29.481,27.62,28.572,26.439]
SC_pos=0.2407
SC_neg=0.7593
SC_avg=-0.0020692379857757664
SC_std=0.008917609557536827
SC_avg_abs=0.006015047451608854
SC_std_abs=0.0069010658754531115
---
run_1
TV=14615.682
FD=12.544625
IGSD=[19.367,18.562,19.92,20.056,21.308,19.238]
SC_pos=0.233568
SC_neg=0.766432
SC_avg=-0.00466238503095556
SC_std=0.016565622709039787
SC_avg_abs=0.01170963435920514
SC_std_abs=0.012611191580848164
---
run_2
TV=13518.095
FD=9.7205
IGSD=[21.506,21.224,20.639,21.194,21.161,20.981]
SC_pos=0.209551
SC_neg=0.790449
SC_avg=-0.004218448199506171
SC_std=0.015437954787741048
SC_avg_abs=0.010291941527230465
SC_std_abs=0.012255680023577747
---
run_3
TV=14307.763
FD=11.906487
IGSD=[18.274,25.341,20.731,20.468,20.837,19.583]
SC_pos=0.245047
SC_neg=0.754953
SC_avg=-0.004078439829986721
SC_std=0.012914917395644753
SC_avg_abs=0.010125495423901568
SC_std_abs=0.008994615344954885
---
run_4
TV=12760.008
FD=9.701096
IGSD=[18.95,23.89,24.793,19.76,24.674,27.394]
SC_pos=0.250471
SC_neg=0.749529
SC_avg=-0.002787693556172997
SC_std=0.00975897761191929
SC_avg_abs=0.007503266513232572
SC_std_abs=0.00683446201426806
---
combined
TV_avg=13056.5412
TV_std=1621.7487513704957
FD_avg=10.162384999999999
FD_std=1.9755414981707673
IGSD_avg=22.731833333333334
IGSD_std=3.6551719255810053
SC_pos_avg=0.2358674
SC_neg_avg=0.7641326
SC_avg=-0.003563240920479448
SC_std=0.013107579197602895
SC_avg_abs=0.009129077055035725
SC_std_abs=0.010058094769986588