conf_id=215
---
run_0
TV=9812.734
FD=7.011244
IGSD=[26.658,29.266,30.376,28.338,25.625,26.955]
SC_pos=0.202637
SC_neg=0.797363
SC_avg=-0.0021441626992157814
SC_std=0.010351873072053324
SC_avg_abs=0.005885503929616213
SC_std_abs=0.008781773925300235
---
run_1
TV=9014.638
FD=6.484236
IGSD=[30.049,29.715,28.351,32.335,29.339,29.743]
SC_pos=0.200799
SC_neg=0.799201
SC_avg=-0.0021593387566608683
SC_std=0.010014834379231499
SC_avg_abs=0.005613032448725504
SC_std_abs=0.00857050279966172
---
run_2
TV=13293.058
FD=10.153827
IGSD=[21.944,22.898,20.474,22.077,21.349,21.739]
SC_pos=0.212506
SC_neg=0.787494
SC_avg=-0.0040946037174012535
SC_std=0.014265852848953878
SC_avg_abs=0.009993754367563973
SC_std_abs=0.01097293081867181
---
run_3
TV=9038.571
FD=6.047422
IGSD=[26.909,27.127,26.5,32.03,30.926,35.429]
SC_pos=0.195282
SC_neg=0.804718
SC_avg=-0.0018787129790485205
SC_std=0.010002790927380103
SC_avg_abs=0.005238339764378697
SC_std_abs=0.008726120862528323
---
run_4
TV=9225.291
FD=6.40211
IGSD=[29.963,28.338,28.155,30.566,28.291,30.033]
SC_pos=0.207434
SC_neg=0.792566
SC_avg=-0.00197700992654423
SC_std=0.010182404991124086
SC_avg_abs=0.005464776124574482
SC_std_abs=0.008816244186795412
---
combined
TV_avg=10076.858400000001
TV_std=1633.7209985571715
FD_avg=7.2197678
FD_std=1.4990764854243293
IGSD_avg=27.716600000000003
IGSD_std=3.56475900634718
SC_pos_avg=0.2037316
SC_neg_avg=0.7962684
SC_avg=-0.0024507656157741324
SC_std=0.011118837765978684
SC_avg_abs=0.006439081326971774
SC_std_abs=0.009390049895195348