conf_id=277
---
run_0
TV=8014.698
FD=5.433805
IGSD=[33.692,32.85,32.744,33.34,33.113,32.379]
SC_pos=0.177911
SC_neg=0.822089
SC_avg=-0.0015017290490047732
SC_std=0.008898511572677724
SC_avg_abs=0.004422750068318141
SC_std_abs=0.007866255791600985
---
run_1
TV=9121.14
FD=6.193749
IGSD=[32.749,30.063,31.931,29.948,28.845,28.298]
SC_pos=0.207956
SC_neg=0.792044
SC_avg=-0.0018119746927185423
SC_std=0.009425830050764977
SC_avg_abs=0.005271865123320954
SC_std_abs=0.008021032511744899
---
run_2
TV=9863.538
FD=6.541442
IGSD=[26.14,30.945,32.914,25.867,25.121,29.466]
SC_pos=0.224015
SC_neg=0.775985
SC_avg=-0.001373807877199372
SC_std=0.00975833205841244
SC_avg_abs=0.005409196333340548
SC_std_abs=0.008237292496510621
---
run_3
TV=9882.953
FD=6.064518
IGSD=[25.33,40.623,28.06,24.566,41.527,26.404]
SC_pos=0.266786
SC_neg=0.733214
SC_avg=-0.0015750839184709383
SC_std=0.007994007852187898
SC_avg_abs=0.005368166135758383
SC_std_abs=0.0061292612303575755
---
run_4
TV=8715.601
FD=5.806629
IGSD=[32.903,30.611,31.488,31.748,31.224,31.182]
SC_pos=0.200793
SC_neg=0.799207
SC_avg=-0.0018194577732553686
SC_std=0.009023396454127709
SC_avg_abs=0.004876440239462876
SC_std_abs=0.007807204413102756
---
combined
TV_avg=9119.586
TV_std=709.9545820231036
FD_avg=6.0080286
FD_std=0.37215790096817764
IGSD_avg=30.869033333333334
IGSD_std=3.8506654012290165
SC_pos_avg=0.2154922
SC_neg_avg=0.7845078
SC_avg=-0.0016164106621297982
SC_std=0.00904139214202341
SC_avg_abs=0.0050696835800401775
SC_std_abs=0.007658842190093775