conf_id=102
---
run_0
TV=19824.091
FD=20.212898
IGSD=[15.246,15.855,14.,15.132,13.875,15.876]
SC_pos=0.239458
SC_neg=0.760542
SC_avg=-0.00831436462795374
SC_std=0.0270537890022096
SC_avg_abs=0.02081189789783838
SC_std_abs=0.01918074723342643
---
run_1
TV=18039.402
FD=16.174939
IGSD=[16.302,15.501,15.816,13.168,17.478,21.285]
SC_pos=0.251639
SC_neg=0.748361
SC_avg=-0.006143061258943674
SC_std=0.01999867924821057
SC_avg_abs=0.01563360895256201
SC_std_abs=0.013902325144461113
---
run_2
TV=17293.135
FD=16.255145
IGSD=[16.114,18.551,15.561,15.646,18.565,19.346]
SC_pos=0.251673
SC_neg=0.748327
SC_avg=-0.00644339795572564
SC_std=0.022990618423591774
SC_avg_abs=0.01771600627128697
SC_std_abs=0.016007155728322488
---
run_3
TV=15706.946
FD=11.24201
IGSD=[17.074,30.218,16.927,14.95,25.473,15.298]
SC_pos=0.276706
SC_neg=0.723294
SC_avg=-0.003783386009950522
SC_std=0.017930749244881486
SC_avg_abs=0.013096102093783769
SC_std_abs=0.012818653912650094
---
run_4
TV=18704.681
FD=18.219535
IGSD=[14.424,15.44,17.041,15.205,15.404,15.381]
SC_pos=0.238346
SC_neg=0.761654
SC_avg=-0.008218640320889377
SC_std=0.031125745405853517
SC_avg_abs=0.022859664863740883
SC_std_abs=0.022667020053628816
---
combined
TV_avg=17913.650999999998
TV_std=1381.7315102278014
FD_avg=16.4209054
FD_std=2.984064672916095
IGSD_avg=16.871733333333335
IGSD_std=3.4202767230477447
SC_pos_avg=0.2515644
SC_neg_avg=0.7484356
SC_avg=-0.006580570034692595
SC_std=0.024349418016172093
SC_avg_abs=0.018023456015842418
SC_std_abs=0.017645200280891546