conf_id=150
---
run_0
TV=9054.598
FD=6.351956
IGSD=[30.632,31.184,30.324,30.848,27.436,29.596]
SC_pos=0.216078
SC_neg=0.783922
SC_avg=-0.0018597795875289554
SC_std=0.010080207971996283
SC_avg_abs=0.005379897881777118
SC_std_abs=0.008725025596210986
---
run_1
TV=9319.092
FD=6.67716
IGSD=[33.693,28.784,31.371,30.821,27.756,29.465]
SC_pos=0.235221
SC_neg=0.764779
SC_avg=-0.001963832048909833
SC_std=0.009012968441607266
SC_avg_abs=0.005619700514118356
SC_std_abs=0.007314998467351296
---
run_2
TV=10662.928
FD=6.974545
IGSD=[27.77,27.508,26.996,30.658,22.878,23.698]
SC_pos=0.214809
SC_neg=0.785191
SC_avg=-0.00263655122038408
SC_std=0.010217150878764026
SC_avg_abs=0.006520571998147933
SC_std_abs=0.008296005980838395
---
run_3
TV=9958.053
FD=7.275906
IGSD=[27.463,28.413,29.065,28.318,26.308,27.164]
SC_pos=0.210385
SC_neg=0.789615
SC_avg=-0.0023985532995121454
SC_std=0.010383591628949515
SC_avg_abs=0.006133288798212416
SC_std_abs=0.008715205193517424
---
run_4
TV=8742.444
FD=6.120907
IGSD=[34.,29.414,31.022,31.151,35.468,30.698]
SC_pos=0.225005
SC_neg=0.774995
SC_avg=-0.0019443581366652117
SC_std=0.00879473955157505
SC_avg_abs=0.0053644057421020405
SC_std_abs=0.0072354076165588215
---
combined
TV_avg=9547.423
TV_std=686.4358846319152
FD_avg=6.680094800000001
FD_std=0.4152268264721825
IGSD_avg=29.33006666666666
IGSD_std=2.667081350257035
SC_pos_avg=0.2202996
SC_neg_avg=0.7797004
SC_avg=-0.002160614858600045
SC_std=0.009724812659283339
SC_avg_abs=0.005803572986871575
SC_std_abs=0.00809683755619534