conf_id=226
---
run_0
TV=17827.85
FD=16.999973
IGSD=[16.979,14.941,15.58,15.051,18.582,16.036]
SC_pos=0.201521
SC_neg=0.798479
SC_avg=-0.007836283630650413
SC_std=0.023567402276170442
SC_avg_abs=0.017161164257420657
SC_std_abs=0.01795339055768216
---
run_1
TV=14457.738
FD=12.809304
IGSD=[18.743,20.666,23.343,19.725,20.051,19.672]
SC_pos=0.243131
SC_neg=0.756869
SC_avg=-0.0044588951246302775
SC_std=0.016261915498377612
SC_avg_abs=0.01218408177867723
SC_std_abs=0.011656748801416759
---
run_2
TV=13708.528
FD=11.430016
IGSD=[19.535,22.278,24.662,19.676,23.699,19.613]
SC_pos=0.237656
SC_neg=0.762344
SC_avg=-0.0038029268569681595
SC_std=0.01169707469808283
SC_avg_abs=0.009226701696334313
SC_std_abs=0.008133374759522687
---
run_3
TV=13353.798
FD=10.537587
IGSD=[20.321,20.904,21.628,21.356,22.045,19.889]
SC_pos=0.211073
SC_neg=0.788927
SC_avg=-0.004014645636255178
SC_std=0.01700369468188868
SC_avg_abs=0.010998063136154462
SC_std_abs=0.013575183964600716
---
run_4
TV=12834.684
FD=8.953538
IGSD=[19.785,29.408,21.757,19.451,20.937,23.878]
SC_pos=0.242794
SC_neg=0.757206
SC_avg=-0.0032294827554376847
SC_std=0.01132713175964553
SC_avg_abs=0.008090823083705376
SC_std_abs=0.008559909730611657
---
combined
TV_avg=14436.5196
TV_std=1775.9339641251972
FD_avg=12.1460836
FD_std=2.7310241717886425
IGSD_avg=20.3397
IGSD_std=2.9717499799500855
SC_pos_avg=0.227235
SC_neg_avg=0.772765
SC_avg=-0.004668446800788343
SC_std=0.016658029591139076
SC_avg_abs=0.011532166790458417
SC_std_abs=0.012895482717141842