conf_id=200
---
run_0
TV=20111.439
FD=17.062826
IGSD=[13.021,12.048,18.922,12.831,11.795,20.555]
SC_pos=0.26563
SC_neg=0.73437
SC_avg=-0.005093114112992276
SC_std=0.02860338997721618
SC_avg_abs=0.019131389365463648
SC_std_abs=0.021865124525227306
---
run_1
TV=21063.59
FD=20.456266
IGSD=[12.308,15.94,12.154,11.448,18.593,13.226]
SC_pos=0.250091
SC_neg=0.749909
SC_avg=-0.004993680245546982
SC_std=0.029905824868424007
SC_avg_abs=0.0199220654696214
SC_std_abs=0.022856213835185685
---
run_2
TV=26619.109
FD=22.907054
IGSD=[12.326,10.41,10.797,12.388,10.363,10.716]
SC_pos=0.196709
SC_neg=0.803291
SC_avg=-0.016879085697177266
SC_std=0.03847255007143048
SC_avg_abs=0.03261608440568865
SC_std_abs=0.02648077946383705
---
run_3
TV=22400.922
FD=21.389623
IGSD=[12.608,11.513,13.846,11.188,13.788,15.799]
SC_pos=0.24169
SC_neg=0.75831
SC_avg=-0.009055940157937264
SC_std=0.027022302918620712
SC_avg_abs=0.02071311059207346
SC_std_abs=0.019575034017093623
---
run_4
TV=25578.439
FD=23.119993
IGSD=[11.787,12.865,10.967,13.013,10.26,10.563]
SC_pos=0.21308
SC_neg=0.78692
SC_avg=-0.013717912889999153
SC_std=0.03823179279986799
SC_avg_abs=0.03015047662866122
SC_std_abs=0.0272176390198378
---
combined
TV_avg=23154.6998
TV_std=2532.9429633889035
FD_avg=20.987152400000003
FD_std=2.194501848985195
IGSD_avg=12.934599999999996
IGSD_std=2.5588796194167998
SC_pos_avg=0.23344
SC_neg_avg=0.76656
SC_avg=-0.00994794662073059
SC_std=0.033153242339350825
SC_avg_abs=0.02450662529230165
SC_std_abs=0.024444312965664416