conf_id=40
---
run_0
TV=14525.64
FD=11.934066
IGSD=[19.451,21.417,19.508,18.534,19.664,22.58]
SC_pos=0.25392
SC_neg=0.74608
SC_avg=-0.003358444724067831
SC_std=0.01160019821820321
SC_avg_abs=0.00900965612150069
SC_std_abs=0.008041756415020855
---
run_1
TV=16012.192
FD=15.25166
IGSD=[17.681,19.587,16.808,17.434,19.024,20.511]
SC_pos=0.241393
SC_neg=0.758607
SC_avg=-0.005539785540217481
SC_std=0.01948777886507209
SC_avg_abs=0.014698121964543459
SC_std_abs=0.013943742669776927
---
run_2
TV=14200.367
FD=11.75359
IGSD=[23.243,18.34,18.418,20.584,23.906,22.541]
SC_pos=0.245935
SC_neg=0.754065
SC_avg=-0.003739853582214766
SC_std=0.012127467093257311
SC_avg_abs=0.009622074833445333
SC_std_abs=0.008275121679710912
---
run_3
TV=14776.01
FD=14.532536
IGSD=[19.753,19.695,19.163,19.839,18.515,20.79]
SC_pos=0.227839
SC_neg=0.772161
SC_avg=-0.004414834169725847
SC_std=0.017727756563833554
SC_avg_abs=0.012653663764267345
SC_std_abs=0.013177591087660524
---
run_4
TV=13950.542
FD=11.801281
IGSD=[22.831,20.045,21.616,17.412,25.182,21.464]
SC_pos=0.253304
SC_neg=0.746696
SC_avg=-0.003241605951797269
SC_std=0.012969313288382517
SC_avg_abs=0.009724397726031817
SC_std_abs=0.009173177485740154
---
combined
TV_avg=14692.950200000001
TV_std=716.8122075713832
FD_avg=13.0546266
FD_std=1.5185782456742358
IGSD_avg=20.184533333333334
IGSD_std=2.015320300983334
SC_pos_avg=0.2444782
SC_neg_avg=0.7555218
SC_avg=-0.004058904793604637
SC_std=0.015149060239765052
SC_avg_abs=0.01114158288195774
SC_std_abs=0.011037837884116785