conf_id=285
---
run_0
TV=14654.292
FD=10.582215
IGSD=[21.118,19.212,19.851,22.124,18.578,18.085]
SC_pos=0.221452
SC_neg=0.778548
SC_avg=-0.004631784307505866
SC_std=0.013783488260531393
SC_avg_abs=0.010392366190603661
SC_std_abs=0.010170383447041818
---
run_1
TV=13152.297
FD=11.179634
IGSD=[25.5,21.922,21.288,21.937,20.464,21.939]
SC_pos=0.24048
SC_neg=0.75952
SC_avg=-0.0036940173845240063
SC_std=0.013729973163217033
SC_avg_abs=0.01006830374119438
SC_std_abs=0.010039282209146082
---
run_2
TV=10972.807
FD=7.921578
IGSD=[30.207,25.661,26.651,25.508,23.715,23.396]
SC_pos=0.224218
SC_neg=0.775782
SC_avg=-0.002997346352964309
SC_std=0.011779213753677912
SC_avg_abs=0.007451443603335012
SC_std_abs=0.009602601212212302
---
run_3
TV=13570.917
FD=10.977257
IGSD=[21.206,20.451,20.247,21.03,21.88,21.745]
SC_pos=0.211119
SC_neg=0.788881
SC_avg=-0.004144586216557954
SC_std=0.015765746901912944
SC_avg_abs=0.010435751901718967
SC_std_abs=0.012523236503692995
---
run_4
TV=15080.637
FD=13.242395
IGSD=[21.03,19.839,19.902,20.355,18.389,17.15]
SC_pos=0.237731
SC_neg=0.762269
SC_avg=-0.0046031621322625005
SC_std=0.01636496711478979
SC_avg_abs=0.012004927189896573
SC_std_abs=0.012036734334915295
---
combined
TV_avg=13486.189999999999
TV_std=1438.2267431027694
FD_avg=10.7806158
FD_std=1.7012759996126907
IGSD_avg=21.679333333333336
IGSD_std=2.758357437961142
SC_pos_avg=0.227
SC_neg_avg=0.773
SC_avg=-0.00401417927876293
SC_std=0.014390964581772915
SC_avg_abs=0.010070558525349708
SC_std_abs=0.011036183573291905