conf_id=214
---
run_0
TV=12181.601
FD=8.579014
IGSD=[25.069,21.762,21.514,26.353,22.82,22.527]
SC_pos=0.201621
SC_neg=0.798379
SC_avg=-0.00370821759646213
SC_std=0.012024629019201037
SC_avg_abs=0.008510388947278878
SC_std_abs=0.009269080901478667
---
run_1
TV=11975.71
FD=7.955727
IGSD=[24.932,22.946,23.052,25.142,24.319,24.89]
SC_pos=0.223031
SC_neg=0.776969
SC_avg=-0.0032888464326339298
SC_std=0.012402927557251345
SC_avg_abs=0.008458311657830632
SC_std_abs=0.009649149534900998
---
run_2
TV=13221.271
FD=10.493092
IGSD=[26.135,25.875,21.428,21.685,20.299,19.962]
SC_pos=0.248806
SC_neg=0.751194
SC_avg=-0.0036633203892659184
SC_std=0.011936737639771667
SC_avg_abs=0.009383749290961639
SC_std_abs=0.00823716401436381
---
run_3
TV=12094.631
FD=9.22805
IGSD=[26.35,23.194,25.575,26.031,22.488,21.707]
SC_pos=0.241936
SC_neg=0.758064
SC_avg=-0.0030429146198651426
SC_std=0.010918290689794729
SC_avg_abs=0.007923268430510885
SC_std_abs=0.008104950237275784
---
run_4
TV=10484.619
FD=7.387335
IGSD=[26.083,27.124,29.786,25.35,26.268,25.963]
SC_pos=0.218406
SC_neg=0.781594
SC_avg=-0.0023952689971952082
SC_std=0.009496845541644696
SC_avg_abs=0.006105763754404055
SC_std_abs=0.007658135398789122
---
combined
TV_avg=11991.5664
TV_std=875.220058730283
FD_avg=8.7286436
FD_std=1.0753216036897242
IGSD_avg=24.220966666666666
IGSD_std=2.264290860046229
SC_pos_avg=0.22676
SC_neg_avg=0.77324
SC_avg=-0.003219713607084464
SC_std=0.011414555064638782
SC_avg_abs=0.008076296416197207
SC_std_abs=0.00868516316674798