conf_id=273
---
run_0
TV=10072.569
FD=6.723015
IGSD=[28.617,25.884,25.259,27.675,26.964,26.762]
SC_pos=0.214968
SC_neg=0.785032
SC_avg=-0.0026055588771153413
SC_std=0.009845052064401326
SC_avg_abs=0.0060261877851966825
SC_std_abs=0.008209692320083237
---
run_1
TV=11494.103
FD=8.603524
IGSD=[23.844,28.784,24.247,23.02,26.343,21.346]
SC_pos=0.221628
SC_neg=0.778372
SC_avg=-0.00280305830719859
SC_std=0.012479963245280447
SC_avg_abs=0.007659911086686052
SC_std_abs=0.01024365074673917
---
run_2
TV=16417.927
FD=13.499012
IGSD=[17.311,19.007,17.479,17.899,17.44,17.303]
SC_pos=0.20968
SC_neg=0.79032
SC_avg=-0.0065043906187478955
SC_std=0.01878539292557231
SC_avg_abs=0.014351376094803645
SC_std_abs=0.013756310874464
---
run_3
TV=11605.793
FD=8.632017
IGSD=[24.692,24.66,24.026,27.124,23.413,23.703]
SC_pos=0.222783
SC_neg=0.777217
SC_avg=-0.0032831392070932636
SC_std=0.011495659024810123
SC_avg_abs=0.007930670345787547
SC_std_abs=0.008946152655432249
---
run_4
TV=14321.8
FD=11.851748
IGSD=[20.776,19.603,20.65,19.868,21.285,20.48]
SC_pos=0.220837
SC_neg=0.779163
SC_avg=-0.0047766684888957585
SC_std=0.014021630175866962
SC_avg_abs=0.01084681914723082
SC_std_abs=0.010088071620922385
---
combined
TV_avg=12782.4384
TV_std=2279.2150474044874
FD_avg=9.8618632
FD_std=2.4550682333151888
IGSD_avg=22.848799999999997
IGSD_std=3.555620727805484
SC_pos_avg=0.2179792
SC_neg_avg=0.7820208
SC_avg=-0.003994563099810169
SC_std=0.01374836624982772
SC_avg_abs=0.009362992891940947
SC_std_abs=0.010830903609728531