conf_id=196
---
run_0
TV=9878.089
FD=5.590201
IGSD=[28.543,29.39,30.539,28.283,27.919,27.082]
SC_pos=0.216401
SC_neg=0.783599
SC_avg=-0.002681387041153347
SC_std=0.007164116454063189
SC_avg_abs=0.005394579490190745
SC_std_abs=0.0054233673262888416
---
run_1
TV=11222.955
FD=7.199524
IGSD=[23.669,25.571,24.197,25.862,29.62,24.844]
SC_pos=0.230921
SC_neg=0.769079
SC_avg=-0.0027381474766527067
SC_std=0.010819559945919523
SC_avg_abs=0.007168193801245818
SC_std_abs=0.008554374708593646
---
run_2
TV=9100.489
FD=5.915007
IGSD=[33.795,28.82,30.331,32.089,34.148,30.023]
SC_pos=0.22668
SC_neg=0.77332
SC_avg=-0.002017419284511549
SC_std=0.006954555489484263
SC_avg_abs=0.004891522149842282
SC_std_abs=0.005339366412172623
---
run_3
TV=12067.293
FD=7.905722
IGSD=[22.571,23.53,30.36,24.347,23.711,22.949]
SC_pos=0.237159
SC_neg=0.762841
SC_avg=-0.0030221248328921074
SC_std=0.010196738626402862
SC_avg_abs=0.007672332112262969
SC_std_abs=0.0073649193532514525
---
run_4
TV=14330.844
FD=11.375192
IGSD=[21.146,20.321,20.176,20.128,19.932,21.129]
SC_pos=0.236316
SC_neg=0.763684
SC_avg=-0.004133925772792392
SC_std=0.015300636003898594
SC_avg_abs=0.010925904651001584
SC_std_abs=0.01148143771380471
---
combined
TV_avg=11319.934
TV_std=1824.1920151931372
FD_avg=7.5971292
FD_std=2.068060629077919
IGSD_avg=26.167500000000004
IGSD_std=4.151882069214715
SC_pos_avg=0.2294954
SC_neg_avg=0.7705046
SC_avg=-0.0029186008816004206
SC_std=0.010556750624070323
SC_avg_abs=0.007210506440908676
SC_std_abs=0.008244501907968863