conf_id=210
---
run_0
TV=11056.778
FD=8.349268
IGSD=[22.516,27.744,25.195,22.606,26.559,28.096]
SC_pos=0.230825
SC_neg=0.769175
SC_avg=-0.002090322181676951
SC_std=0.01295224451089714
SC_avg_abs=0.006989712916800101
SC_std_abs=0.011102882420074237
---
run_1
TV=13432.189
FD=10.762889
IGSD=[20.746,22.327,22.494,21.709,19.952,22.205]
SC_pos=0.228804
SC_neg=0.771196
SC_avg=-0.004400467657657535
SC_std=0.015462786774600482
SC_avg_abs=0.010957176441986842
SC_std_abs=0.01176444536992791
---
run_2
TV=13663.808
FD=10.896625
IGSD=[20.319,21.74,20.984,20.877,20.482,20.697]
SC_pos=0.221099
SC_neg=0.778901
SC_avg=-0.0047197604379570855
SC_std=0.015574926468142148
SC_avg_abs=0.010955022790292222
SC_std_abs=0.012035030068259815
---
run_3
TV=9585.994
FD=6.588022
IGSD=[29.68,29.67,28.619,28.877,32.723,30.81]
SC_pos=0.227013
SC_neg=0.772987
SC_avg=-0.0021942527229701215
SC_std=0.007913021608042768
SC_avg_abs=0.005480954563006215
SC_std_abs=0.006114719377033983
---
run_4
TV=14909.652
FD=10.721785
IGSD=[18.598,18.876,17.823,18.673,19.373,19.34]
SC_pos=0.191948
SC_neg=0.808052
SC_avg=-0.005600933700089596
SC_std=0.019049842441326566
SC_avg_abs=0.012571184942613438
SC_std_abs=0.01536984920195301
---
combined
TV_avg=12529.6842
TV_std=1928.7178696927551
FD_avg=9.463717800000001
FD_std=1.7225229531878408
IGSD_avg=23.343666666666664
IGSD_std=4.196789656656886
SC_pos_avg=0.2199378
SC_neg_avg=0.7800622
SC_avg=-0.003801147340070256
SC_std=0.01473024408518085
SC_avg_abs=0.009390810330939775
SC_std_abs=0.011968353823239186