conf_id=131
---
run_0
TV=9278.403
FD=6.667891
IGSD=[31.413,29.718,29.922,31.762,30.896,28.716]
SC_pos=0.232766
SC_neg=0.767234
SC_avg=-0.0021055662757897193
SC_std=0.008605509004654276
SC_avg_abs=0.005634371949904678
SC_std_abs=0.006836815581910643
---
run_1
TV=8317.019
FD=5.194001
IGSD=[35.06,31.762,33.733,32.302,35.376,30.378]
SC_pos=0.210859
SC_neg=0.789141
SC_avg=-0.0016396568552443258
SC_std=0.007547137282843044
SC_avg_abs=0.004435543316470226
SC_std_abs=0.006322476671111213
---
run_2
TV=10314.608
FD=7.177748
IGSD=[25.309,31.099,31.717,29.278,26.848,26.396]
SC_pos=0.244537
SC_neg=0.755463
SC_avg=-0.0019443326776410698
SC_std=0.008850243964405221
SC_avg_abs=0.006221716068786757
SC_std_abs=0.006587677659861218
---
run_3
TV=9748.667
FD=6.583014
IGSD=[27.549,33.697,31.247,28.08,34.08,25.763]
SC_pos=0.243418
SC_neg=0.756582
SC_avg=-0.0017017563879571217
SC_std=0.007570344193665557
SC_avg_abs=0.005184011797850931
SC_std_abs=0.005773396547463292
---
run_4
TV=9300.251
FD=5.760241
IGSD=[35.583,29.76,29.027,30.987,31.643,32.309]
SC_pos=0.235902
SC_neg=0.764098
SC_avg=-0.0020761920878794825
SC_std=0.007450125539011064
SC_avg_abs=0.005506032894513976
SC_std_abs=0.0054312563829493725
---
combined
TV_avg=9391.7896
TV_std=656.5550939537669
FD_avg=6.276579000000001
FD_std=0.7067832925951207
IGSD_avg=30.713666666666665
IGSD_std=2.705837927313624
SC_pos_avg=0.2334964
SC_neg_avg=0.7665036
SC_avg=-0.0018935008569023455
SC_std=0.008029165595535551
SC_avg_abs=0.00539633520550532
SC_std_abs=0.006239584281460239