conf_id=36
---
run_0
TV=8569.265
FD=5.301834
IGSD=[33.328,31.926,32.466,33.507,34.63,31.295]
SC_pos=0.217583
SC_neg=0.782417
SC_avg=-0.0017301534813993344
SC_std=0.007234712855011849
SC_avg_abs=0.004598275994771099
SC_std_abs=0.005847252264062481
---
run_1
TV=9101.108
FD=5.850095
IGSD=[33.991,30.437,29.107,27.659,28.87,27.647]
SC_pos=0.200519
SC_neg=0.799481
SC_avg=-0.0021169517722040873
SC_std=0.009142892574858338
SC_avg_abs=0.005263842525489488
SC_std_abs=0.00776955155128571
---
run_2
TV=7624.211
FD=4.681938
IGSD=[37.291,34.408,36.87,36.598,39.094,34.149]
SC_pos=0.215217
SC_neg=0.784783
SC_avg=-0.001377748552114346
SC_std=0.006255009297909401
SC_avg_abs=0.003784863654340821
SC_std_abs=0.005167024241073004
---
run_3
TV=9903.392
FD=5.935473
IGSD=[32.575,29.524,28.846,28.74,28.301,28.695]
SC_pos=0.23409
SC_neg=0.76591
SC_avg=-0.0022494015507858118
SC_std=0.007391578988919023
SC_avg_abs=0.005466213743142183
SC_std_abs=0.005460380444656792
---
run_4
TV=10424.608
FD=6.995848
IGSD=[26.71,25.13,26.097,28.553,28.924,27.186]
SC_pos=0.200083
SC_neg=0.799917
SC_avg=-0.002692257345110138
SC_std=0.00906575440567921
SC_avg_abs=0.006190164633676472
SC_std_abs=0.007149686312305772
---
combined
TV_avg=9124.5168
TV_std=985.5611327895191
FD_avg=5.7530376
FD_std=0.7665663110506747
IGSD_avg=31.08513333333333
IGSD_std=3.599580843499544
SC_pos_avg=0.2134984
SC_neg_avg=0.7865016
SC_avg=-0.002033302540322741
SC_std=0.007910646076456458
SC_avg_abs=0.005060672110284004
SC_std_abs=0.006411102741309982