conf_id=43
---
run_0
TV=16326.68
FD=14.972943
IGSD=[20.644,15.57,15.729,18.511,16.818,19.738]
SC_pos=0.237468
SC_neg=0.762532
SC_avg=-0.005391882957240835
SC_std=0.0164388259701612
SC_avg_abs=0.01273628076482861
SC_std_abs=0.011708738334307725
---
run_1
TV=14343.359
FD=13.050255
IGSD=[20.366,20.952,22.996,18.108,18.97,21.701]
SC_pos=0.247954
SC_neg=0.752046
SC_avg=-0.0043442324845832814
SC_std=0.01367252822649157
SC_avg_abs=0.010764676176307574
SC_std_abs=0.009483255285162022
---
run_2
TV=15368.095
FD=13.462215
IGSD=[19.816,18.338,23.708,20.64,16.455,17.513]
SC_pos=0.235991
SC_neg=0.764009
SC_avg=-0.00494845282711883
SC_std=0.014316104408234161
SC_avg_abs=0.0115342641757034
SC_std_abs=0.009818288075564237
---
run_3
TV=14724.779
FD=12.347123
IGSD=[19.88,19.137,19.359,18.678,22.385,21.327]
SC_pos=0.238157
SC_neg=0.761843
SC_avg=-0.0047450231346587175
SC_std=0.014287103828782599
SC_avg_abs=0.011319199150845796
SC_std_abs=0.009925336817778657
---
run_4
TV=14974.036
FD=12.105586
IGSD=[18.544,25.34,18.341,23.355,17.009,17.423]
SC_pos=0.2558
SC_neg=0.7442
SC_avg=-0.004385588029723117
SC_std=0.014504215396984549
SC_avg_abs=0.011408568486109506
SC_std_abs=0.009972472699703092
---
combined
TV_avg=15147.389799999999
TV_std=677.4294231464705
FD_avg=13.1876244
FD_std=1.0157640036590392
IGSD_avg=19.578366666666668
IGSD_std=2.374965718816917
SC_pos_avg=0.243074
SC_neg_avg=0.756926
SC_avg=-0.004763035886664959
SC_std=0.014679001932140853
SC_avg_abs=0.011552597750758977
SC_std_abs=0.010232159781327283