conf_id=240
---
run_0
TV=23390.094
FD=28.797597
IGSD=[12.001,14.472,12.359,12.76,12.952,11.668]
SC_pos=0.233053
SC_neg=0.766947
SC_avg=-0.010543625418404388
SC_std=0.030621114941274247
SC_avg_abs=0.024072300546279443
SC_std_abs=0.021664373141633865
---
run_1
TV=22750.365
FD=25.189616
IGSD=[13.198,11.253,14.214,13.15,11.311,14.618]
SC_pos=0.244572
SC_neg=0.755428
SC_avg=-0.00947067688131309
SC_std=0.03275015020954451
SC_avg_abs=0.024495418457929376
SC_std_abs=0.023711611794833762
---
run_2
TV=22539.636
FD=24.429032
IGSD=[14.861,10.898,11.379,12.184,13.905,13.666]
SC_pos=0.232457
SC_neg=0.767543
SC_avg=-0.008628540470052138
SC_std=0.03067391529735044
SC_avg_abs=0.023123953103991984
SC_std_abs=0.02192312895452508
---
run_3
TV=21197.912
FD=19.47841
IGSD=[13.757,16.3,11.519,12.981,12.417,17.491]
SC_pos=0.253849
SC_neg=0.746151
SC_avg=-0.007505547901794466
SC_std=0.02722889079542837
SC_avg_abs=0.02044914744716856
SC_std_abs=0.019482764484011348
---
run_4
TV=28810.693
FD=32.528454
IGSD=[10.174,10.084,10.11,10.083,10.262,10.174]
SC_pos=0.180118
SC_neg=0.819882
SC_avg=-0.018700886339473834
SC_std=0.049567477177430375
SC_avg_abs=0.040666906322275494
SC_std_abs=0.033953802052086424
---
combined
TV_avg=23737.739999999998
TV_std=2635.025568625473
FD_avg=26.0846218
FD_std=4.38331507359279
IGSD_avg=12.540033333333332
IGSD_std=1.8668837936221123
SC_pos_avg=0.2288098
SC_neg_avg=0.7711902
SC_avg=-0.010969855402207586
SC_std=0.03529629616831333
SC_avg_abs=0.02656154517552898
SC_std_abs=0.02570312371356773