conf_id=300
---
run_0
TV=13930.156
FD=12.600587
IGSD=[23.271,20.804,21.025,22.013,20.545,20.205]
SC_pos=0.249136
SC_neg=0.750864
SC_avg=-0.004072111986023776
SC_std=0.013182826306670808
SC_avg_abs=0.010471785862951943
SC_std_abs=0.008983913751759316
---
run_1
TV=13304.509
FD=10.65247
IGSD=[23.237,21.131,21.327,26.247,20.441,20.397]
SC_pos=0.232078
SC_neg=0.767922
SC_avg=-0.003944963371622984
SC_std=0.012760788658483393
SC_avg_abs=0.0099132102118406
SC_std_abs=0.008951465046895094
---
run_2
TV=13175.952
FD=11.335447
IGSD=[22.32,23.546,23.736,20.832,22.514,22.485]
SC_pos=0.25356
SC_neg=0.74644
SC_avg=-0.0032870762710121688
SC_std=0.012484251988229719
SC_avg_abs=0.009417103054072534
SC_std_abs=0.008830605199308082
---
run_3
TV=13594.899
FD=12.79971
IGSD=[21.24,20.481,22.61,22.929,21.688,22.296]
SC_pos=0.250417
SC_neg=0.749583
SC_avg=-0.00413067548843842
SC_std=0.014474236818736537
SC_avg_abs=0.01114575858155687
SC_std_abs=0.010116228403773108
---
run_4
TV=12238.898
FD=9.322729
IGSD=[25.788,22.55,22.039,22.706,22.283,29.149]
SC_pos=0.234613
SC_neg=0.765387
SC_avg=-0.0031187426511868808
SC_std=0.010075549926256129
SC_avg_abs=0.007804992906469119
SC_std_abs=0.007094036070586248
---
combined
TV_avg=13248.882799999998
TV_std=567.8631623281797
FD_avg=11.3421886
FD_std=1.285450071917941
IGSD_avg=22.394499999999997
IGSD_std=1.9013746036311028
SC_pos_avg=0.2439608
SC_neg_avg=0.7560392
SC_avg=-0.0037107139536568445
SC_std=0.012683794148855562
SC_avg_abs=0.009750570123378223
SC_std_abs=0.008920449222179928