conf_id=81
---
run_0
TV=26720.699
FD=34.658002
IGSD=[10.099,11.296,12.288,10.889,11.129,10.256]
SC_pos=0.193085
SC_neg=0.806915
SC_avg=-0.014624589272752246
SC_std=0.045714269915071604
SC_avg_abs=0.035250363023719346
SC_std_abs=0.032574299562089126
---
run_1
TV=25458.059
FD=30.14349
IGSD=[11.856,10.995,10.88,10.454,12.804,13.039]
SC_pos=0.20741
SC_neg=0.79259
SC_avg=-0.013999476197987639
SC_std=0.03607731686810592
SC_avg_abs=0.02960299367813401
SC_std_abs=0.02492430323022292
---
run_2
TV=25546.589
FD=28.203404
IGSD=[12.746,10.455,10.832,11.304,12.13,12.366]
SC_pos=0.211988
SC_neg=0.788012
SC_avg=-0.014457513907709139
SC_std=0.036122672108704935
SC_avg_abs=0.029934031430622062
SC_std_abs=0.024856003519776515
---
run_3
TV=21955.942
FD=15.848054
IGSD=[12.083,13.342,21.016,14.372,12.906,11.641]
SC_pos=0.254153
SC_neg=0.745847
SC_avg=-0.009424603834878482
SC_std=0.026453297903574646
SC_avg_abs=0.02187535762892553
SC_std_abs=0.017608772132840005
---
run_4
TV=23333.315
FD=19.998476
IGSD=[13.81,10.937,11.546,11.676,17.278,12.307]
SC_pos=0.233415
SC_neg=0.766585
SC_avg=-0.010457461530065448
SC_std=0.03233887048456599
SC_avg_abs=0.025199551602320194
SC_std_abs=0.022806657907557044
---
combined
TV_avg=24602.9208
TV_std=1716.1090392063559
FD_avg=25.7702852
FD_std=6.867327728630939
IGSD_avg=12.291066666666667
IGSD_std=2.1631028629160367
SC_pos_avg=0.2200102
SC_neg_avg=0.7799898
SC_avg=-0.012592728948678604
SC_std=0.03596102173622058
SC_avg_abs=0.028372459472744214
SC_std_abs=0.02543178031824162