conf_id=55
---
run_0
TV=9574.723
FD=6.794494
IGSD=[29.131,27.851,29.104,28.554,28.261,29.335]
SC_pos=0.219373
SC_neg=0.780627
SC_avg=-0.0023916025470733476
SC_std=0.011100382385004421
SC_avg_abs=0.0062165412152501934
SC_std_abs=0.009502255898237002
---
run_1
TV=8591.063
FD=6.076117
IGSD=[31.877,31.823,32.15,31.655,30.199,31.08]
SC_pos=0.203928
SC_neg=0.796072
SC_avg=-0.0019554453924986283
SC_std=0.009324785624408465
SC_avg_abs=0.005100602841066271
SC_std_abs=0.008047312860944672
---
run_2
TV=7903.63
FD=5.627104
IGSD=[32.775,33.777,32.346,32.447,31.334,34.485]
SC_pos=0.193387
SC_neg=0.806613
SC_avg=-0.0016706300580161578
SC_std=0.009328762780155528
SC_avg_abs=0.004592005142005544
SC_std_abs=0.008290374453241352
---
run_3
TV=7805.294
FD=5.360878
IGSD=[33.549,34.083,32.919,34.244,32.48,34.337]
SC_pos=0.195396
SC_neg=0.804604
SC_avg=-0.001631360281554319
SC_std=0.008720035596009881
SC_avg_abs=0.0043777880179226925
SC_std_abs=0.007715914024536877
---
run_4
TV=9387.157
FD=6.357548
IGSD=[29.571,29.329,33.196,27.985,27.809,29.325]
SC_pos=0.212507
SC_neg=0.787493
SC_avg=-0.001979300897133088
SC_std=0.009713788882348728
SC_avg_abs=0.0054871202557975505
SC_std_abs=0.008256321080884022
---
combined
TV_avg=8652.3734
TV_std=731.1025752307536
FD_avg=6.0432282
FD_std=0.5104978075080835
IGSD_avg=31.233700000000002
IGSD_std=2.1429185573262775
SC_pos_avg=0.2049182
SC_neg_avg=0.7950818
SC_avg=-0.0019256678352551077
SC_std=0.009674349237621423
SC_avg_abs=0.005154811494408448
SC_std_abs=0.0084100623208343