conf_id=184
---
run_0
TV=26824.298
FD=26.47756
IGSD=[12.25,10.389,10.861,12.333,10.316,10.692]
SC_pos=0.195887
SC_neg=0.804113
SC_avg=-0.016646815160574747
SC_std=0.04078816857603735
SC_avg_abs=0.03396764673755235
SC_std_abs=0.028053344290662228
---
run_1
TV=30101.507
FD=40.524275
IGSD=[9.836,9.539,9.403,9.65,9.568,9.809]
SC_pos=0.163055
SC_neg=0.836945
SC_avg=-0.020474818359516537
SC_std=0.05528579761719523
SC_avg_abs=0.044363096342063736
SC_std_abs=0.038828511276759445
---
run_2
TV=23067.411
FD=25.92791
IGSD=[13.817,11.282,12.538,11.619,16.887,13.568]
SC_pos=0.24211
SC_neg=0.75789
SC_avg=-0.011256347649748623
SC_std=0.027793117930215407
SC_avg_abs=0.023837322972845645
SC_std_abs=0.018191888307240337
---
run_3
TV=28090.792
FD=21.784062
IGSD=[10.992,10.217,9.985,10.743,10.342,10.425]
SC_pos=0.180761
SC_neg=0.819239
SC_avg=-0.018185965819425463
SC_std=0.0456154578985926
SC_avg_abs=0.03741087718553847
SC_std_abs=0.03181077836665025
---
run_4
TV=24297.822
FD=28.651227
IGSD=[12.515,12.561,11.385,13.051,10.919,11.964]
SC_pos=0.231268
SC_neg=0.768732
SC_avg=-0.011284492241777562
SC_std=0.034756713472600675
SC_avg_abs=0.026621838785848555
SC_std_abs=0.02503291026292167
---
combined
TV_avg=26476.366
TV_std=2539.137783104415
FD_avg=28.673006800000003
FD_std=6.328761898799273
IGSD_avg=11.315199999999999
IGSD_std=1.6037072342960024
SC_pos_avg=0.2026162
SC_neg_avg=0.7973838
SC_avg=-0.015569687846208602
SC_std=0.042072518044467024
SC_avg_abs=0.03324015640476976
SC_std_abs=0.030126466045934146