conf_id=161
---
run_0
TV=25470.512
FD=30.912626
IGSD=[11.777,12.525,10.716,11.664,12.036,10.984]
SC_pos=0.212903
SC_neg=0.787097
SC_avg=-0.013614448755564713
SC_std=0.03884472981360968
SC_avg_abs=0.030627693090845513
SC_std_abs=0.027499284811485728
---
run_1
TV=26757.89
FD=32.788892
IGSD=[11.46,10.658,10.246,10.608,11.374,11.573]
SC_pos=0.194485
SC_neg=0.805515
SC_avg=-0.015433619674443375
SC_std=0.042018817957401165
SC_avg_abs=0.03347115445889702
SC_std_abs=0.029723046579737445
---
run_2
TV=29022.529
FD=36.205505
IGSD=[10.245,9.916,10.302,10.569,9.592,9.838]
SC_pos=0.176288
SC_neg=0.823712
SC_avg=-0.018969335271597696
SC_std=0.0503590197909117
SC_avg_abs=0.04083760064816869
SC_std_abs=0.03504506995639203
---
run_3
TV=26595.792
FD=18.817627
IGSD=[11.11,10.96,11.227,11.189,10.992,11.018]
SC_pos=0.194144
SC_neg=0.805856
SC_avg=-0.01642719621577052
SC_std=0.03885429029213313
SC_avg_abs=0.032366612372530586
SC_std_abs=0.027053854681784718
---
run_4
TV=22010.839
FD=17.420262
IGSD=[14.428,11.027,13.302,13.851,11.156,15.632]
SC_pos=0.24355
SC_neg=0.75645
SC_avg=-0.009449344186122213
SC_std=0.029731078021360352
SC_avg_abs=0.023175272664807456
SC_std_abs=0.020883817725019672
---
combined
TV_avg=25971.5124
TV_std=2291.4952421727257
FD_avg=27.2289824
FD_std=7.6422729403076035
IGSD_avg=11.399166666666668
IGSD_std=1.3388372588016646
SC_pos_avg=0.204274
SC_neg_avg=0.795726
SC_avg=-0.014778788820699695
SC_std=0.04063147362179506
SC_avg_abs=0.032095666647049846
SC_std_abs=0.02896890453860686