conf_id=75
---
run_0
TV=9131.001
FD=6.322921
IGSD=[25.915,36.211,32.978,30.043,27.95,29.786]
SC_pos=0.210448
SC_neg=0.789552
SC_avg=-0.0016202662340098234
SC_std=0.009100725688812062
SC_avg_abs=0.004923571755098365
SC_std_abs=0.007823484639498805
---
run_1
TV=8488.117
FD=5.816385
IGSD=[30.695,31.287,29.751,32.301,29.264,31.21]
SC_pos=0.185894
SC_neg=0.814106
SC_avg=-0.0018915039773044983
SC_std=0.010371509642367509
SC_avg_abs=0.005180437494343855
SC_std_abs=0.009181996892020672
---
run_2
TV=8349.468
FD=5.986737
IGSD=[29.042,31.228,29.676,31.942,33.044,35.79]
SC_pos=0.204268
SC_neg=0.795732
SC_avg=-0.0015561269600014196
SC_std=0.009336774842278763
SC_avg_abs=0.0046481291706290465
SC_std_abs=0.00824571347939038
---
run_3
TV=10963.622
FD=7.918375
IGSD=[24.749,27.854,24.556,25.189,24.121,26.62]
SC_pos=0.22583
SC_neg=0.77417
SC_avg=-0.0028005426117984193
SC_std=0.012067672792986364
SC_avg_abs=0.007166879667907152
SC_std_abs=0.01010483059654248
---
run_4
TV=9124.788
FD=6.300226
IGSD=[32.047,27.846,27.642,28.851,26.942,28.492]
SC_pos=0.172182
SC_neg=0.827818
SC_avg=-0.0022955543685330908
SC_std=0.011168448549141535
SC_avg_abs=0.005793795060198177
SC_std_abs=0.009820170653004775
---
combined
TV_avg=9211.3992
TV_std=932.7714238481791
FD_avg=6.4689288000000005
FD_std=0.7495325932858157
IGSD_avg=29.43406666666667
IGSD_std=3.0312363146999197
SC_pos_avg=0.1997244
SC_neg_avg=0.8002756
SC_avg=-0.0020327988303294508
SC_std=0.010478602853919612
SC_avg_abs=0.005542562629635314
SC_std_abs=0.009122137268827461