conf_id=46
---
run_0
TV=9876.702
FD=7.038746
IGSD=[27.458,25.731,32.612,30.87,31.742,31.982]
SC_pos=0.260063
SC_neg=0.739937
SC_avg=-0.0018908696271228726
SC_std=0.006735392058511261
SC_avg_abs=0.005264832815985386
SC_std_abs=0.004606780822695578
---
run_1
TV=12977.63
FD=10.611857
IGSD=[21.258,23.483,25.34,22.588,20.744,21.214]
SC_pos=0.225549
SC_neg=0.774451
SC_avg=-0.0034643904892166203
SC_std=0.01324952084527983
SC_avg_abs=0.0094145140764572
SC_std_abs=0.009945789500862588
---
run_2
TV=11391.928
FD=7.754572
IGSD=[27.735,24.127,24.055,29.722,25.389,24.679]
SC_pos=0.234641
SC_neg=0.765359
SC_avg=-0.0029204367992857207
SC_std=0.00944165302703261
SC_avg_abs=0.007323774027007523
SC_std_abs=0.006635969935346777
---
run_3
TV=13517.239
FD=10.413419
IGSD=[20.711,21.099,22.968,22.214,22.806,20.536]
SC_pos=0.234693
SC_neg=0.765307
SC_avg=-0.003783639349049521
SC_std=0.013566601538329927
SC_avg_abs=0.009908666056204987
SC_std_abs=0.01000934268621586
---
run_4
TV=11663.67
FD=8.487643
IGSD=[29.869,22.983,24.267,26.011,24.485,25.454]
SC_pos=0.237862
SC_neg=0.762138
SC_avg=-0.002994641841731287
SC_std=0.009187701530110011
SC_avg_abs=0.007167531233858023
SC_std_abs=0.006481376025066228
---
combined
TV_avg=11885.433799999999
TV_std=1279.3288359133314
FD_avg=8.8612474
FD_std=1.4254608159556825
IGSD_avg=25.137733333333337
IGSD_std=3.5544909240127325
SC_pos_avg=0.2385616
SC_neg_avg=0.7614384
SC_avg=-0.0030107956212812063
SC_std=0.010775828070509502
SC_avg_abs=0.007815863641902638
SC_std_abs=0.00800597504427108