conf_id=25
---
run_0
TV=13875.979
FD=10.404451
IGSD=[20.22,22.511,19.632,20.221,20.637,18.655]
SC_pos=0.215907
SC_neg=0.784093
SC_avg=-0.003988403369398462
SC_std=0.016471138889903952
SC_avg_abs=0.010586793093128289
SC_std_abs=0.013233502551132356
---
run_1
TV=14697.23
FD=10.877011
IGSD=[21.229,20.382,19.882,24.166,17.481,17.495]
SC_pos=0.224432
SC_neg=0.775568
SC_avg=-0.00519015078404235
SC_std=0.013716345579012192
SC_avg_abs=0.010861221886135749
SC_std_abs=0.009854423389732574
---
run_2
TV=13587.563
FD=9.241994
IGSD=[21.136,19.122,21.449,19.763,18.168,28.585]
SC_pos=0.236248
SC_neg=0.763752
SC_avg=-0.003410594905946233
SC_std=0.013881306592390686
SC_avg_abs=0.009148120954405465
SC_std_abs=0.010983383510011071
---
run_3
TV=18968.346
FD=17.292545
IGSD=[16.872,14.699,15.402,17.031,15.663,14.833]
SC_pos=0.224124
SC_neg=0.775876
SC_avg=-0.00839764128122076
SC_std=0.02372378698766059
SC_avg_abs=0.01896718530560007
SC_std_abs=0.01654038481133331
---
run_4
TV=11835.727
FD=8.771661
IGSD=[22.661,22.115,21.638,25.245,26.861,25.696]
SC_pos=0.20316
SC_neg=0.79684
SC_avg=-0.003285218229356104
SC_std=0.01200515160554078
SC_avg_abs=0.007830547267878522
SC_std_abs=0.009674650038736916
---
combined
TV_avg=14592.969000000001
TV_std=2378.322668594403
FD_avg=11.317532400000001
FD_std=3.0827868285775195
IGSD_avg=20.315
IGSD_std=3.4317712627737884
SC_pos_avg=0.2207742
SC_neg_avg=0.7792258
SC_avg=-0.004854401713992781
SC_std=0.016595379485280375
SC_avg_abs=0.011478773701429615
SC_std_abs=0.01293095474327585