conf_id=57
---
run_0
TV=7593.642
FD=4.958229
IGSD=[34.715,35.328,42.94,31.312,34.67,37.007]
SC_pos=0.224482
SC_neg=0.775518
SC_avg=-0.0010365453814666149
SC_std=0.007549423257444112
SC_avg_abs=0.003774924793006166
SC_std_abs=0.006619528733605226
---
run_1
TV=7623.627
FD=5.059777
IGSD=[36.094,36.229,38.024,37.257,35.784,35.054]
SC_pos=0.207964
SC_neg=0.792036
SC_avg=-0.0012265226865758963
SC_std=0.006378606655021298
SC_avg_abs=0.003775397601688501
SC_std_abs=0.005285579789326054
---
run_2
TV=8321.978
FD=5.603065
IGSD=[32.598,34.909,36.049,30.525,32.713,34.481]
SC_pos=0.21597
SC_neg=0.78403
SC_avg=-0.0013293813351091144
SC_std=0.007017467879964078
SC_avg_abs=0.003938056229223999
SC_std_abs=0.0059585084808141415
---
run_3
TV=8992.054
FD=5.880832
IGSD=[32.894,30.411,30.776,30.305,37.065,30.874]
SC_pos=0.234176
SC_neg=0.765824
SC_avg=-0.0014751259416029181
SC_std=0.007671775755824869
SC_avg_abs=0.004835378780960829
SC_std_abs=0.006136061589968431
---
run_4
TV=8304.818
FD=5.454794
IGSD=[33.484,33.79,32.779,33.298,33.692,32.835]
SC_pos=0.211376
SC_neg=0.788624
SC_avg=-0.0015444561592337497
SC_std=0.008367937222133066
SC_avg_abs=0.004590338468727779
SC_std_abs=0.007164950168973477
---
combined
TV_avg=8167.2238
TV_std=519.176164203404
FD_avg=5.3913394
FD_std=0.3423376885746585
IGSD_avg=34.26306666666667
IGSD_std=2.703721163302326
SC_pos_avg=0.2187936
SC_neg_avg=0.7812064
SC_avg=-0.0013224063007976584
SC_std=0.007429231112829508
SC_avg_abs=0.004182819174721457
SC_std_abs=0.006280625534435706