conf_id=309
---
run_0
TV=10560.787
FD=7.614353
IGSD=[24.165,31.067,32.777,28.361,25.742,26.858]
SC_pos=0.249817
SC_neg=0.750183
SC_avg=-0.001998189788891545
SC_std=0.007486858996588936
SC_avg_abs=0.005786225114467531
SC_std_abs=0.0051541652080565195
---
run_1
TV=11540.205
FD=9.374315
IGSD=[26.565,26.282,23.989,24.876,22.497,25.846]
SC_pos=0.241964
SC_neg=0.758036
SC_avg=-0.0025742415693234006
SC_std=0.010906827869809406
SC_avg_abs=0.007966883728238358
SC_std_abs=0.007881267505903778
---
run_2
TV=13111.819
FD=9.747068
IGSD=[24.585,23.568,22.77,24.332,19.772,18.917]
SC_pos=0.228211
SC_neg=0.771789
SC_avg=-0.003706544213964918
SC_std=0.013365924935466757
SC_avg_abs=0.009543222169093004
SC_std_abs=0.010065452300912306
---
run_3
TV=11109.668
FD=8.6847
IGSD=[25.669,25.406,26.569,26.293,24.335,27.144]
SC_pos=0.231343
SC_neg=0.768657
SC_avg=-0.0024197363323466103
SC_std=0.011873240421108827
SC_avg_abs=0.007578004061177743
SC_std_abs=0.009455306259677922
---
run_4
TV=10735.975
FD=7.499084
IGSD=[23.803,33.937,35.344,28.555,23.548,25.657]
SC_pos=0.25461
SC_neg=0.74539
SC_avg=-0.0018984891592553072
SC_std=0.007351263269813118
SC_avg_abs=0.00554462204537544
SC_std_abs=0.0051867619112361445
---
combined
TV_avg=11411.6908
TV_std=914.1989594153778
FD_avg=8.583904
FD_std=0.9060599811749771
IGSD_avg=25.974300000000003
IGSD_std=3.5691294657567876
SC_pos_avg=0.241189
SC_neg_avg=0.758811
SC_avg=-0.0025194402127563576
SC_std=0.010495277539292643
SC_avg_abs=0.007283791423670418
SC_std_abs=0.007965225176283446