conf_id=204
---
run_0
TV=27129.745
FD=34.726662
IGSD=[10.588,11.623,10.933,11.337,10.468,10.233]
SC_pos=0.19102
SC_neg=0.80898
SC_avg=-0.016745288510337863
SC_std=0.0425535039272948
SC_avg_abs=0.03502181409132092
SC_std_abs=0.029405406331790472
---
run_1
TV=26321.492
FD=28.195562
IGSD=[10.378,11.111,13.471,11.298,10.893,10.385]
SC_pos=0.202669
SC_neg=0.797331
SC_avg=-0.014441673168468915
SC_std=0.043430343515139413
SC_avg_abs=0.03391939447718211
SC_std_abs=0.03072834749948645
---
run_2
TV=27225.306
FD=31.882918
IGSD=[11.666,10.388,10.72,11.931,10.104,10.456]
SC_pos=0.194622
SC_neg=0.805378
SC_avg=-0.01691244942940265
SC_std=0.041715999273692496
SC_avg_abs=0.034692524780734195
SC_std_abs=0.02868247314028131
---
run_3
TV=24461.527
FD=28.634851
IGSD=[10.958,12.499,13.87,12.171,12.507,10.75]
SC_pos=0.222571
SC_neg=0.777429
SC_avg=-0.012032011133027291
SC_std=0.033992214357006924
SC_avg_abs=0.026858545112862127
SC_std_abs=0.024059478032957216
---
run_4
TV=24819.756
FD=21.408609
IGSD=[13.397,10.739,11.241,13.075,11.717,10.873]
SC_pos=0.214652
SC_neg=0.785348
SC_avg=-0.01254655623391142
SC_std=0.03650456233360286
SC_avg_abs=0.02813207661793065
SC_std_abs=0.026430766346465982
---
combined
TV_avg=25991.5652
TV_std=1152.4387191286833
FD_avg=28.9697204
FD_std=4.461187312566313
IGSD_avg=11.392666666666662
IGSD_std=1.027379784803177
SC_pos_avg=0.2051068
SC_neg_avg=0.7948932
SC_avg=-0.01453559569502963
SC_std=0.039864869117776446
SC_avg_abs=0.03172487101600598
SC_std_abs=0.028178429534035297