conf_id=304
---
run_0
TV=11577.508
FD=9.119499
IGSD=[23.513,33.919,25.126,24.815,22.984,26.722]
SC_pos=0.26441
SC_neg=0.73559
SC_avg=-0.0023735503624449303
SC_std=0.0099582454587392
SC_avg_abs=0.0076055340318989875
SC_std_abs=0.006852462771091038
---
run_1
TV=13187.298
FD=12.262273
IGSD=[20.504,23.405,23.222,22.168,22.289,20.81]
SC_pos=0.233354
SC_neg=0.766646
SC_avg=-0.003655911250109521
SC_std=0.014235757644259444
SC_avg_abs=0.010491504557848473
SC_std_abs=0.010293241223609464
---
run_2
TV=12701.128
FD=11.213086
IGSD=[24.132,22.433,23.248,23.569,22.436,22.884]
SC_pos=0.247281
SC_neg=0.752719
SC_avg=-0.00400777953807313
SC_std=0.012665347184071496
SC_avg_abs=0.00998788541195447
SC_std_abs=0.008758736273945715
---
run_3
TV=13317.495
FD=11.09647
IGSD=[19.619,25.879,22.819,21.91,22.008,21.952]
SC_pos=0.248251
SC_neg=0.751749
SC_avg=-0.00330455826973146
SC_std=0.012911336345427522
SC_avg_abs=0.009745905352841786
SC_std_abs=0.00909065676594701
---
run_4
TV=12922.425
FD=11.460943
IGSD=[21.366,22.806,24.913,21.552,24.734,22.337]
SC_pos=0.250328
SC_neg=0.749672
SC_avg=-0.003278563812777754
SC_std=0.012252632694753227
SC_avg_abs=0.009221778959828621
SC_std_abs=0.008708316797352619
---
combined
TV_avg=12741.170800000002
TV_std=619.6364555186858
FD_avg=11.0304542
FD_std=1.0384758446479923
IGSD_avg=23.335800000000003
IGSD_std=2.4997509395937825
SC_pos_avg=0.2487248
SC_neg_avg=0.7512752
SC_avg=-0.0033240726466273597
SC_std=0.01249437952235095
SC_avg_abs=0.009410521662874479
SC_std_abs=0.008865723920874684