conf_id=172
---
run_0
TV=25407.129
FD=31.576071
IGSD=[11.799,11.051,11.448,11.367,11.676,11.835]
SC_pos=0.196893
SC_neg=0.803107
SC_avg=-0.01344956997382789
SC_std=0.04114725901827462
SC_avg_abs=0.03138055365919204
SC_std_abs=0.029820273460188874
---
run_1
TV=10900.576
FD=7.314527
IGSD=[24.061,27.495,25.338,26.576,24.842,25.021]
SC_pos=0.208291
SC_neg=0.791709
SC_avg=-0.0022092192036468634
SC_std=0.012309667892126928
SC_avg_abs=0.0071420962664315545
SC_std_abs=0.01026640316884385
---
run_2
TV=10496.753
FD=7.369926
IGSD=[24.449,25.138,25.322,24.643,23.87,23.813]
SC_pos=0.160738
SC_neg=0.839262
SC_avg=-0.002405982130111723
SC_std=0.017008169237873263
SC_avg_abs=0.007920069140446307
SC_std_abs=0.01524267285108177
---
run_3
TV=12364.205
FD=8.310881
IGSD=[22.639,20.853,20.909,20.659,22.051,23.939]
SC_pos=0.192588
SC_neg=0.807412
SC_avg=-0.0030746228804436415
SC_std=0.01712226438708008
SC_avg_abs=0.009406074665527273
SC_std_abs=0.014633899103948491
---
run_4
TV=12353.646
FD=7.90987
IGSD=[22.005,23.175,24.954,21.561,24.266,24.776]
SC_pos=0.231662
SC_neg=0.768338
SC_avg=-0.0034259546817286095
SC_std=0.010425712907372582
SC_avg_abs=0.00782483797591214
SC_std_abs=0.007694450322078678
---
combined
TV_avg=14304.461800000001
TV_std=5602.224246394834
FD_avg=12.496255
FD_std=9.546949413966558
IGSD_avg=21.384366666666665
IGSD_std=5.173269485108576
SC_pos_avg=0.1980344
SC_neg_avg=0.8019656
SC_avg=-0.004913069773951739
SC_std=0.022925224652440335
SC_avg_abs=0.012734726341501872
SC_std_abs=0.019685805164524905