conf_id=246
---
run_0
TV=23322.936
FD=17.993669
IGSD=[14.465,11.157,12.535,13.431,12.698,12.591]
SC_pos=0.228803
SC_neg=0.771197
SC_avg=-0.011626787059185247
SC_std=0.029907965255860126
SC_avg_abs=0.024796386753271643
SC_std_abs=0.020366830068706033
---
run_1
TV=23395.916
FD=26.468974
IGSD=[11.691,12.827,15.149,13.539,11.494,11.302]
SC_pos=0.220174
SC_neg=0.779826
SC_avg=-0.011040938029470395
SC_std=0.031414535781741554
SC_avg_abs=0.02458221017520561
SC_std_abs=0.02246086182351301
---
run_2
TV=14653.079
FD=9.281612
IGSD=[15.347,19.563,55.954,17.228,17.221,17.029]
SC_pos=0.238189
SC_neg=0.761811
SC_avg=-0.004392448620465559
SC_std=0.013941465080035752
SC_avg_abs=0.010048631529119901
SC_std_abs=0.010615227640199879
---
run_3
TV=13885.458
FD=11.118119
IGSD=[20.235,19.03,19.484,19.703,19.689,18.492]
SC_pos=0.197083
SC_neg=0.802917
SC_avg=-0.0053134411363093565
SC_std=0.01757162971834851
SC_avg_abs=0.011535431782190547
SC_std_abs=0.014280358583249983
---
run_4
TV=14803.621
FD=11.050683
IGSD=[15.973,18.86,16.291,15.888,26.474,21.128]
SC_pos=0.226722
SC_neg=0.773278
SC_avg=-0.00454534440750929
SC_std=0.01524305951759562
SC_avg_abs=0.010175453695253318
SC_std_abs=0.012225839903073901
---
combined
TV_avg=18012.201999999997
TV_std=4377.144901800214
FD_avg=15.182611400000003
FD_std=6.3827697790282425
IGSD_avg=17.54893333333333
IGSD_std=7.9651784492809
SC_pos_avg=0.2221942
SC_neg_avg=0.7778058
SC_avg=-0.007383791850587973
SC_std=0.023106301841372853
SC_avg_abs=0.016227622787008202
SC_std_abs=0.018030136592938267