conf_id=143
---
run_0
TV=15461.325
FD=12.431675
IGSD=[21.447,16.028,15.479,21.754,22.292,19.748]
SC_pos=0.24913
SC_neg=0.75087
SC_avg=-0.005129736348912044
SC_std=0.015976877144331113
SC_avg_abs=0.012626165836675255
SC_std_abs=0.01105236330198995
---
run_1
TV=13340.473
FD=12.255363
IGSD=[21.437,20.699,23.418,21.714,22.412,22.223]
SC_pos=0.248461
SC_neg=0.751539
SC_avg=-0.00392295633592001
SC_std=0.013024448880485361
SC_avg_abs=0.01033074091526933
SC_std_abs=0.008848821797024247
---
run_2
TV=14887.037
FD=13.672212
IGSD=[20.898,18.845,18.824,20.102,20.346,17.806]
SC_pos=0.235351
SC_neg=0.764649
SC_avg=-0.005568266071833705
SC_std=0.018334720520242414
SC_avg_abs=0.013971366556824402
SC_std_abs=0.013113675310033464
---
run_3
TV=16047.005
FD=12.262976
IGSD=[18.772,14.959,18.448,22.194,16.49,16.387]
SC_pos=0.224676
SC_neg=0.775324
SC_avg=-0.004876517093441401
SC_std=0.016901332393870323
SC_avg_abs=0.012184194667543273
SC_std_abs=0.01268782313693435
---
run_4
TV=15664.407
FD=13.061911
IGSD=[21.505,17.774,16.25,19.649,17.121,16.932]
SC_pos=0.226059
SC_neg=0.773941
SC_avg=-0.004755176870449146
SC_std=0.018410527785216815
SC_avg_abs=0.01291639028316483
SC_std_abs=0.013954429492188496
---
combined
TV_avg=15080.0494
TV_std=947.1248975922023
FD_avg=12.736827400000001
FD_std=0.5531879973175847
IGSD_avg=19.398433333333333
IGSD_std=2.386563145101247
SC_pos_avg=0.2367354
SC_neg_avg=0.7632646
SC_avg=-0.004850530544111258
SC_std=0.016656078050993114
SC_avg_abs=0.012405771651895426
SC_std_abs=0.012126393211551362