conf_id=70
---
run_0
TV=9341.413
FD=6.627012
IGSD=[28.734,28.901,26.78,31.383,27.832,27.673]
SC_pos=0.185814
SC_neg=0.814186
SC_avg=-0.002338073038392694
SC_std=0.010788677807544757
SC_avg_abs=0.005848051185536344
SC_std_abs=0.009362822848864253
---
run_1
TV=10092.198
FD=7.303606
IGSD=[29.06,28.589,27.404,31.265,25.522,25.548]
SC_pos=0.214373
SC_neg=0.785627
SC_avg=-0.0021233391631555955
SC_std=0.01000492090603921
SC_avg_abs=0.006161808858279739
SC_std_abs=0.008163278944879688
---
run_2
TV=10690.176
FD=7.969223
IGSD=[26.12,28.411,28.221,27.002,24.719,24.173]
SC_pos=0.205492
SC_neg=0.794508
SC_avg=-0.0026113397427203573
SC_std=0.01041875524260761
SC_avg_abs=0.006651887518506951
SC_std_abs=0.00843338298065526
---
run_3
TV=8531.904
FD=5.89455
IGSD=[31.876,33.489,32.438,31.419,28.721,32.928]
SC_pos=0.219659
SC_neg=0.780341
SC_avg=-0.0016981053269268583
SC_std=0.008755193041877845
SC_avg_abs=0.00474635378331841
SC_std_abs=0.007550436587738658
---
run_4
TV=9005.812
FD=6.392865
IGSD=[28.87,35.771,28.835,28.329,26.08,27.618]
SC_pos=0.193326
SC_neg=0.806674
SC_avg=-0.001941419511764012
SC_std=0.010571515292629901
SC_avg_abs=0.00540527229248412
SC_std_abs=0.009290267851201564
---
combined
TV_avg=9532.300599999999
TV_std=770.5299759914858
FD_avg=6.837451199999999
FD_std=0.7251499050440263
IGSD_avg=28.790366666666667
IGSD_std=2.6932154200674123
SC_pos_avg=0.2037328
SC_neg_avg=0.7962672
SC_avg=-0.002142455356591903
SC_std=0.010138551764359004
SC_avg_abs=0.005762674727625116
SC_std_abs=0.008612312512744021