conf_id=104
---
run_0
TV=19007.238
FD=21.089561
IGSD=[15.447,15.31,15.592,16.876,14.902,15.498]
SC_pos=0.258635
SC_neg=0.741365
SC_avg=-0.006945382063543804
SC_std=0.02629367730697249
SC_avg_abs=0.020192429804968905
SC_std_abs=0.018217068285078138
---
run_1
TV=21109.18
FD=23.787858
IGSD=[13.348,14.515,14.441,13.316,14.126,14.413]
SC_pos=0.236177
SC_neg=0.763823
SC_avg=-0.009640316851371712
SC_std=0.03381639782338329
SC_avg_abs=0.02501493062911356
SC_std_abs=0.02471310818907245
---
run_2
TV=15537.881
FD=12.962277
IGSD=[16.141,19.735,27.39,17.879,15.969,22.429]
SC_pos=0.260158
SC_neg=0.739842
SC_avg=-0.004406452439858381
SC_std=0.016530634425761328
SC_avg_abs=0.013013215593803959
SC_std_abs=0.011105625490357427
---
run_3
TV=20389.681
FD=16.6768
IGSD=[17.956,13.336,13.338,16.872,13.171,13.657]
SC_pos=0.206859
SC_neg=0.793141
SC_avg=-0.010837326823554897
SC_std=0.023330738186203327
SC_avg_abs=0.02048399917538397
SC_std_abs=0.015562029905400438
---
run_4
TV=19526.426
FD=17.650711
IGSD=[15.14,15.728,15.574,15.78,14.141,14.204]
SC_pos=0.230519
SC_neg=0.769481
SC_avg=-0.007906322566182301
SC_std=0.025152962683418982
SC_avg_abs=0.019248532451920652
SC_std_abs=0.018018753195527957
---
combined
TV_avg=19114.081200000004
TV_std=1927.600873909057
FD_avg=18.4334414
FD_std=3.7244286604784147
IGSD_avg=15.874133333333335
IGSD_std=2.922067484200565
SC_pos_avg=0.2384696
SC_neg_avg=0.7615304
SC_avg=-0.00794716014890222
SC_std=0.025729067840887927
SC_avg_abs=0.019590621531038205
SC_std_abs=0.01847565518245385