conf_id=296
---
run_0
TV=8128.292
FD=5.047368
IGSD=[33.698,31.393,34.107,33.785,36.176,32.53]
SC_pos=0.197942
SC_neg=0.802058
SC_avg=-0.001593764948244982
SC_std=0.007932577991334963
SC_avg_abs=0.004329953784715498
SC_std_abs=0.006835011376807954
---
run_1
TV=8297.328
FD=5.070818
IGSD=[32.821,30.534,31.712,32.579,38.935,31.018]
SC_pos=0.205293
SC_neg=0.794707
SC_avg=-0.001449902280297576
SC_std=0.007713388650263471
SC_avg_abs=0.004333234838726222
SC_std_abs=0.006543825862969977
---
run_2
TV=9871.271
FD=6.772908
IGSD=[31.408,27.875,28.165,29.515,29.652,28.317]
SC_pos=0.231943
SC_neg=0.768057
SC_avg=-0.0024728313699125494
SC_std=0.008280811564890665
SC_avg_abs=0.005962630362844616
SC_std_abs=0.006255699346462712
---
run_3
TV=7997.439
FD=4.986692
IGSD=[32.65,31.361,33.188,37.977,41.252,34.449]
SC_pos=0.213261
SC_neg=0.786739
SC_avg=-0.0013867713186011352
SC_std=0.006424422284846032
SC_avg_abs=0.0040205471197167185
SC_std_abs=0.005199186209615756
---
run_4
TV=8711.278
FD=5.793525
IGSD=[33.067,30.943,29.77,34.427,35.175,32.062]
SC_pos=0.22393
SC_neg=0.77607
SC_avg=-0.0016641577224912353
SC_std=0.007075090585345638
SC_avg_abs=0.004630088216280214
SC_std_abs=0.00560255395562031
---
combined
TV_avg=8601.1216
TV_std=679.0736328795576
FD_avg=5.5342622
FD_std=0.6860233567097845
IGSD_avg=32.6847
IGSD_std=3.0382345657744514
SC_pos_avg=0.2144738
SC_neg_avg=0.7855262
SC_avg=-0.0017134855279094961
SC_std=0.007524542476151763
SC_avg_abs=0.004655290864456654
SC_std_abs=0.006154919909882973