conf_id=6
---
run_0
TV=23303.516
FD=25.010047
IGSD=[12.154,11.93,14.158,12.124,13.216,12.525]
SC_pos=0.224571
SC_neg=0.775429
SC_avg=-0.010878365621783223
SC_std=0.0300031338451959
SC_avg_abs=0.02365906282420525
SC_std_abs=0.021419048191136856
---
run_1
TV=21068.745
FD=21.874098
IGSD=[11.291,20.06,15.413,13.38,12.035,14.514]
SC_pos=0.244484
SC_neg=0.755516
SC_avg=-0.007470187872505728
SC_std=0.024529238278784973
SC_avg_abs=0.019006107052570262
SC_std_abs=0.01721206356292529
---
run_2
TV=13884.971
FD=9.616335
IGSD=[19.405,20.119,19.12,20.442,21.891,20.033]
SC_pos=0.218355
SC_neg=0.781645
SC_avg=-0.0048752899024746225
SC_std=0.01555677272586247
SC_avg_abs=0.010933695003636905
SC_std_abs=0.012092805416641532
---
run_3
TV=23934.863
FD=15.84527
IGSD=[15.067,11.164,12.087,15.152,11.197,11.943]
SC_pos=0.214548
SC_neg=0.785452
SC_avg=-0.014218219584101962
SC_std=0.02870957704735334
SC_avg_abs=0.025940035321685286
SC_std_abs=0.01880191878211844
---
run_4
TV=15075.417
FD=11.561432
IGSD=[17.365,21.375,18.792,18.145,17.778,18.461]
SC_pos=0.197708
SC_neg=0.802292
SC_avg=-0.0051774894638771385
SC_std=0.020364885759490577
SC_avg_abs=0.013072140309148116
SC_std_abs=0.016451568827428154
---
combined
TV_avg=19453.5024
TV_std=4187.84861060548
FD_avg=16.7814364
FD_std=5.8840252568345965
IGSD_avg=15.744533333333333
IGSD_std=3.524282392519394
SC_pos_avg=0.2199332
SC_neg_avg=0.7800668
SC_avg=-0.008523910488948532
SC_std=0.024683772188247344
SC_avg_abs=0.01852220810224917
SC_std_abs=0.01840851614014221