conf_id=176
---
run_0
TV=8106.111
FD=4.99961
IGSD=[35.091,33.89,34.648,35.292,36.331,33.597]
SC_pos=0.219023
SC_neg=0.780977
SC_avg=-0.0015224947275998978
SC_std=0.006543025914357828
SC_avg_abs=0.0041868967223767425
SC_std_abs=0.005253482097397731
---
run_1
TV=7807.699
FD=4.684645
IGSD=[37.196,33.234,34.053,36.357,38.456,33.564]
SC_pos=0.208298
SC_neg=0.791702
SC_avg=-0.0014199358793634792
SC_std=0.006593382097295508
SC_avg_abs=0.003827152375689051
SC_std_abs=0.005553540319084604
---
run_2
TV=11048.935
FD=7.548356
IGSD=[24.959,25.379,25.872,26.102,25.407,24.738]
SC_pos=0.20419
SC_neg=0.79581
SC_avg=-0.0028300774219758725
SC_std=0.011234722935528215
SC_avg_abs=0.007045248124463657
SC_std_abs=0.009197435322806171
---
run_3
TV=12982.488
FD=9.691215
IGSD=[20.143,20.826,22.669,21.119,22.266,21.683]
SC_pos=0.206985
SC_neg=0.793015
SC_avg=-0.004121394361290949
SC_std=0.013514678152107577
SC_avg_abs=0.009475617587724366
SC_std_abs=0.01048070075746575
---
run_4
TV=12109.679
FD=8.882285
IGSD=[22.843,21.32,22.209,23.863,21.953,23.378]
SC_pos=0.205844
SC_neg=0.794156
SC_avg=-0.0034231807934008577
SC_std=0.014110203474327683
SC_avg_abs=0.008936170029327575
SC_std_abs=0.011443813789038387
---
combined
TV_avg=10410.982399999999
TV_std=2097.3655542505317
FD_avg=7.1612222
FD_std=2.0158767442205785
IGSD_avg=27.94793333333333
IGSD_std=6.123393231062515
SC_pos_avg=0.208868
SC_neg_avg=0.791132
SC_avg=-0.0026634166367262117
SC_std=0.010952861784118811
SC_avg_abs=0.006694216967916273
SC_std_abs=0.009068981675428734