conf_id=45
---
run_0
TV=11523.497
FD=8.130963
IGSD=[21.61,30.638,21.951,28.926,26.942,26.468]
SC_pos=0.245659
SC_neg=0.754341
SC_avg=-0.0026996345250582007
SC_std=0.009842521999049511
SC_avg_abs=0.007516457787161265
SC_std_abs=0.006904066063160368
---
run_1
TV=12543.465
FD=10.374758
IGSD=[25.127,21.345,22.222,22.095,27.067,21.631]
SC_pos=0.234586
SC_neg=0.765414
SC_avg=-0.0038202346993286445
SC_std=0.013625286947337292
SC_avg_abs=0.009914789618236303
SC_std_abs=0.010096513476510006
---
run_2
TV=10121.316
FD=7.122158
IGSD=[28.876,30.529,31.655,27.199,26.593,25.662]
SC_pos=0.232527
SC_neg=0.767473
SC_avg=-0.002165269026284798
SC_std=0.009550078093961089
SC_avg_abs=0.005988130773374492
SC_std_abs=0.0077482043983047545
---
run_3
TV=11750.165
FD=8.526172
IGSD=[23.09,34.44,21.03,22.166,20.136,24.855]
SC_pos=0.216849
SC_neg=0.783151
SC_avg=-0.0030885853607054434
SC_std=0.012742064086592132
SC_avg_abs=0.008180864561573672
SC_std_abs=0.010245633789198842
---
run_4
TV=12411.015
FD=9.552639
IGSD=[24.021,24.47,26.653,25.032,20.558,20.849]
SC_pos=0.229227
SC_neg=0.770773
SC_avg=-0.0033087589709270677
SC_std=0.012825738078025326
SC_avg_abs=0.008633769040741014
SC_std_abs=0.010045171741933588
---
combined
TV_avg=11669.891599999999
TV_std=864.6798211809037
FD_avg=8.741338
FD_std=1.128438578707942
IGSD_avg=25.127866666666666
IGSD_std=3.639786520601937
SC_pos_avg=0.2317696
SC_neg_avg=0.7682304
SC_avg=-0.0030164965164608294
SC_std=0.011850308255102226
SC_avg_abs=0.00804680235621736
SC_std_abs=0.00920749851016764