conf_id=148
---
run_0
TV=10187.304
FD=6.888566
IGSD=[23.995,28.745,38.719,28.659,24.11,24.101]
SC_pos=0.221753
SC_neg=0.778247
SC_avg=-0.0024229846541546484
SC_std=0.009406713256674524
SC_avg_abs=0.006031883500339981
SC_std_abs=0.007614032464199996
---
run_1
TV=13041.519
FD=11.102787
IGSD=[21.611,22.133,22.331,22.321,22.131,21.129]
SC_pos=0.235222
SC_neg=0.764778
SC_avg=-0.004318447311724523
SC_std=0.016638619653472783
SC_avg_abs=0.011883689163944203
SC_std_abs=0.012420570961587347
---
run_2
TV=17650.01
FD=15.313872
IGSD=[14.323,18.205,20.547,18.469,15.555,14.487]
SC_pos=0.232717
SC_neg=0.767283
SC_avg=-0.006805853219257025
SC_std=0.018872792402393854
SC_avg_abs=0.014959445950781863
SC_std_abs=0.013368504327394398
---
run_3
TV=11583.133
FD=9.056612
IGSD=[24.945,22.677,23.185,24.976,21.419,21.049]
SC_pos=0.189869
SC_neg=0.810131
SC_avg=-0.0030978146108888863
SC_std=0.01661540231887472
SC_avg_abs=0.009248254610881192
SC_std_abs=0.014147008031164015
---
run_4
TV=13025.639
FD=10.770135
IGSD=[22.24,25.093,23.934,23.579,20.775,20.131]
SC_pos=0.244787
SC_neg=0.755213
SC_avg=-0.0035776736108783192
SC_std=0.012272627686843344
SC_avg_abs=0.009193991625146824
SC_std_abs=0.008881872370315796
---
combined
TV_avg=13097.520999999999
TV_std=2509.8284141622903
FD_avg=10.6263944
FD_std=2.780490440592134
IGSD_avg=22.519133333333325
IGSD_std=4.482066084098072
SC_pos_avg=0.2248696
SC_neg_avg=0.7751304
SC_avg=-0.004044554681380684
SC_std=0.015229213812436446
SC_avg_abs=0.01026345297021881
SC_std_abs=0.01195612433206054