conf_id=15
---
run_0
TV=17580.868
FD=15.147064
IGSD=[16.872,15.174,16.855,18.346,15.696,16.595]
SC_pos=0.213741
SC_neg=0.786259
SC_avg=-0.007269876225076727
SC_std=0.02147523970648944
SC_avg_abs=0.016067708005584904
SC_std_abs=0.01599580508215761
---
run_1
TV=9461.619
FD=6.374369
IGSD=[27.191,27.108,25.819,28.311,25.991,26.897]
SC_pos=0.158506
SC_neg=0.841494
SC_avg=-0.0027633151303986508
SC_std=0.012214941955385387
SC_avg_abs=0.0063655146248626825
SC_std_abs=0.010785218636818802
---
run_2
TV=10611.882
FD=7.544004
IGSD=[27.71,24.829,24.035,25.037,24.29,24.945]
SC_pos=0.177142
SC_neg=0.822858
SC_avg=-0.0026003247765021423
SC_std=0.014294613884235514
SC_avg_abs=0.007492762498195865
SC_std_abs=0.012448139828436185
---
run_3
TV=23120.095
FD=22.406609
IGSD=[11.855,12.766,13.062,11.778,12.707,13.537]
SC_pos=0.18061
SC_neg=0.81939
SC_avg=-0.011915592740192724
SC_std=0.0335784965861177
SC_avg_abs=0.02632856533073961
SC_std_abs=0.024006320646009636
---
run_4
TV=25392.37
FD=28.916608
IGSD=[10.397,12.309,13.093,11.76,10.849,10.803]
SC_pos=0.180398
SC_neg=0.819602
SC_avg=-0.014402284302218743
SC_std=0.03897238362731266
SC_avg_abs=0.031526547508736825
SC_std_abs=0.02706195264380832
---
combined
TV_avg=17233.3668
TV_std=6412.2973110379535
FD_avg=16.0777308
FD_std=8.634087456569741
IGSD_avg=18.553900000000002
IGSD_std=6.412620729727694
SC_pos_avg=0.1820794
SC_neg_avg=0.8179206
SC_avg=-0.007790278634877806
SC_std=0.026736875170110506
SC_avg_abs=0.01755621959362396
SC_std_abs=0.02161777251826744