conf_id=59
---
run_0
TV=10928.432
FD=8.135987
IGSD=[26.721,26.669,25.969,24.427,24.321,25.586]
SC_pos=0.205788
SC_neg=0.794212
SC_avg=-0.0025688384294032416
SC_std=0.012433077601796412
SC_avg_abs=0.007384816744932569
SC_std_abs=0.010326898429462451
---
run_1
TV=7354.554
FD=4.979995
IGSD=[37.739,35.624,35.482,36.909,35.621,36.531]
SC_pos=0.202742
SC_neg=0.797258
SC_avg=-0.0010601521789228682
SC_std=0.008215509920493115
SC_avg_abs=0.0038776404932220803
SC_std_abs=0.007320002056114475
---
run_2
TV=9052.354
FD=5.899538
IGSD=[30.012,33.843,31.544,31.07,28.898,29.599]
SC_pos=0.221559
SC_neg=0.778441
SC_avg=-0.002051408615866557
SC_std=0.007182732982501921
SC_avg_abs=0.004909083797051852
SC_std_abs=0.0056303487175036904
---
run_3
TV=10813.163
FD=7.461784
IGSD=[28.991,23.636,23.449,25.67,26.133,27.902]
SC_pos=0.228541
SC_neg=0.771459
SC_avg=-0.0026942742362184185
SC_std=0.010729838454003503
SC_avg_abs=0.006928369310991875
SC_std_abs=0.008624746117971739
---
run_4
TV=10452.969
FD=6.708836
IGSD=[30.336,24.983,25.366,31.651,30.071,27.196]
SC_pos=0.24806
SC_neg=0.75194
SC_avg=-0.0018112476686492696
SC_std=0.007014414004666454
SC_avg_abs=0.005149760146300289
SC_std_abs=0.005095350074491985
---
combined
TV_avg=9720.294399999999
TV_std=1358.9438785342977
FD_avg=6.637227999999999
FD_std=1.115518408209385
IGSD_avg=29.3983
IGSD_std=4.293976984490408
SC_pos_avg=0.221338
SC_neg_avg=0.778662
SC_avg=-0.0020371842258120705
SC_std=0.009377839589559662
SC_avg_abs=0.005649934098499729
SC_std_abs=0.0077570767444972415