conf_id=159
---
run_0
TV=8992.421
FD=5.412447
IGSD=[38.989,29.756,30.089,36.074,26.886,26.784]
SC_pos=0.218915
SC_neg=0.781085
SC_avg=-0.0015484389133804302
SC_std=0.008505699949447238
SC_avg_abs=0.00495316126770279
SC_std_abs=0.0070859571092849825
---
run_1
TV=11579.297
FD=8.281329
IGSD=[25.93,22.974,22.98,24.472,24.84,23.89]
SC_pos=0.202842
SC_neg=0.797158
SC_avg=-0.002944161251533155
SC_std=0.014439996384959
SC_avg_abs=0.008546993114649772
SC_std_abs=0.01200543584260012
---
run_2
TV=9457.881
FD=6.595959
IGSD=[28.1,28.069,29.722,29.509,29.207,28.332]
SC_pos=0.203002
SC_neg=0.796998
SC_avg=-0.0020834483155675503
SC_std=0.010096404173256935
SC_avg_abs=0.005740533867070466
SC_std_abs=0.008562967069562883
---
run_3
TV=9483.442
FD=7.066112
IGSD=[28.407,28.004,28.658,28.25,27.969,26.861]
SC_pos=0.202567
SC_neg=0.797433
SC_avg=-0.002253973942389396
SC_std=0.011557010712108262
SC_avg_abs=0.006270190034354184
SC_std_abs=0.009966424236697986
---
run_4
TV=9686.545
FD=6.204579
IGSD=[32.37,29.641,27.185,31.916,31.895,28.807]
SC_pos=0.238558
SC_neg=0.761442
SC_avg=-0.002075922084640106
SC_std=0.008377487754603634
SC_avg_abs=0.005448791528750079
SC_std_abs=0.006693461321039494
---
combined
TV_avg=9839.9172
TV_std=898.9150299912448
FD_avg=6.7120852
FD_std=0.9537262046542287
IGSD_avg=28.552199999999996
IGSD_std=3.3834517227234073
SC_pos_avg=0.2131768
SC_neg_avg=0.7868232
SC_avg=-0.002181188901502126
SC_std=0.010840230933676299
SC_avg_abs=0.006191933962505458
SC_std_abs=0.009161230568184605