conf_id=16
---
run_0
TV=9360.538
FD=5.883734
IGSD=[28.422,28.235,27.602,28.776,30.72,34.684]
SC_pos=0.221814
SC_neg=0.778186
SC_avg=-0.001937989237391408
SC_std=0.008717543334012378
SC_avg_abs=0.005246450816629724
SC_std_abs=0.0072267639987281945
---
run_1
TV=11111.544
FD=7.436486
IGSD=[25.632,23.476,22.804,25.374,27.437,24.414]
SC_pos=0.20556
SC_neg=0.79444
SC_avg=-0.003144810159529229
SC_std=0.010315651993946804
SC_avg_abs=0.007102137792458046
SC_std_abs=0.008115549628745796
---
run_2
TV=11912.486
FD=8.33455
IGSD=[22.839,23.266,23.127,22.479,21.758,22.284]
SC_pos=0.169999
SC_neg=0.830001
SC_avg=-0.0036872892650291434
SC_std=0.014937787408305314
SC_avg_abs=0.008892722219056374
SC_std_abs=0.012555998021440794
---
run_3
TV=9247.997
FD=5.255363
IGSD=[33.068,28.814,29.427,28.96,30.506,29.464]
SC_pos=0.191437
SC_neg=0.808563
SC_avg=-0.002263976923105085
SC_std=0.008277281359654842
SC_avg_abs=0.005163166052321779
SC_std_abs=0.0068542464597790625
---
run_4
TV=7932.781
FD=4.834066
IGSD=[35.596,32.986,34.739,35.88,37.759,33.747]
SC_pos=0.209812
SC_neg=0.790188
SC_avg=-0.0015636716926228217
SC_std=0.006423144843172034
SC_avg_abs=0.003975338036062871
SC_std_abs=0.005281907452588433
---
combined
TV_avg=9913.069200000002
TV_std=1421.4895356352647
FD_avg=6.3488397999999995
FD_std=1.3291029935454064
IGSD_avg=28.475833333333334
IGSD_std=4.6561509574850435
SC_pos_avg=0.1997244
SC_neg_avg=0.8002756
SC_avg=-0.0025195474555355364
SC_std=0.010182216909833442
SC_avg_abs=0.0060759629833057605
SC_std_abs=0.00855034118647273