conf_id=24
---
run_0
TV=17787.979
FD=17.336267
IGSD=[15.582,18.619,20.622,17.075,14.782,14.356]
SC_pos=0.248611
SC_neg=0.751389
SC_avg=-0.005581677160252024
SC_std=0.02203143496351481
SC_avg_abs=0.016369585056978605
SC_std_abs=0.015766290988536418
---
run_1
TV=18353.858
FD=18.290188
IGSD=[16.639,15.202,14.718,18.415,16.281,16.373]
SC_pos=0.24023
SC_neg=0.75977
SC_avg=-0.00709298525946771
SC_std=0.02093364706084675
SC_avg_abs=0.017040253966965895
SC_std_abs=0.014076852059335834
---
run_2
TV=20668.519
FD=21.945018
IGSD=[16.125,13.406,13.524,15.041,13.897,14.013]
SC_pos=0.223086
SC_neg=0.776914
SC_avg=-0.009438133198027832
SC_std=0.027048074669677714
SC_avg_abs=0.021395455805121786
SC_std_abs=0.01905022762308254
---
run_3
TV=19196.044
FD=18.491973
IGSD=[16.031,15.129,15.974,16.238,14.356,13.81]
SC_pos=0.235979
SC_neg=0.764021
SC_avg=-0.007692974060679999
SC_std=0.02486966237413453
SC_avg_abs=0.018731573829154944
SC_std_abs=0.018077889765806612
---
run_4
TV=18757.914
FD=17.825655
IGSD=[16.385,16.457,16.696,18.148,13.726,14.208]
SC_pos=0.250504
SC_neg=0.749496
SC_avg=-0.007476540804287094
SC_std=0.02083227120471872
SC_avg_abs=0.017201140598542355
SC_std_abs=0.01392849410576394
---
combined
TV_avg=18952.8628
TV_std=975.3337218797268
FD_avg=18.7778202
FD_std=1.6331154206038718
IGSD_avg=15.7276
IGSD_std=1.6789932817018653
SC_pos_avg=0.239682
SC_neg_avg=0.760318
SC_avg=-0.007456462096542929
SC_std=0.023303707750884257
SC_avg_abs=0.01814760185135272
SC_std_abs=0.0164111598913844