conf_id=278
---
run_0
TV=9069.866
FD=5.873635
IGSD=[27.507,27.371,28.079,26.753,26.981,26.365]
SC_pos=0.189127
SC_neg=0.810873
SC_avg=-0.0028529873106063236
SC_std=0.01129422629750349
SC_avg_abs=0.006054735783517198
SC_std_abs=0.009951847006736814
---
run_1
TV=11248.537
FD=7.966833
IGSD=[25.081,23.818,25.469,24.988,24.095,24.355]
SC_pos=0.201066
SC_neg=0.798934
SC_avg=-0.0032857933386333236
SC_std=0.011757353615965738
SC_avg_abs=0.007388508172939341
SC_std_abs=0.009718114472132862
---
run_2
TV=9179.068
FD=6.276869
IGSD=[29.236,28.544,28.949,32.767,27.854,27.746]
SC_pos=0.190755
SC_neg=0.809245
SC_avg=-0.002118575894665905
SC_std=0.009954410783064064
SC_avg_abs=0.005641501554478268
SC_std_abs=0.00847066219786038
---
run_3
TV=9689.485
FD=6.747882
IGSD=[26.633,27.078,28.774,25.426,26.825,29.048]
SC_pos=0.202797
SC_neg=0.797203
SC_avg=-0.002332328956560561
SC_std=0.01084168609154078
SC_avg_abs=0.006004241629564105
SC_std_abs=0.009323679430510741
---
run_4
TV=13164.828
FD=10.537532
IGSD=[20.932,20.192,20.425,21.562,21.783,22.008]
SC_pos=0.192764
SC_neg=0.807236
SC_avg=-0.004707590933322399
SC_std=0.014846604704956889
SC_avg_abs=0.010173386378710706
SC_std_abs=0.011793442807348953
---
combined
TV_avg=10470.3568
TV_std=1555.9114039833244
FD_avg=7.480550200000001
FD_std=1.6822268734996955
IGSD_avg=25.888133333333332
IGSD_std=2.9687071230120066
SC_pos_avg=0.1953018
SC_neg_avg=0.8046982
SC_avg=-0.0030594552867577026
SC_std=0.011891788848610875
SC_avg_abs=0.00705247470384192
SC_std_abs=0.010051741601497988