conf_id=170
---
run_0
TV=18763.768
FD=16.878687
IGSD=[16.195,15.442,15.241,15.182,15.339,16.08]
SC_pos=0.20435
SC_neg=0.79565
SC_avg=-0.0073035429857469065
SC_std=0.02410154535523233
SC_avg_abs=0.01749972663793707
SC_std_abs=0.018110378136649986
---
run_1
TV=13537.329
FD=9.344898
IGSD=[20.853,20.675,20.522,20.249,20.263,20.208]
SC_pos=0.182672
SC_neg=0.817328
SC_avg=-0.004718264942158764
SC_std=0.015926954693038
SC_avg_abs=0.010481029067699286
SC_std_abs=0.012887123012547524
---
run_2
TV=10359.437
FD=7.491046
IGSD=[24.633,24.609,23.954,24.63,24.645,25.591]
SC_pos=0.165289
SC_neg=0.834711
SC_avg=-0.0029936463444370904
SC_std=0.013934183796387417
SC_avg_abs=0.007532935125842068
SC_std_abs=0.012098689387570949
---
run_3
TV=10506.409
FD=7.117019
IGSD=[25.813,27.719,26.951,26.241,24.609,25.284]
SC_pos=0.185057
SC_neg=0.814943
SC_avg=-0.002563946790451314
SC_std=0.012137208335098923
SC_avg_abs=0.0069602814796037235
SC_std_abs=0.010268404503064033
---
run_4
TV=13679.354
FD=8.524858
IGSD=[18.689,18.825,18.388,20.63,19.785,19.252]
SC_pos=0.141068
SC_neg=0.858932
SC_avg=-0.005510722383507045
SC_std=0.01939549096875256
SC_avg_abs=0.011664472465744992
SC_std_abs=0.016446677877398966
---
combined
TV_avg=13369.259399999999
TV_std=3048.936613942284
FD_avg=9.871301599999999
FD_std=3.5901295415124284
IGSD_avg=21.216566666666665
IGSD_std=3.849473528361451
SC_pos_avg=0.1756872
SC_neg_avg=0.8243128
SC_avg=-0.004618024689260229
SC_std=0.017703601640843333
SC_avg_abs=0.010827688955365435
SC_std_abs=0.01474804444576112