conf_id=135
---
run_0
TV=9808.031
FD=7.255357
IGSD=[27.083,27.875,27.406,26.052,25.446,26.701]
SC_pos=0.188535
SC_neg=0.811465
SC_avg=-0.002349697909332068
SC_std=0.012862322397316824
SC_avg_abs=0.0066788054180061136
SC_std_abs=0.01124072844196717
---
run_1
TV=9569.925
FD=6.973866
IGSD=[27.541,28.545,29.252,27.98,26.453,27.339]
SC_pos=0.183776
SC_neg=0.816224
SC_avg=-0.0022638083097137056
SC_std=0.011399571099246318
SC_avg_abs=0.006177549333502602
SC_std_abs=0.00984443667977209
---
run_2
TV=7501.354
FD=5.197234
IGSD=[33.378,38.837,32.593,35.312,32.568,33.731]
SC_pos=0.205333
SC_neg=0.794667
SC_avg=-0.0014579117317060862
SC_std=0.00870406768900998
SC_avg_abs=0.004107529061095618
SC_std_abs=0.007811178269926293
---
run_3
TV=7662.874
FD=5.215461
IGSD=[31.858,37.281,31.409,36.548,30.962,31.964]
SC_pos=0.194228
SC_neg=0.805772
SC_avg=-0.001517914118895834
SC_std=0.009316291252532643
SC_avg_abs=0.0043728637518437264
SC_std_abs=0.008365130517939978
---
run_4
TV=8762.152
FD=5.773594
IGSD=[32.163,32.439,28.639,32.325,27.123,30.303]
SC_pos=0.191677
SC_neg=0.808323
SC_avg=-0.0018802536226967155
SC_std=0.009527651030757799
SC_avg_abs=0.005006583597794022
SC_std_abs=0.008321394626375085
---
combined
TV_avg=8660.867199999999
TV_std=947.954721144718
FD_avg=6.0831024
FD_std=0.8718945474183446
IGSD_avg=30.570200000000003
IGSD_std=3.4976054894741924
SC_pos_avg=0.1927098
SC_neg_avg=0.8072902
SC_avg=-0.0018939171384688815
SC_std=0.010482327901442932
SC_avg_abs=0.005268666232448418
SC_std_abs=0.009257822448708602