conf_id=145
---
run_0
TV=13671.508
FD=11.460418
IGSD=[20.729,19.32,19.942,20.032,27.401,20.599]
SC_pos=0.248838
SC_neg=0.751162
SC_avg=-0.0035062723945937582
SC_std=0.014706732676921963
SC_avg_abs=0.010326808031470696
SC_std_abs=0.011042597883500371
---
run_1
TV=12297.989
FD=9.42915
IGSD=[25.401,24.763,23.827,22.72,18.785,20.813]
SC_pos=0.214005
SC_neg=0.785995
SC_avg=-0.0037451062350446745
SC_std=0.013658035814540103
SC_avg_abs=0.009002708037425108
SC_std_abs=0.010932475063585188
---
run_2
TV=10634.223
FD=7.691509
IGSD=[26.371,28.633,24.795,23.795,34.588,28.639]
SC_pos=0.242555
SC_neg=0.757445
SC_avg=-0.0024748098656915234
SC_std=0.009405781675188865
SC_avg_abs=0.006899547284223422
SC_std_abs=0.006854900441684611
---
run_3
TV=10841.569
FD=7.799562
IGSD=[28.186,27.022,25.225,25.853,27.916,26.079]
SC_pos=0.241884
SC_neg=0.758116
SC_avg=-0.002603860007046194
SC_std=0.010818996939423953
SC_avg_abs=0.007523427719351892
SC_std_abs=0.008199318085258497
---
run_4
TV=12660.641
FD=8.552676
IGSD=[24.249,22.476,22.367,22.559,19.262,25.99]
SC_pos=0.240375
SC_neg=0.759625
SC_avg=-0.002885410920951691
SC_std=0.011234672996537104
SC_avg_abs=0.007951505813653195
SC_std_abs=0.008444941019172767
---
combined
TV_avg=12021.186000000002
TV_std=1142.300129701122
FD_avg=8.986663
FD_std=1.384935805680538
IGSD_avg=24.2779
IGSD_std=3.527827559561266
SC_pos_avg=0.2375314
SC_neg_avg=0.7624686
SC_avg=-0.0030430918846655643
SC_std=0.012131078452405186
SC_avg_abs=0.008340799377224867
SC_std_abs=0.009319578230038759