conf_id=241
---
run_0
TV=24426.776
FD=19.615735
IGSD=[13.477,11.216,11.801,13.099,12.204,11.646]
SC_pos=0.224187
SC_neg=0.775813
SC_avg=-0.012990415590622103
SC_std=0.031438878576385
SC_avg_abs=0.026475252599255587
SC_std_abs=0.021359189665419605
---
run_1
TV=24255.044
FD=21.828181
IGSD=[13.018,13.115,11.061,13.031,12.874,11.022]
SC_pos=0.230055
SC_neg=0.769945
SC_avg=-0.012938710735564185
SC_std=0.032922360371459514
SC_avg_abs=0.02720457921215078
SC_std_abs=0.02260979694328687
---
run_2
TV=27014.818
FD=23.363061
IGSD=[11.747,10.223,10.806,11.918,10.39,10.209]
SC_pos=0.191202
SC_neg=0.808798
SC_avg=-0.01661733761886098
SC_std=0.041448027764487874
SC_avg_abs=0.03335364804206725
SC_std_abs=0.02969190255593051
---
run_3
TV=22645.201
FD=22.227135
IGSD=[15.286,9.991,10.241,10.656,19.454,14.354]
SC_pos=0.230661
SC_neg=0.769339
SC_avg=-0.009799415499395408
SC_std=0.028883175364167284
SC_avg_abs=0.022122402457397005
SC_std_abs=0.0209968014887979
---
run_4
TV=21409.61
FD=19.851112
IGSD=[11.574,12.959,16.195,11.332,18.569,13.258]
SC_pos=0.259504
SC_neg=0.740496
SC_avg=-0.007389681896906821
SC_std=0.025558996077146554
SC_avg_abs=0.019122160609338697
SC_std_abs=0.018498990584345985
---
combined
TV_avg=23950.289800000002
TV_std=1890.4791949035987
FD_avg=21.3770448
FD_std=1.4353480893107977
IGSD_avg=12.557533333333334
IGSD_std=2.2803592075713763
SC_pos_avg=0.2271218
SC_neg_avg=0.7728782
SC_avg=-0.011947112268269902
SC_std=0.032640433608922666
SC_avg_abs=0.025655608584041877
SC_std_abs=0.02345039756404083