conf_id=272
---
run_0
TV=9768.07
FD=6.69011
IGSD=[28.266,26.89,26.996,28.043,28.468,26.855]
SC_pos=0.178216
SC_neg=0.821784
SC_avg=-0.0024799654364186063
SC_std=0.01081457857702636
SC_avg_abs=0.006193879611147039
SC_std_abs=0.009205498016246896
---
run_1
TV=15031.965
FD=12.205793
IGSD=[20.08,18.722,18.606,19.687,20.922,21.122]
SC_pos=0.239662
SC_neg=0.760338
SC_avg=-0.004802635258387352
SC_std=0.014911597889448125
SC_avg_abs=0.01159811517161796
SC_std_abs=0.010531133913666873
---
run_2
TV=11649.643
FD=7.93848
IGSD=[22.692,23.573,22.675,24.021,33.388,27.254]
SC_pos=0.253149
SC_neg=0.746851
SC_avg=-0.002217952198445509
SC_std=0.010267489447104617
SC_avg_abs=0.007001806199876112
SC_std_abs=0.007830412597071134
---
run_3
TV=10465.132
FD=7.397593
IGSD=[27.094,24.514,25.34,24.581,28.49,25.026]
SC_pos=0.200636
SC_neg=0.799364
SC_avg=-0.0028575204947380813
SC_std=0.011543669667916794
SC_avg_abs=0.006842968506009538
SC_std_abs=0.009726022558353026
---
run_4
TV=11008.107
FD=7.100078
IGSD=[24.384,24.802,27.357,25.177,27.591,30.211]
SC_pos=0.235147
SC_neg=0.764853
SC_avg=-0.002433932286560664
SC_std=0.009267581278394102
SC_avg_abs=0.00677017062559543
SC_std_abs=0.006780625253435555
---
combined
TV_avg=11584.5834
TV_std=1831.6053099218295
FD_avg=8.2664108
FD_std=2.011276784000591
IGSD_avg=25.09423333333334
IGSD_std=3.4313105240158928
SC_pos_avg=0.221362
SC_neg_avg=0.778638
SC_avg=-0.002958401134910048
SC_std=0.011561489371521724
SC_avg_abs=0.007681388022849233
SC_std_abs=0.009133260743309349