conf_id=31
---
run_0
TV=11896.106
FD=8.136939
IGSD=[24.444,23.543,29.012,24.76,22.628,22.598]
SC_pos=0.22363
SC_neg=0.77637
SC_avg=-0.0028977232774376927
SC_std=0.01142735529084602
SC_avg_abs=0.0077892234885562186
SC_std_abs=0.00884925118759519
---
run_1
TV=9055.458
FD=5.631666
IGSD=[31.394,31.991,31.823,32.272,31.108,29.312]
SC_pos=0.221981
SC_neg=0.778019
SC_avg=-0.0017519609170968883
SC_std=0.007519196609651225
SC_avg_abs=0.004938254378785865
SC_std_abs=0.005934755968026629
---
run_2
TV=11474.855
FD=8.040859
IGSD=[25.78,26.3,25.633,23.836,23.269,23.987]
SC_pos=0.21989
SC_neg=0.78011
SC_avg=-0.0029559828729514258
SC_std=0.010696558565812694
SC_avg_abs=0.007347110424958063
SC_std_abs=0.008317100955291794
---
run_3
TV=12485.992
FD=9.375568
IGSD=[22.886,21.238,23.99,22.022,25.178,22.667]
SC_pos=0.211109
SC_neg=0.788891
SC_avg=-0.0033331980810273358
SC_std=0.011988196996584724
SC_avg_abs=0.008292812921661173
SC_std_abs=0.009276655136557396
---
run_4
TV=11056.299
FD=7.320352
IGSD=[25.059,25.554,26.964,25.784,27.798,25.363]
SC_pos=0.229072
SC_neg=0.770928
SC_avg=-0.0028278953287773348
SC_std=0.009634760952385243
SC_avg_abs=0.006974914606637552
SC_std_abs=0.007223307886989318
---
combined
TV_avg=11193.742
TV_std=1169.0507955319988
FD_avg=7.7010768
FD_std=1.2277427264858707
IGSD_avg=25.939766666666667
IGSD_std=3.1800668093960267
SC_pos_avg=0.2211364
SC_neg_avg=0.7788636
SC_avg=-0.002753352095458138
SC_std=0.010387406627364652
SC_avg_abs=0.0070684631641197765
SC_std_abs=0.00809419500020013