conf_id=293
---
run_0
TV=9174.711
FD=6.377626
IGSD=[29.359,29.14,28.201,30.121,28.114,28.677]
SC_pos=0.197087
SC_neg=0.802913
SC_avg=-0.0022997824062054527
SC_std=0.00969782068505331
SC_avg_abs=0.005502236216564004
SC_std_abs=0.0083103623129483
---
run_1
TV=11545.679
FD=8.608438
IGSD=[26.484,24.533,23.798,24.833,25.704,26.671]
SC_pos=0.237829
SC_neg=0.762171
SC_avg=-0.0030120097306926153
SC_std=0.010658936994446207
SC_avg_abs=0.0077982934153292775
SC_std_abs=0.007865860428318884
---
run_2
TV=11485.684
FD=8.317433
IGSD=[22.967,28.853,26.453,26.463,23.624,23.822]
SC_pos=0.233128
SC_neg=0.766872
SC_avg=-0.002538817154488245
SC_std=0.009985152733053827
SC_avg_abs=0.006752373221460957
SC_std_abs=0.007781665857927406
---
run_3
TV=10955.028
FD=7.80933
IGSD=[27.548,26.762,25.55,25.271,25.104,25.227]
SC_pos=0.228176
SC_neg=0.771824
SC_avg=-0.002545114380708579
SC_std=0.01039660778462995
SC_avg_abs=0.0066601822228651774
SC_std_abs=0.008379083088056133
---
run_4
TV=10312.602
FD=7.292894
IGSD=[27.224,29.926,26.066,27.028,27.241,25.804]
SC_pos=0.224626
SC_neg=0.775374
SC_avg=-0.0026292355889202842
SC_std=0.009809869370633594
SC_avg_abs=0.006334677864645704
SC_std_abs=0.007938404953270391
---
combined
TV_avg=10694.7408
TV_std=880.22236368804
FD_avg=7.6811442
FD_std=0.7913364320409868
IGSD_avg=26.55226666666667
IGSD_std=1.8920856910357475
SC_pos_avg=0.2241692
SC_neg_avg=0.7758308
SC_avg=-0.0026049918522030348
SC_std=0.01011883687001697
SC_avg_abs=0.006609552588173023
SC_std_abs=0.00809262977876995