conf_id=125
---
run_0
TV=12179.093
FD=9.790482
IGSD=[24.157,22.581,23.121,23.894,22.594,22.117]
SC_pos=0.216831
SC_neg=0.783169
SC_avg=-0.0038045627908526464
SC_std=0.014188627075298948
SC_avg_abs=0.009516109907517781
SC_std_abs=0.01119086629977719
---
run_1
TV=13582.907
FD=10.602676
IGSD=[18.191,29.19,20.891,21.432,18.27,23.116]
SC_pos=0.239742
SC_neg=0.760258
SC_avg=-0.0036026549736598084
SC_std=0.014629775944113839
SC_avg_abs=0.010407483729322384
SC_std_abs=0.010894666101267063
---
run_2
TV=12241.27
FD=9.379489
IGSD=[22.023,25.718,24.157,24.087,23.15,23.772]
SC_pos=0.239521
SC_neg=0.760479
SC_avg=-0.0036358817623743625
SC_std=0.012845175793831905
SC_avg_abs=0.009290973764639356
SC_std_abs=0.009586239297513633
---
run_3
TV=12664.48
FD=9.745244
IGSD=[24.468,24.521,21.23,22.28,21.561,23.73]
SC_pos=0.235462
SC_neg=0.764538
SC_avg=-0.0034642158648070165
SC_std=0.01299848940795696
SC_avg_abs=0.008822044401092547
SC_std_abs=0.010155444403466619
---
run_4
TV=16049.459
FD=11.984697
IGSD=[18.788,18.095,18.013,18.869,18.011,17.543]
SC_pos=0.2014
SC_neg=0.7986
SC_avg=-0.006374943414724639
SC_std=0.018182333548297774
SC_avg_abs=0.014169776073078679
SC_std_abs=0.013055826394422638
---
combined
TV_avg=13343.4418
TV_std=1443.007456622647
FD_avg=10.300517600000001
FD_std=0.932150064766098
IGSD_avg=21.985666666666667
IGSD_std=2.7309967695981547
SC_pos_avg=0.2265912
SC_neg_avg=0.7734088
SC_avg=-0.004176451761283692
SC_std=0.014737736660611513
SC_avg_abs=0.010441277575130142
SC_std_abs=0.011208182448146824