conf_id=124
---
run_0
TV=14174.415
FD=13.064191
IGSD=[23.121,23.493,20.346,20.57,18.085,18.773]
SC_pos=0.246358
SC_neg=0.753642
SC_avg=-0.003939967875383218
SC_std=0.014019986909678421
SC_avg_abs=0.010806838996180942
SC_std_abs=0.009761947076133367
---
run_1
TV=15187.902
FD=13.969434
IGSD=[15.74,22.738,25.458,19.521,17.606,15.896]
SC_pos=0.255445
SC_neg=0.744555
SC_avg=-0.004153396205362084
SC_std=0.019032060991234015
SC_avg_abs=0.013707823966713675
SC_std_abs=0.013840722803031558
---
run_2
TV=14673.185
FD=13.667209
IGSD=[19.24,25.471,22.006,19.434,18.398,18.161]
SC_pos=0.254
SC_neg=0.746
SC_avg=-0.004090869938864958
SC_std=0.01668076515801652
SC_avg_abs=0.012597975767843458
SC_std_abs=0.011673651942148854
---
run_3
TV=15469.993
FD=15.223165
IGSD=[17.004,21.651,20.772,19.066,18.097,18.311]
SC_pos=0.254874
SC_neg=0.745126
SC_avg=-0.004214267981249644
SC_std=0.01974027922572443
SC_avg_abs=0.014267265553451888
SC_std_abs=0.014278788889630602
---
run_4
TV=14246.961
FD=12.140275
IGSD=[19.922,24.306,19.697,19.085,18.922,22.968]
SC_pos=0.249952
SC_neg=0.750048
SC_avg=-0.0036709516473094456
SC_std=0.015298746472068152
SC_avg_abs=0.011249087153201717
SC_std_abs=0.010999343972854646
---
combined
TV_avg=14750.4912
TV_std=509.9791656993059
FD_avg=13.6128548
FD_std=1.0190903078680316
IGSD_avg=20.128600000000002
IGSD_std=2.550782423754196
SC_pos_avg=0.2521258
SC_neg_avg=0.7478742
SC_avg=-0.004013890729633868
SC_std=0.01709354370940462
SC_avg_abs=0.012525798287478329
SC_std_abs=0.012304671169770114