conf_id=119
---
run_0
TV=11304.76
FD=7.290456
IGSD=[25.46,25.39,27.243,23.227,23.286,23.462]
SC_pos=0.206561
SC_neg=0.793439
SC_avg=-0.003387891859460762
SC_std=0.009998590148619495
SC_avg_abs=0.007117219249840211
SC_std_abs=0.0077971024336720915
---
run_1
TV=7651.835
FD=5.045772
IGSD=[36.38,35.957,34.153,36.365,36.041,34.322]
SC_pos=0.215777
SC_neg=0.784223
SC_avg=-0.0011105789046038446
SC_std=0.008104127568863174
SC_avg_abs=0.004097653337907041
SC_std_abs=0.00707951313849325
---
run_2
TV=10181.713
FD=7.206551
IGSD=[28.658,30.364,30.334,27.755,28.034,26.472]
SC_pos=0.254657
SC_neg=0.745343
SC_avg=-0.0021566164606838176
SC_std=0.009603382721101325
SC_avg_abs=0.006539625693732847
SC_std_abs=0.007355898995521151
---
run_3
TV=10372.315
FD=7.342945
IGSD=[30.786,25.234,24.606,30.28,28.655,28.528]
SC_pos=0.240322
SC_neg=0.759678
SC_avg=-0.002363472371627169
SC_std=0.010171026119405312
SC_avg_abs=0.006822619435000081
SC_std_abs=0.007904912271380958
---
run_4
TV=7412.927
FD=4.87584
IGSD=[34.826,37.368,36.854,36.772,36.954,35.502]
SC_pos=0.207415
SC_neg=0.792585
SC_avg=-0.0011174555700793189
SC_std=0.007738317968305244
SC_avg_abs=0.003913306429859871
SC_std_abs=0.006768774240267915
---
combined
TV_avg=9384.710000000001
TV_std=1561.2785392266176
FD_avg=6.3523128
FD_std=1.1382625806839826
IGSD_avg=30.642266666666668
IGSD_std=4.791780009789914
SC_pos_avg=0.2249464
SC_neg_avg=0.7750536
SC_avg=-0.002027203033290983
SC_std=0.009217962083080152
SC_avg_abs=0.0056980848292680075
SC_std_abs=0.007524108344631491