conf_id=292
---
run_0
TV=10349.509
FD=7.620913
IGSD=[28.365,26.961,26.081,27.195,27.306,25.637]
SC_pos=0.20768
SC_neg=0.79232
SC_avg=-0.0023982403462369014
SC_std=0.01106985886145351
SC_avg_abs=0.006706348806694864
SC_std_abs=0.009127881334338308
---
run_1
TV=10849.831
FD=7.851479
IGSD=[26.682,29.858,30.045,27.179,24.689,22.984]
SC_pos=0.235698
SC_neg=0.764302
SC_avg=-0.0021533780849851913
SC_std=0.009978172568223935
SC_avg_abs=0.0065354975671125266
SC_std_abs=0.007841443523256246
---
run_2
TV=8249.617
FD=5.559294
IGSD=[34.569,34.829,33.611,33.382,32.695,33.962]
SC_pos=0.218966
SC_neg=0.781034
SC_avg=-0.0015006168522096698
SC_std=0.007622834023927792
SC_avg_abs=0.004270447581344408
SC_std_abs=0.006490202381164743
---
run_3
TV=12550.09
FD=8.946734
IGSD=[22.674,21.43,21.104,23.004,23.119,23.28]
SC_pos=0.189182
SC_neg=0.810818
SC_avg=-0.0035033049612036397
SC_std=0.015206679083377559
SC_avg_abs=0.009086513878682312
SC_std_abs=0.012686666225945265
---
run_4
TV=8586.142
FD=5.767924
IGSD=[35.93,35.703,35.37,34.586,31.148,30.774]
SC_pos=0.246466
SC_neg=0.753534
SC_avg=-0.0017528203976192186
SC_std=0.006757866643197931
SC_avg_abs=0.004579936384550974
SC_std_abs=0.005269281130004681
---
combined
TV_avg=10117.037800000002
TV_std=1571.093513158959
FD_avg=7.1492688
FD_std=1.2948020607576123
IGSD_avg=28.805066666666665
IGSD_std=4.739285346500626
SC_pos_avg=0.2195984
SC_neg_avg=0.7804016
SC_avg=-0.0022616721284509237
SC_std=0.010578613497703587
SC_avg_abs=0.006235748843677016
SC_std_abs=0.008839550933672419