conf_id=88
---
run_0
TV=16546.796
FD=13.04793
IGSD=[15.538,18.356,21.3,15.897,17.312,17.02]
SC_pos=0.221374
SC_neg=0.778626
SC_avg=-0.005866286349264273
SC_std=0.019054749490673456
SC_avg_abs=0.013563812815228478
SC_std_abs=0.014612315887542552
---
run_1
TV=24532.104
FD=27.990644
IGSD=[13.287,11.395,11.725,13.129,11.396,12.117]
SC_pos=0.216381
SC_neg=0.783619
SC_avg=-0.013353309380750246
SC_std=0.03462889570067354
SC_avg_abs=0.028558689894267814
SC_std_abs=0.023703850328358114
---
run_2
TV=20901.132
FD=19.879592
IGSD=[15.142,13.261,11.699,13.6,16.746,12.678]
SC_pos=0.24221
SC_neg=0.75779
SC_avg=-0.007773331127020104
SC_std=0.02638678289250225
SC_avg_abs=0.019502185375183508
SC_std_abs=0.01939978746838035
---
run_3
TV=14905.852
FD=11.558377
IGSD=[18.51,17.147,17.387,21.086,19.3,19.117]
SC_pos=0.199355
SC_neg=0.800645
SC_avg=-0.005290993412238427
SC_std=0.018048461141908778
SC_avg_abs=0.012396184515354097
SC_std_abs=0.014144828395588147
---
run_4
TV=13810.905
FD=10.211173
IGSD=[18.013,18.587,17.562,17.389,25.244,22.271]
SC_pos=0.191486
SC_neg=0.808514
SC_avg=-0.005111080972255492
SC_std=0.015460343640213934
SC_avg_abs=0.010478401395701232
SC_std_abs=0.012463886968719752
---
combined
TV_avg=18139.357799999998
TV_std=4005.5440878033232
FD_avg=16.537543199999998
FD_std=6.623220732496038
IGSD_avg=16.440366666666666
IGSD_std=3.474480982663294
SC_pos_avg=0.2141612
SC_neg_avg=0.7858388
SC_avg=-0.007479000248305704
SC_std=0.02396190636098642
SC_avg_abs=0.016899854799147036
SC_std_abs=0.018560800331197586