conf_id=263
---
run_0
TV=19414.882
FD=15.074098
IGSD=[16.782,14.656,14.667,16.481,15.112,13.841]
SC_pos=0.238871
SC_neg=0.761129
SC_avg=-0.007503087083743243
SC_std=0.024223920257321358
SC_avg_abs=0.018542773253958745
SC_std_abs=0.01729913837367547
---
run_1
TV=14799.939
FD=12.25617
IGSD=[16.202,23.461,32.717,18.616,17.356,18.466]
SC_pos=0.260761
SC_neg=0.739239
SC_avg=-0.0038517166189431466
SC_std=0.012153234720548134
SC_avg_abs=0.009993974213907166
SC_std_abs=0.007915637339920154
---
run_2
TV=21513.957
FD=19.894852
IGSD=[15.611,12.554,13.275,15.266,12.675,13.228]
SC_pos=0.190531
SC_neg=0.809469
SC_avg=-0.011576981523381432
SC_std=0.027452380174330753
SC_avg_abs=0.022918274600450556
SC_std_abs=0.019037131290376874
---
run_3
TV=19701.941
FD=18.035801
IGSD=[14.433,14.217,15.604,15.857,14.937,14.424]
SC_pos=0.223916
SC_neg=0.776084
SC_avg=-0.00826782374558156
SC_std=0.024416382111149146
SC_avg_abs=0.018906536184041502
SC_std_abs=0.01752311371894779
---
run_4
TV=18353.969
FD=18.401865
IGSD=[16.062,16.56,18.211,16.772,14.507,14.751]
SC_pos=0.249797
SC_neg=0.750203
SC_avg=-0.006393963343993513
SC_std=0.02279992215415491
SC_avg_abs=0.017286762883806577
SC_std_abs=0.01618292453417811
---
combined
TV_avg=18756.9376
TV_std=2224.738179852505
FD_avg=16.7325572
FD_std=2.7303358994041305
IGSD_avg=16.243366666666667
IGSD_std=3.7227887887382964
SC_pos_avg=0.2327752
SC_neg_avg=0.7672248
SC_avg=-0.007518714463128592
SC_std=0.022960277212649628
SC_avg_abs=0.017529664227232934
SC_std_abs=0.01662577122843473