conf_id=0
---
run_0
TV=22740.869
FD=24.67814
IGSD=[10.776,16.197,17.029,13.897,11.745,11.135]
SC_pos=0.244264
SC_neg=0.755736
SC_avg=-0.01029390027929113
SC_std=0.025731477506117335
SC_avg_abs=0.02180670047751352
SC_std_abs=0.017103833836067985
---
run_1
TV=27711.786
FD=32.96429
IGSD=[10.798,9.934,10.189,9.788,11.934,11.023]
SC_pos=0.185022
SC_neg=0.814978
SC_avg=-0.01682164878756129
SC_std=0.04557753135043693
SC_avg_abs=0.036743893407324715
SC_std_abs=0.03178310131505861
---
run_2
TV=21558.109
FD=21.861421
IGSD=[10.924,20.208,14.013,13.321,13.586,11.099]
SC_pos=0.245576
SC_neg=0.754424
SC_avg=-0.00810931485428218
SC_std=0.025502155631044434
SC_avg_abs=0.01930091221093837
SC_std_abs=0.01853633504934411
---
run_3
TV=23956.512
FD=27.462148
IGSD=[12.376,14.849,11.246,12.955,11.716,11.504]
SC_pos=0.231415
SC_neg=0.768585
SC_avg=-0.011084595210644763
SC_std=0.035191539884972506
SC_avg_abs=0.02697713748372602
SC_std_abs=0.025170355254616566
---
run_4
TV=23361.587
FD=24.052554
IGSD=[14.012,13.425,12.007,14.366,12.49,12.014]
SC_pos=0.24304
SC_neg=0.75696
SC_avg=-0.011893230641575804
SC_std=0.02796830193073289
SC_avg_abs=0.024410942631969506
SC_std_abs=0.018104715623313408
---
combined
TV_avg=23865.7726
TV_std=2080.623715667838
FD_avg=26.2037106
FD_std=3.823595633876552
IGSD_avg=12.6852
IGSD_std=2.230181837130476
SC_pos_avg=0.2298634
SC_neg_avg=0.7701366
SC_avg=-0.011640537954671024
SC_std=0.03302105521586783
SC_avg_abs=0.025847917242294446
SC_std_abs=0.023617311144138033