conf_id=197
---
run_0
TV=9646.154
FD=6.542602
IGSD=[27.467,30.021,27.066,30.021,35.545,28.958]
SC_pos=0.237648
SC_neg=0.762352
SC_avg=-0.0018804607659416038
SC_std=0.007580923266408436
SC_avg_abs=0.005096872802965523
SC_std_abs=0.0059184810461645285
---
run_1
TV=11189.682
FD=7.784436
IGSD=[24.373,25.257,29.602,29.279,25.955,23.616]
SC_pos=0.255806
SC_neg=0.744194
SC_avg=-0.0022049586006798773
SC_std=0.009287191077511022
SC_avg_abs=0.006670355132101888
SC_std_abs=0.006827893009747189
---
run_2
TV=8095.749
FD=5.119969
IGSD=[34.991,34.708,35.055,36.192,34.613,35.133]
SC_pos=0.223527
SC_neg=0.776473
SC_avg=-0.0014165134698644194
SC_std=0.0063015465092650476
SC_avg_abs=0.003968388606927598
SC_std_abs=0.005095869963327664
---
run_3
TV=9448.886
FD=6.574235
IGSD=[28.052,29.601,29.115,28.536,30.497,29.791]
SC_pos=0.207807
SC_neg=0.792193
SC_avg=-0.0017154326528501479
SC_std=0.009863276234476559
SC_avg_abs=0.0057254229100284085
SC_std_abs=0.0082125793612833
---
run_4
TV=14764.447
FD=12.078067
IGSD=[20.157,19.085,23.434,22.153,18.89,18.307]
SC_pos=0.240284
SC_neg=0.759716
SC_avg=-0.004744000502885988
SC_std=0.014905431227893982
SC_avg_abs=0.011903084032259653
SC_std_abs=0.010148596522762392
---
combined
TV_avg=10628.983600000001
TV_std=2288.768320966594
FD_avg=7.619861800000001
FD_std=2.3835253875584717
IGSD_avg=28.18233333333334
IGSD_std=5.184372198144043
SC_pos_avg=0.2330144
SC_neg_avg=0.7669856
SC_avg=-0.002392273198444408
SC_std=0.010100750293597064
SC_avg_abs=0.0066728246968566175
SC_std_abs=0.007951197275543916