conf_id=254
---
run_0
TV=21999.781
FD=22.90677
IGSD=[12.131,16.37,13.953,13.884,12.2,12.715]
SC_pos=0.223137
SC_neg=0.776863
SC_avg=-0.010107460823666477
SC_std=0.027345484721876378
SC_avg_abs=0.022003865879912637
SC_std_abs=0.019125014648756312
---
run_1
TV=12067.635
FD=8.597003
IGSD=[23.689,23.374,24.215,22.25,22.773,23.743]
SC_pos=0.22486
SC_neg=0.77514
SC_avg=-0.0033665248514153623
SC_std=0.011356499380983136
SC_avg_abs=0.007990507435600643
SC_std_abs=0.008743875495858708
---
run_2
TV=13818.19
FD=9.759911
IGSD=[21.255,18.769,18.327,25.225,20.737,19.72]
SC_pos=0.214901
SC_neg=0.785099
SC_avg=-0.004120997411802957
SC_std=0.014552415033837899
SC_avg_abs=0.010305273690309404
SC_std_abs=0.011070534637178768
---
run_3
TV=13643.003
FD=11.332658
IGSD=[19.028,19.609,20.013,18.999,19.312,18.638]
SC_pos=0.145749
SC_neg=0.854251
SC_avg=-0.004171604512880301
SC_std=0.022533587718294088
SC_avg_abs=0.012470854565875768
SC_std_abs=0.01922609284453586
---
run_4
TV=13867.032
FD=10.955725
IGSD=[17.99,18.248,18.434,21.004,22.572,21.37]
SC_pos=0.188611
SC_neg=0.811389
SC_avg=-0.003939088923321003
SC_std=0.01970874745141823
SC_avg_abs=0.01138241280589058
SC_std_abs=0.016564776677212192
---
combined
TV_avg=15079.128200000001
TV_std=3523.8082922923827
FD_avg=12.710413400000002
FD_std=5.187840374740172
IGSD_avg=19.351566666666667
IGSD_std=3.545841082012685
SC_pos_avg=0.1994516
SC_neg_avg=0.8005484
SC_avg=-0.005141135304617219
SC_std=0.02007961611159236
SC_avg_abs=0.012830582875517806
SC_std_abs=0.01627877140584541