conf_id=221
---
run_0
TV=23023.814
FD=24.733456
IGSD=[14.202,12.433,11.274,13.647,11.625,13.089]
SC_pos=0.236585
SC_neg=0.763415
SC_avg=-0.00963723259143901
SC_std=0.0319750743934167
SC_avg_abs=0.02433014071365019
SC_std_abs=0.022876317171695443
---
run_1
TV=19671.695
FD=15.830884
IGSD=[11.3,14.303,18.325,12.355,11.924,25.373]
SC_pos=0.261162
SC_neg=0.738838
SC_avg=-0.004180754917241508
SC_std=0.027215721234047523
SC_avg_abs=0.017973461967229584
SC_std_abs=0.020859742541076
---
run_2
TV=25973.288
FD=22.211358
IGSD=[12.585,10.857,11.037,12.816,10.787,10.721]
SC_pos=0.20643
SC_neg=0.79357
SC_avg=-0.01486925025188116
SC_std=0.03865246901419354
SC_avg_abs=0.0312876233085664
SC_std_abs=0.02713286921148429
---
run_3
TV=23692.745
FD=24.637951
IGSD=[11.953,15.843,11.657,13.83,10.653,11.279]
SC_pos=0.22722
SC_neg=0.77278
SC_avg=-0.011125616851963737
SC_std=0.032970889422467065
SC_avg_abs=0.025218971799778424
SC_std_abs=0.023976287473402354
---
run_4
TV=26572.318
FD=27.722855
IGSD=[11.568,11.045,10.4,11.235,10.91,11.22]
SC_pos=0.19561
SC_neg=0.80439
SC_avg=-0.014845571181851641
SC_std=0.043429255183695004
SC_avg_abs=0.03359748573915031
SC_std_abs=0.03126819696646285
---
combined
TV_avg=23786.771999999997
TV_std=2452.138798632492
FD_avg=23.0273008
FD_std=4.000189152792123
IGSD_avg=12.674866666666668
IGSD_std=2.907855323468178
SC_pos_avg=0.2254014
SC_neg_avg=0.7745986
SC_avg=-0.01093168515887541
SC_std=0.03552014971676498
SC_avg_abs=0.02648153670567496
SC_std_abs=0.02607510287650206