conf_id=238
---
run_0
TV=10953.275
FD=7.847267
IGSD=[26.052,27.748,24.13,28.559,23.752,24.191]
SC_pos=0.211887
SC_neg=0.788113
SC_avg=-0.0029316631905881383
SC_std=0.01084029866227844
SC_avg_abs=0.0070588609259245125
SC_std_abs=0.008733796802015796
---
run_1
TV=10940.599
FD=7.884047
IGSD=[28.392,24.576,25.272,28.927,24.395,24.039]
SC_pos=0.221569
SC_neg=0.778431
SC_avg=-0.0028951189057923946
SC_std=0.009776733973488117
SC_avg_abs=0.006598575906630605
SC_std_abs=0.007773354274151374
---
run_2
TV=8433.199
FD=5.743037
IGSD=[31.828,32.155,32.627,31.114,28.487,28.482]
SC_pos=0.202002
SC_neg=0.797998
SC_avg=-0.0021433514790694455
SC_std=0.009669960457235708
SC_avg_abs=0.005068336759392584
SC_std_abs=0.008509644722355995
---
run_3
TV=11481.87
FD=8.858157
IGSD=[23.078,22.979,23.255,24.185,22.394,22.09]
SC_pos=0.171612
SC_neg=0.828388
SC_avg=-0.003711111713269279
SC_std=0.013883633439926253
SC_avg_abs=0.008362629378774388
SC_std_abs=0.011687346042445326
---
run_4
TV=9184.752
FD=6.950122
IGSD=[28.462,31.419,30.045,29.626,27.842,28.508]
SC_pos=0.203989
SC_neg=0.796011
SC_avg=-0.002082424232147722
SC_std=0.009392166632169005
SC_avg_abs=0.005429142487243886
SC_std_abs=0.0079418950246316
---
combined
TV_avg=10198.739
TV_std=1175.7046504820842
FD_avg=7.456526000000001
FD_std=1.0480946292219993
IGSD_avg=26.953633333333332
IGSD_std=3.1784988541063783
SC_pos_avg=0.2022118
SC_neg_avg=0.7977882
SC_avg=-0.002752733904173395
SC_std=0.010856926344601853
SC_avg_abs=0.006503509091593193
SC_std_abs=0.009118923351737319