conf_id=91
---
run_0
TV=13035.674
FD=8.438709
IGSD=[21.591,21.412,21.72,21.728,21.205,20.83]
SC_pos=0.176684
SC_neg=0.823316
SC_avg=-0.004524006697009113
SC_std=0.013602564195176147
SC_avg_abs=0.009625152814316904
SC_std_abs=0.010623220913617438
---
run_1
TV=13303.515
FD=9.872188
IGSD=[21.582,22.218,20.29,22.929,20.582,20.372]
SC_pos=0.221125
SC_neg=0.778875
SC_avg=-0.004533660562988766
SC_std=0.012876512116264926
SC_avg_abs=0.009816342770035427
SC_std_abs=0.0094867305749605
---
run_2
TV=13108.199
FD=10.418519
IGSD=[21.479,21.39,20.698,22.726,22.295,21.807]
SC_pos=0.218171
SC_neg=0.781829
SC_avg=-0.0040287327201291145
SC_std=0.013405727073273954
SC_avg_abs=0.009665101579456565
SC_std_abs=0.010125710698619398
---
run_3
TV=17111.356
FD=13.939344
IGSD=[18.959,16.569,16.291,19.032,15.468,15.211]
SC_pos=0.219763
SC_neg=0.780237
SC_avg=-0.006176116966455245
SC_std=0.020383962766945242
SC_avg_abs=0.014780066229906796
SC_std_abs=0.015336231646239401
---
run_4
TV=12492.385
FD=8.874738
IGSD=[20.722,23.506,26.067,21.256,25.725,20.811]
SC_pos=0.222719
SC_neg=0.777281
SC_avg=-0.0032462357302347877
SC_std=0.012292216272022054
SC_avg_abs=0.008422628021348324
SC_std_abs=0.009523442891539533
---
combined
TV_avg=13810.2258
TV_std=1672.3452349999266
FD_avg=10.3086996
FD_std=1.9461393655730415
IGSD_avg=20.882366666666666
IGSD_std=2.4633390683289123
SC_pos_avg=0.2116924
SC_neg_avg=0.7883076
SC_avg=-0.004501750535363406
SC_std=0.014844240863724068
SC_avg_abs=0.010461858283012812
SC_std_abs=0.011452806030360271