conf_id=134
---
run_0
TV=8838.746
FD=5.82928
IGSD=[33.075,31.169,32.208,33.069,33.683,32.027]
SC_pos=0.244469
SC_neg=0.755531
SC_avg=-0.0016112962747938254
SC_std=0.007497387535609185
SC_avg_abs=0.0049596610267780535
SC_std_abs=0.005848833904611356
---
run_1
TV=9112.446
FD=6.571957
IGSD=[32.963,29.347,30.304,27.019,36.638,35.226]
SC_pos=0.260535
SC_neg=0.739465
SC_avg=-0.001567950445417319
SC_std=0.007742138680495249
SC_avg_abs=0.005173449447198978
SC_std_abs=0.0059694724025312045
---
run_2
TV=8375.339
FD=5.610669
IGSD=[36.232,32.904,34.038,35.877,30.577,31.481]
SC_pos=0.226947
SC_neg=0.773053
SC_avg=-0.0013934302862833473
SC_std=0.008257904400211239
SC_avg_abs=0.004590126803571513
SC_std_abs=0.007004667656134318
---
run_3
TV=12117.765
FD=9.399066
IGSD=[25.,23.11,23.175,23.536,26.803,24.552]
SC_pos=0.243198
SC_neg=0.756802
SC_avg=-0.002929270231500905
SC_std=0.01057287726835836
SC_avg_abs=0.007996437608985451
SC_std_abs=0.007511547336370135
---
run_4
TV=9877.365
FD=6.152139
IGSD=[30.081,26.914,27.459,29.288,28.29,29.378]
SC_pos=0.220686
SC_neg=0.779314
SC_avg=-0.0020387536056603902
SC_std=0.009951466707296672
SC_avg_abs=0.0056944594799987576
SC_std_abs=0.008411975815566727
---
combined
TV_avg=9664.3322
TV_std=1320.0295374739762
FD_avg=6.7126222
FD_std=1.3817020448579207
IGSD_avg=30.180766666666667
IGSD_std=3.8839490614865464
SC_pos_avg=0.239167
SC_neg_avg=0.760833
SC_avg=-0.0019081401687311569
SC_std=0.008907193471926653
SC_avg_abs=0.005682826873306548
SC_std_abs=0.007119309880731635