conf_id=64
---
run_0
TV=11928.675
FD=9.799506
IGSD=[20.998,28.404,32.549,23.797,24.219,20.549]
SC_pos=0.258106
SC_neg=0.741894
SC_avg=-0.0020838510371216784
SC_std=0.010950140557586113
SC_avg_abs=0.007819547151845619
SC_std_abs=0.007943720521007044
---
run_1
TV=15324.246
FD=11.941903
IGSD=[20.255,17.802,18.997,21.753,18.24,18.195]
SC_pos=0.22091
SC_neg=0.77909
SC_avg=-0.0057784292666814415
SC_std=0.0159382273896552
SC_avg_abs=0.012949997056264066
SC_std_abs=0.010941431047040782
---
run_2
TV=12056.802
FD=10.133675
IGSD=[23.982,25.078,24.523,24.342,23.48,27.712]
SC_pos=0.257543
SC_neg=0.742457
SC_avg=-0.002938654205742256
SC_std=0.010634691314454983
SC_avg_abs=0.008504022283310948
SC_std_abs=0.007029505878767137
---
run_3
TV=13725.959
FD=12.405333
IGSD=[20.433,19.678,24.783,21.903,21.018,21.674]
SC_pos=0.265418
SC_neg=0.734582
SC_avg=-0.003243935198990852
SC_std=0.013082406654201899
SC_avg_abs=0.010253381456161908
SC_std_abs=0.008748751234067237
---
run_4
TV=11468.749
FD=9.37346
IGSD=[25.844,24.387,26.571,23.575,30.737,25.446]
SC_pos=0.253933
SC_neg=0.746067
SC_avg=-0.0025808016145610646
SC_std=0.009137922416325515
SC_avg_abs=0.007350840863345758
SC_std_abs=0.006010599110094732
---
combined
TV_avg=12900.886199999999
TV_std=1432.6274853760694
FD_avg=10.7307754
FD_std=1.2113686389644733
IGSD_avg=23.364133333333335
IGSD_std=3.5350325008721244
SC_pos_avg=0.251182
SC_neg_avg=0.748818
SC_avg=-0.003325134264619455
SC_std=0.012247038429741315
SC_avg_abs=0.009375557762185656
SC_std_abs=0.008552507516817935