conf_id=282
---
run_0
TV=12737.44
FD=11.211561
IGSD=[23.219,21.734,23.49,20.664,23.263,27.116]
SC_pos=0.253855
SC_neg=0.746145
SC_avg=-0.0028881667874726983
SC_std=0.010327921458449494
SC_avg_abs=0.008167541941308849
SC_std_abs=0.006949728604853776
---
run_1
TV=13527.552
FD=11.206403
IGSD=[22.756,23.771,22.081,26.392,19.941,19.341]
SC_pos=0.248067
SC_neg=0.751933
SC_avg=-0.003858712969435634
SC_std=0.011187411697343191
SC_avg_abs=0.009374968859995426
SC_std_abs=0.007222036079974817
---
run_2
TV=16303.198
FD=15.775496
IGSD=[18.56,15.823,18.171,18.606,18.615,18.936]
SC_pos=0.247155
SC_neg=0.752845
SC_avg=-0.005595851582507989
SC_std=0.020092684737043898
SC_avg_abs=0.014943362291060558
SC_std_abs=0.014550788924103174
---
run_3
TV=15285.077
FD=14.304214
IGSD=[20.389,18.505,18.274,20.633,20.082,19.297]
SC_pos=0.245144
SC_neg=0.754856
SC_avg=-0.005602768601225759
SC_std=0.01660845382060119
SC_avg_abs=0.013550379610722118
SC_std_abs=0.011118406662613578
---
run_4
TV=15154.041
FD=14.64721
IGSD=[19.791,19.111,19.249,19.489,18.699,19.562]
SC_pos=0.232659
SC_neg=0.767341
SC_avg=-0.004989355274427824
SC_std=0.01768504128849855
SC_avg_abs=0.013278612877234029
SC_std_abs=0.012701684592482748
---
combined
TV_avg=14601.4616
TV_std=1288.1334665123175
FD_avg=13.428976800000001
FD_std=1.8768618365959069
IGSD_avg=20.518666666666668
IGSD_std=2.478683714303936
SC_pos_avg=0.245376
SC_neg_avg=0.754624
SC_avg=-0.004586971043013979
SC_std=0.01568291707036186
SC_avg_abs=0.011862973116064195
SC_std_abs=0.011236728172952945