conf_id=236
---
run_0
TV=7531.043
FD=4.779374
IGSD=[36.116,37.97,37.941,34.388,46.106,36.536]
SC_pos=0.239451
SC_neg=0.760549
SC_avg=-0.0011471193877048997
SC_std=0.005395125419523391
SC_avg_abs=0.003472065950243198
SC_std_abs=0.004285792717712523
---
run_1
TV=10537.864
FD=6.908167
IGSD=[29.139,24.332,25.905,29.784,30.173,27.119]
SC_pos=0.232234
SC_neg=0.767766
SC_avg=-0.0024306047426528843
SC_std=0.007740185221433676
SC_avg_abs=0.005780424307017152
SC_std_abs=0.0056925391090402
---
run_2
TV=8861.168
FD=5.718644
IGSD=[31.284,30.263,34.741,32.995,35.353,31.808]
SC_pos=0.242941
SC_neg=0.757059
SC_avg=-0.0014157342045936867
SC_std=0.006412862158645361
SC_avg_abs=0.004401555121667201
SC_std_abs=0.004873952904447005
---
run_3
TV=8258.588
FD=5.053649
IGSD=[33.067,30.228,32.598,35.009,43.268,33.126]
SC_pos=0.227361
SC_neg=0.772639
SC_avg=-0.0013638380590097348
SC_std=0.006323887563357849
SC_avg_abs=0.004044901423207498
SC_std_abs=0.0050487999209445295
---
run_4
TV=8161.724
FD=5.362861
IGSD=[35.517,37.607,34.76,35.938,34.217,31.908]
SC_pos=0.232399
SC_neg=0.767601
SC_avg=-0.0015679723689349374
SC_std=0.00650444362175755
SC_avg_abs=0.004281224795867549
SC_std_abs=0.005141734962599179
---
combined
TV_avg=8670.0774
TV_std=1024.7232280508917
FD_avg=5.564539
FD_std=0.7412491131081371
IGSD_avg=33.63986666666667
IGSD_std=4.493552215737073
SC_pos_avg=0.2348772
SC_neg_avg=0.7651228
SC_avg=-0.0015850537525792273
SC_std=0.006533400762447062
SC_avg_abs=0.004396034319600527
SC_std_abs=0.005086511887551596