conf_id=191
---
run_0
TV=9353.746
FD=5.9785
IGSD=[30.495,27.328,31.289,25.857,39.406,28.816]
SC_pos=0.230459
SC_neg=0.769541
SC_avg=-0.001708564082174152
SC_std=0.007828275552668788
SC_avg_abs=0.0050390419028652775
SC_std_abs=0.006229698712825148
---
run_1
TV=17002.069
FD=14.913056
IGSD=[18.567,14.712,15.131,19.02,17.368,17.334]
SC_pos=0.22428
SC_neg=0.77572
SC_avg=-0.005421507534494269
SC_std=0.01941710398164966
SC_avg_abs=0.014095120929969434
SC_std_abs=0.014413335386034381
---
run_2
TV=12485.428
FD=8.347402
IGSD=[24.334,20.733,21.148,22.936,29.192,21.755]
SC_pos=0.230714
SC_neg=0.769286
SC_avg=-0.003486290260083954
SC_std=0.010297472124844777
SC_avg_abs=0.00785209640887616
SC_std_abs=0.007519091296508213
---
run_3
TV=7331.905
FD=4.096556
IGSD=[35.977,41.298,37.21,38.653,40.928,35.614]
SC_pos=0.211565
SC_neg=0.788435
SC_avg=-0.0011581146326964217
SC_std=0.005170173633718496
SC_avg_abs=0.0032656425061953947
SC_std_abs=0.004172230090370539
---
run_4
TV=14239.28
FD=10.334694
IGSD=[21.753,18.854,20.283,19.667,25.642,17.747]
SC_pos=0.244811
SC_neg=0.755189
SC_avg=-0.003745775432579112
SC_std=0.013627639688339927
SC_avg_abs=0.00993259760021947
SC_std_abs=0.010054198226544235
---
combined
TV_avg=12082.4856
TV_std=3435.999456718502
FD_avg=8.734041600000001
FD_std=3.7414189672064047
IGSD_avg=25.968233333333337
IGSD_std=8.109897663486402
SC_pos_avg=0.2283658
SC_neg_avg=0.7716342
SC_avg=-0.00310405038840558
SC_std=0.01239717379223735
SC_avg_abs=0.008036899869625158
SC_std_abs=0.00993646251612296