conf_id=18
---
run_0
TV=10786.314
FD=7.346226
IGSD=[24.793,24.107,24.082,24.845,23.596,24.467]
SC_pos=0.162786
SC_neg=0.837214
SC_avg=-0.003087441851045008
SC_std=0.013942003536327307
SC_avg_abs=0.007689882664278651
SC_std_abs=0.012032350742900329
---
run_1
TV=12163.913
FD=8.878412
IGSD=[22.743,24.176,24.,21.668,24.386,21.29]
SC_pos=0.218456
SC_neg=0.781544
SC_avg=-0.0030754220802165543
SC_std=0.01212988977228102
SC_avg_abs=0.007670272406089979
SC_std_abs=0.00988733371923624
---
run_2
TV=11456.849
FD=8.575449
IGSD=[23.175,25.839,24.61,21.952,22.006,21.664]
SC_pos=0.184959
SC_neg=0.815041
SC_avg=-0.003294381300774019
SC_std=0.014060395566296747
SC_avg_abs=0.008313706840268642
SC_std_abs=0.011808045994562226
---
run_3
TV=10072.792
FD=7.109459
IGSD=[25.29,25.946,27.617,25.715,23.864,23.799]
SC_pos=0.180243
SC_neg=0.819757
SC_avg=-0.0031039952503671346
SC_std=0.01165582593315929
SC_avg_abs=0.006784796140379862
SC_std_abs=0.009972943699424799
---
run_4
TV=13220.706
FD=10.12615
IGSD=[22.57,19.877,20.673,19.9,21.457,20.195]
SC_pos=0.182624
SC_neg=0.817376
SC_avg=-0.004506154342296986
SC_std=0.015284764292021774
SC_avg_abs=0.009911237576478119
SC_std_abs=0.012477853025335488
---
combined
TV_avg=11540.1148
TV_std=1090.109720603463
FD_avg=8.4071392
FD_std=1.0968076486530174
IGSD_avg=23.3434
IGSD_std=1.9219307236908065
SC_pos_avg=0.1858136
SC_neg_avg=0.8141864
SC_avg=-0.0034134789649399376
SC_std=0.01349233260917166
SC_avg_abs=0.008073979125499054
SC_std_abs=0.01133603718067341