conf_id=255
---
run_0
TV=13792.745
FD=9.979912
IGSD=[21.134,19.885,23.098,22.004,18.305,20.397]
SC_pos=0.224795
SC_neg=0.775205
SC_avg=-0.0037265566919109866
SC_std=0.015155581107558979
SC_avg_abs=0.010034423446111482
SC_std_abs=0.011953627465750858
---
run_1
TV=9158.124
FD=6.290956
IGSD=[29.986,30.743,33.976,27.393,27.025,27.374]
SC_pos=0.195637
SC_neg=0.804363
SC_avg=-0.001999485261432879
SC_std=0.009865856055849463
SC_avg_abs=0.005334452689620484
SC_std_abs=0.008536783441532863
---
run_2
TV=9055.727
FD=6.873125
IGSD=[28.874,28.063,27.717,28.726,27.351,28.495]
SC_pos=0.168704
SC_neg=0.831296
SC_avg=-0.002325922990071997
SC_std=0.011860408133846652
SC_avg_abs=0.005987586850063809
SC_std_abs=0.010498952451083125
---
run_3
TV=11634.242
FD=7.869051
IGSD=[24.369,24.341,24.187,25.055,23.357,23.877]
SC_pos=0.180087
SC_neg=0.819913
SC_avg=-0.0034629713908021866
SC_std=0.012238850122954895
SC_avg_abs=0.007820297963631874
SC_std_abs=0.0100311795391012
---
run_4
TV=9646.993
FD=7.076606
IGSD=[26.173,26.431,25.501,27.363,26.163,28.152]
SC_pos=0.161549
SC_neg=0.838451
SC_avg=-0.0027245336115762036
SC_std=0.012241733361360871
SC_avg_abs=0.0065247619054707474
SC_std_abs=0.010710303504951764
---
combined
TV_avg=10657.5662
TV_std=1823.1135813564006
FD_avg=7.617929999999999
FD_std=1.2845736166247539
IGSD_avg=25.850500000000004
IGSD_std=3.3728676300738516
SC_pos_avg=0.1861544
SC_neg_avg=0.8138456
SC_avg=-0.0028478939891588527
SC_std=0.01240567096756892
SC_avg_abs=0.0071403045709796786
SC_std_abs=0.010536945618285975