conf_id=11
---
run_0
TV=10207.036
FD=6.565391
IGSD=[28.933,27.283,26.654,28.104,27.417,27.623]
SC_pos=0.211545
SC_neg=0.788455
SC_avg=-0.0026706675706782983
SC_std=0.00877220988919239
SC_avg_abs=0.0060923309890919325
SC_std_abs=0.00685329371415435
---
run_1
TV=10469.767
FD=7.031466
IGSD=[26.226,26.047,25.959,26.234,26.701,25.268]
SC_pos=0.185384
SC_neg=0.814616
SC_avg=-0.0030038817910947044
SC_std=0.010855814976507996
SC_avg_abs=0.006691143224926229
SC_std_abs=0.009060939629120666
---
run_2
TV=10704.089
FD=6.687307
IGSD=[26.788,26.257,25.779,24.599,25.799,25.705]
SC_pos=0.204071
SC_neg=0.795929
SC_avg=-0.0028040417325554123
SC_std=0.011170780844410035
SC_avg_abs=0.00682829480105331
SC_std_abs=0.009274879234882731
---
run_3
TV=14398.927
FD=11.776606
IGSD=[18.057,18.234,19.391,17.986,21.757,25.297]
SC_pos=0.228263
SC_neg=0.771737
SC_avg=-0.0041845142204356795
SC_std=0.015005058191667956
SC_avg_abs=0.010461823288280863
SC_std_abs=0.011541758275113641
---
run_4
TV=12381.316
FD=9.217354
IGSD=[22.766,22.019,24.394,22.124,20.538,22.326]
SC_pos=0.221176
SC_neg=0.778824
SC_avg=-0.0036084375006171917
SC_std=0.011803765813369452
SC_avg_abs=0.008250264407496896
SC_std_abs=0.00918056892458848
---
combined
TV_avg=11632.227
TV_std=1578.5870900932898
FD_avg=8.2556248
FD_std=2.0068536295885058
IGSD_avg=24.408833333333334
IGSD_std=3.0811122676000555
SC_pos_avg=0.2100878
SC_neg_avg=0.7899122
SC_avg=-0.003254308563076256
SC_std=0.011710372914595472
SC_avg_abs=0.007664771342169841
SC_std_abs=0.009432636868599074