conf_id=121
---
run_0
TV=14644.224
FD=14.1562
IGSD=[18.639,21.304,18.217,18.524,20.037,23.494]
SC_pos=0.255685
SC_neg=0.744315
SC_avg=-0.003622913641611467
SC_std=0.016502613954879747
SC_avg_abs=0.011844090014969909
SC_std_abs=0.012049037402035745
---
run_1
TV=12762.362
FD=9.240481
IGSD=[26.735,23.377,21.687,21.528,22.935,24.402]
SC_pos=0.259166
SC_neg=0.740834
SC_avg=-0.0029904965312648724
SC_std=0.010310822711786705
SC_avg_abs=0.008383581574577172
SC_std_abs=0.006706093831718574
---
run_2
TV=15401.771
FD=13.302213
IGSD=[21.63,16.2,16.25,16.039,27.315,20.665]
SC_pos=0.235894
SC_neg=0.764106
SC_avg=-0.004966241035499387
SC_std=0.015140609507424772
SC_avg_abs=0.01200136684563836
SC_std_abs=0.010481831906466147
---
run_3
TV=14500.835
FD=10.912218
IGSD=[18.39,20.38,22.207,21.732,20.72,19.196]
SC_pos=0.241795
SC_neg=0.758205
SC_avg=-0.004014097484401393
SC_std=0.014476382689205022
SC_avg_abs=0.011112416228410619
SC_std_abs=0.010109047430156256
---
run_4
TV=14934.741
FD=15.016436
IGSD=[20.042,19.972,19.907,20.507,20.473,17.787]
SC_pos=0.24949
SC_neg=0.75051
SC_avg=-0.004874440944586925
SC_std=0.016918633892270173
SC_avg_abs=0.013408969633199992
SC_std_abs=0.011410516231917757
---
combined
TV_avg=14448.786600000001
TV_std=897.6930088030322
FD_avg=12.525509600000001
FD_std=2.138282318679608
IGSD_avg=20.676366666666663
IGSD_std=2.678894616358687
SC_pos_avg=0.248406
SC_neg_avg=0.751594
SC_avg=-0.00409363792747281
SC_std=0.014876216828549393
SC_avg_abs=0.011350084859359217
SC_std_abs=0.010451567934841392