conf_id=242
---
run_0
TV=22688.969
FD=25.691969
IGSD=[12.319,11.941,15.502,13.182,12.338,11.786]
SC_pos=0.245978
SC_neg=0.754022
SC_avg=-0.00912949759911667
SC_std=0.02927420547619497
SC_avg_abs=0.02222005877172912
SC_std_abs=0.021132813841409425
---
run_1
TV=24633.534
FD=21.244372
IGSD=[10.65,14.246,11.895,11.157,13.191,11.115]
SC_pos=0.217615
SC_neg=0.782385
SC_avg=-0.012162293930287765
SC_std=0.036279528607973816
SC_avg_abs=0.027798408132741877
SC_std_abs=0.026293993514660607
---
run_2
TV=21597.099
FD=18.043209
IGSD=[13.91,11.734,11.907,12.063,12.609,22.196]
SC_pos=0.25344
SC_neg=0.74656
SC_avg=-0.0072125630961330425
SC_std=0.03056006316101615
SC_avg_abs=0.021826255302380616
SC_std_abs=0.022573283019895436
---
run_3
TV=24539.94
FD=27.513389
IGSD=[12.638,12.005,12.035,13.017,12.722,11.055]
SC_pos=0.230819
SC_neg=0.769181
SC_avg=-0.012810959555709316
SC_std=0.0342152304972306
SC_avg_abs=0.028119647333201055
SC_std_abs=0.023325696486343913
---
run_4
TV=23310.736
FD=23.194107
IGSD=[14.181,10.57,11.606,13.987,10.703,11.529]
SC_pos=0.229224
SC_neg=0.770776
SC_avg=-0.009926275101934702
SC_std=0.035204801367167415
SC_avg_abs=0.025649970286518813
SC_std_abs=0.0260765795495058
---
combined
TV_avg=23354.0556
TV_std=1146.6908959050124
FD_avg=23.1374092
FD_std=3.3230303983133465
IGSD_avg=12.65963333333333
IGSD_std=2.116523099855568
SC_pos_avg=0.2354152
SC_neg_avg=0.7645848
SC_avg=-0.010248317856636312
SC_std=0.033280512358206456
SC_avg_abs=0.0251228679653143
SC_std_abs=0.024113523734883003