conf_id=83
---
run_0
TV=30126.453
FD=24.470554
IGSD=[9.643,9.853,9.748,9.918,9.418,9.613]
SC_pos=0.164687
SC_neg=0.835313
SC_avg=-0.02028269743167123
SC_std=0.05360827803483125
SC_avg_abs=0.04340592876864807
SC_std_abs=0.037432080314825485
---
run_1
TV=23684.522
FD=24.653961
IGSD=[14.558,11.069,11.553,15.213,10.808,10.744]
SC_pos=0.221483
SC_neg=0.778517
SC_avg=-0.01163105458649396
SC_std=0.03340503348312983
SC_avg_abs=0.026269006481980165
SC_std_abs=0.023687908123190434
---
run_2
TV=24430.142
FD=22.780994
IGSD=[10.125,12.899,14.256,10.638,11.978,13.266]
SC_pos=0.216202
SC_neg=0.783798
SC_avg=-0.01162284881392969
SC_std=0.03364907746220526
SC_avg_abs=0.026535273340466247
SC_std_abs=0.023732473477404294
---
run_3
TV=21556.051
FD=18.744326
IGSD=[12.492,21.189,11.442,13.854,11.298,12.504]
SC_pos=0.245851
SC_neg=0.754149
SC_avg=-0.007986528665806038
SC_std=0.0290748256673579
SC_avg_abs=0.0210568579163525
SC_std_abs=0.021580983814635028
---
run_4
TV=28945.113
FD=21.443194
IGSD=[10.746,9.974,9.688,10.712,9.96,9.714]
SC_pos=0.171483
SC_neg=0.828517
SC_avg=-0.02037048553853758
SC_std=0.04644920023930295
SC_avg_abs=0.03919782495294934
SC_std_abs=0.03218719315045308
---
combined
TV_avg=25748.4562
TV_std=3254.5202027529285
FD_avg=22.4186058
FD_std=2.1813018920551452
IGSD_avg=11.629099999999998
IGSD_std=2.4003908341490283
SC_pos_avg=0.2039412
SC_neg_avg=0.7960588
SC_avg=-0.014378723007287712
SC_std=0.040624230812259285
SC_avg_abs=0.03129297829207927
SC_std_abs=0.02962811695028014