conf_id=68
---
run_0
TV=9545.585
FD=6.619874
IGSD=[31.244,28.484,28.516,29.387,27.234,27.267]
SC_pos=0.202697
SC_neg=0.797303
SC_avg=-0.0023357711611455066
SC_std=0.00895515973928551
SC_avg_abs=0.0054850125969817635
SC_std_abs=0.007454216906175354
---
run_1
TV=12503.54
FD=9.151794
IGSD=[21.574,23.808,23.793,23.399,21.977,21.12]
SC_pos=0.222983
SC_neg=0.777017
SC_avg=-0.0042011047769356736
SC_std=0.013766094519843715
SC_avg_abs=0.009478639615236208
SC_std_abs=0.010830975520263051
---
run_2
TV=10913.666
FD=8.050119
IGSD=[29.468,24.103,24.95,27.127,24.713,24.572]
SC_pos=0.209293
SC_neg=0.790707
SC_avg=-0.0028218834772412707
SC_std=0.010564464644167344
SC_avg_abs=0.006784356624146176
SC_std_abs=0.008575747476074203
---
run_3
TV=9596.351
FD=7.13014
IGSD=[28.365,27.648,26.909,28.586,29.825,28.183]
SC_pos=0.202066
SC_neg=0.797934
SC_avg=-0.0024434371021327733
SC_std=0.01067237890650107
SC_avg_abs=0.006084516663334543
SC_std_abs=0.009102126859674731
---
run_4
TV=12764.107
FD=9.133305
IGSD=[22.857,25.36,21.5,22.487,22.093,25.095]
SC_pos=0.239276
SC_neg=0.760724
SC_avg=-0.003514765367040236
SC_std=0.01188663212503311
SC_avg_abs=0.009053909027041635
SC_std_abs=0.008465951227787021
---
combined
TV_avg=11064.6498
TV_std=1374.3955124221561
FD_avg=8.017046400000002
FD_std=1.0269832376755914
IGSD_avg=25.721466666666664
IGSD_std=2.852936402297737
SC_pos_avg=0.215263
SC_neg_avg=0.784737
SC_avg=-0.0030633923768990908
SC_std=0.011304601568471276
SC_avg_abs=0.007377286905348069
SC_std_abs=0.00909692406217105