conf_id=130
---
run_0
TV=8686.097
FD=5.777634
IGSD=[29.513,39.273,29.749,30.31,27.605,32.549]
SC_pos=0.220214
SC_neg=0.779786
SC_avg=-0.001597189718522191
SC_std=0.009203504969436756
SC_avg_abs=0.00493536566013984
SC_std_abs=0.007930806044792202
---
run_1
TV=8031.765
FD=5.399021
IGSD=[32.436,32.936,31.456,31.747,31.267,36.229]
SC_pos=0.206005
SC_neg=0.793995
SC_avg=-0.0013591431281602766
SC_std=0.008678308062219637
SC_avg_abs=0.004073385422099291
SC_std_abs=0.007782533782043006
---
run_2
TV=11916.195
FD=9.142245
IGSD=[25.532,21.957,23.916,24.763,23.885,24.108]
SC_pos=0.233622
SC_neg=0.766378
SC_avg=-0.0032515434445635587
SC_std=0.012875694147206577
SC_avg_abs=0.008870155514559096
SC_std_abs=0.00988313592397832
---
run_3
TV=9580.628
FD=7.131998
IGSD=[27.021,31.008,27.699,27.479,27.439,29.376]
SC_pos=0.202768
SC_neg=0.797232
SC_avg=-0.0023484246021490294
SC_std=0.010768478928291182
SC_avg_abs=0.006260443933347247
SC_std_abs=0.00907094693504739
---
run_4
TV=13285.115
FD=10.044079
IGSD=[22.276,20.762,22.745,22.306,21.587,21.994]
SC_pos=0.226267
SC_neg=0.773733
SC_avg=-0.004019270982926382
SC_std=0.014491385877239674
SC_avg_abs=0.010013112628448957
SC_std_abs=0.011220177332255114
---
combined
TV_avg=10299.96
TV_std=1989.4756503294027
FD_avg=7.4989954
FD_std=1.8267667842700228
IGSD_avg=27.697433333333333
IGSD_std=4.622753188907618
SC_pos_avg=0.2177752
SC_neg_avg=0.7822248
SC_avg=-0.002515114375264286
SC_std=0.011461002512383344
SC_avg_abs=0.0068304926317188834
SC_std_abs=0.009540689142695733