conf_id=8
---
run_0
TV=22325.726
FD=23.684826
IGSD=[13.311,12.271,12.107,11.472,15.035,15.089]
SC_pos=0.19235
SC_neg=0.80765
SC_avg=-0.011087415683124153
SC_std=0.028695949803205393
SC_avg_abs=0.023402257639270944
SC_std_abs=0.019968040941055185
---
run_1
TV=13985.121
FD=10.736542
IGSD=[18.396,17.772,17.796,23.521,21.558,20.118]
SC_pos=0.195376
SC_neg=0.804624
SC_avg=-0.004004011863659541
SC_std=0.018799368818243133
SC_avg_abs=0.011369642783047113
SC_std_abs=0.01549772892892902
---
run_2
TV=15516.944
FD=12.344232
IGSD=[18.721,20.336,18.576,19.858,16.254,16.258]
SC_pos=0.220248
SC_neg=0.779752
SC_avg=-0.00518821666849086
SC_std=0.01664441169981174
SC_avg_abs=0.011885965251916215
SC_std_abs=0.01275452323931696
---
run_3
TV=13590.78
FD=10.290301
IGSD=[20.897,25.539,22.074,18.476,17.682,17.664]
SC_pos=0.202418
SC_neg=0.797582
SC_avg=-0.004564584951149005
SC_std=0.014635523762973083
SC_avg_abs=0.010033341274093789
SC_std_abs=0.011591637264440768
---
run_4
TV=14764.051
FD=12.197644
IGSD=[17.844,19.587,20.156,17.625,17.529,17.711]
SC_pos=0.164543
SC_neg=0.835457
SC_avg=-0.005275399042675918
SC_std=0.022346845187298802
SC_avg_abs=0.013408034847715385
SC_std_abs=0.018639633215463632
---
combined
TV_avg=16036.5244
TV_std=3213.506828711499
FD_avg=13.850709
FD_std=4.981696402748686
IGSD_avg=18.041099999999997
IGSD_std=3.177998304488744
SC_pos_avg=0.194987
SC_neg_avg=0.805013
SC_avg=-0.006023925641819893
SC_std=0.020979025951772215
SC_avg_abs=0.014019848359208708
SC_std_abs=0.016728749564988443