conf_id=265
---
run_0
TV=12393.201
FD=7.776033
IGSD=[22.025,22.951,21.562,22.506,21.784,22.542]
SC_pos=0.191018
SC_neg=0.808982
SC_avg=-0.0040781740243793305
SC_std=0.013829000053473227
SC_avg_abs=0.00885862851230214
SC_std_abs=0.01137529985244839
---
run_1
TV=14613.217
FD=10.26114
IGSD=[20.268,21.244,19.693,20.352,20.459,19.455]
SC_pos=0.239447
SC_neg=0.760553
SC_avg=-0.004427916886575508
SC_std=0.014886379355070516
SC_avg_abs=0.01104270678858305
SC_std_abs=0.010921051462147413
---
run_2
TV=14806.935
FD=10.914214
IGSD=[21.778,16.762,17.508,20.067,21.229,22.173]
SC_pos=0.228364
SC_neg=0.771636
SC_avg=-0.00449050521950358
SC_std=0.015581863106934305
SC_avg_abs=0.011219883295851087
SC_std_abs=0.011707831303751824
---
run_3
TV=11410.541
FD=7.938495
IGSD=[25.616,23.683,24.792,26.537,24.08,25.339]
SC_pos=0.212897
SC_neg=0.787103
SC_avg=-0.0032866526961724644
SC_std=0.011365288016567847
SC_avg_abs=0.007668512749180033
SC_std_abs=0.009009204729634113
---
run_4
TV=11605.984
FD=8.034003
IGSD=[23.091,29.433,23.136,24.976,21.396,22.317]
SC_pos=0.21267
SC_neg=0.78733
SC_avg=-0.00267019366245861
SC_std=0.013201515361346285
SC_avg_abs=0.00778789029839266
SC_std_abs=0.010989026650759268
---
combined
TV_avg=12965.9756
TV_std=1462.8438352520886
FD_avg=8.984777
FD_std=1.3275216702467796
IGSD_avg=22.2918
IGSD_std=2.571899588501334
SC_pos_avg=0.2168792
SC_neg_avg=0.7831208
SC_avg=-0.0037906884978179014
SC_std=0.013867788449190123
SC_avg_abs=0.0093155243288618
SC_std_abs=0.010950154438973162