conf_id=38
---
run_0
TV=9731.377
FD=6.764507
IGSD=[27.527,26.388,26.321,28.583,26.116,26.073]
SC_pos=0.175501
SC_neg=0.824499
SC_avg=-0.002906477245659026
SC_std=0.010774758123558366
SC_avg_abs=0.006247922867325477
SC_std_abs=0.00924697152827195
---
run_1
TV=9458.253
FD=6.732577
IGSD=[29.632,26.634,28.273,26.235,25.38,25.494]
SC_pos=0.158407
SC_neg=0.841593
SC_avg=-0.0025360000852147767
SC_std=0.012371686994455532
SC_avg_abs=0.006289588495473545
SC_std_abs=0.01095130184400906
---
run_2
TV=9538.916
FD=6.092908
IGSD=[33.35,27.865,28.575,28.643,26.295,26.382]
SC_pos=0.201792
SC_neg=0.798208
SC_avg=-0.002610878420792714
SC_std=0.009032734968229565
SC_avg_abs=0.005691957844942372
SC_std_abs=0.007483889565315428
---
run_3
TV=10042.77
FD=6.870192
IGSD=[29.799,28.763,29.111,26.71,24.583,24.807]
SC_pos=0.202959
SC_neg=0.797041
SC_avg=-0.002303918031593944
SC_std=0.010488541894655989
SC_avg_abs=0.006207489901841969
SC_std_abs=0.008762683292849714
---
run_4
TV=8962.84
FD=6.251829
IGSD=[29.018,28.651,28.128,29.515,27.922,27.882]
SC_pos=0.181316
SC_neg=0.818684
SC_avg=-0.0024578811945335783
SC_std=0.010257520304302497
SC_avg_abs=0.005673055847906675
SC_std_abs=0.008892375391657267
---
combined
TV_avg=9546.8312
TV_std=354.67362891165175
FD_avg=6.5424026
FD_std=0.3096517302109581
IGSD_avg=27.62183333333333
IGSD_std=1.7991375356604127
SC_pos_avg=0.183995
SC_neg_avg=0.816005
SC_avg=-0.0025630309955588125
SC_std=0.01064114428026469
SC_avg_abs=0.006022002991498013
SC_std_abs=0.009139943076846492