conf_id=155
---
run_0
TV=9444.821
FD=6.085477
IGSD=[28.136,30.877,24.813,27.429,36.258,27.257]
SC_pos=0.212492
SC_neg=0.787508
SC_avg=-0.001665903889760177
SC_std=0.009969818726445284
SC_avg_abs=0.005099085035654774
SC_std_abs=0.008727648767409167
---
run_1
TV=9122.003
FD=6.740024
IGSD=[27.313,30.744,30.275,28.196,28.476,29.654]
SC_pos=0.179775
SC_neg=0.820225
SC_avg=-0.002132875973112704
SC_std=0.010489704166348406
SC_avg_abs=0.005575465605424496
SC_std_abs=0.009137682238780087
---
run_2
TV=8795.998
FD=6.004412
IGSD=[30.033,32.169,28.786,31.052,27.661,29.119]
SC_pos=0.186296
SC_neg=0.813704
SC_avg=-0.0020212738458365415
SC_std=0.010623242458517701
SC_avg_abs=0.00546274819632591
SC_std_abs=0.009332588624591465
---
run_3
TV=9599.539
FD=6.671509
IGSD=[30.724,27.589,29.322,30.256,27.349,28.148]
SC_pos=0.207335
SC_neg=0.792665
SC_avg=-0.0023169404693331756
SC_std=0.009509027284459038
SC_avg_abs=0.005720749963848112
SC_std_abs=0.007941211046569165
---
run_4
TV=11002.979
FD=7.269551
IGSD=[28.663,24.046,24.421,27.189,26.136,24.384]
SC_pos=0.203908
SC_neg=0.796092
SC_avg=-0.0030622090191911927
SC_std=0.01034307597418785
SC_avg_abs=0.00699831660699713
SC_std_abs=0.00820852662499586
---
combined
TV_avg=9593.068000000001
TV_std=757.2438040546781
FD_avg=6.5541946
FD_std=0.465185362879186
IGSD_avg=28.549166666666668
IGSD_std=2.5062017620738803
SC_pos_avg=0.1979612
SC_neg_avg=0.8020388
SC_avg=-0.002239840639446758
SC_std=0.01020545080027407
SC_avg_abs=0.005771273081650083
SC_std_abs=0.008709794437525663