conf_id=188
---
run_0
TV=19920.452
FD=16.674676
IGSD=[14.386,14.555,14.527,14.602,14.505,14.374]
SC_pos=0.178547
SC_neg=0.821453
SC_avg=-0.00999274779368874
SC_std=0.025420230815387416
SC_avg_abs=0.020454665238078495
SC_std_abs=0.01810109977802418
---
run_1
TV=13588.962
FD=9.842664
IGSD=[13.104,31.798,30.883,15.238,19.312,29.946]
SC_pos=0.237474
SC_neg=0.762526
SC_avg=-0.0031303904956289275
SC_std=0.011156583525925183
SC_avg_abs=0.00759926868708413
SC_std_abs=0.008747560576959256
---
run_2
TV=15018.335
FD=12.337538
IGSD=[18.063,21.761,19.961,17.767,20.868,20.296]
SC_pos=0.244464
SC_neg=0.755536
SC_avg=-0.004473916919125806
SC_std=0.015133408973914186
SC_avg_abs=0.011629388512382323
SC_std_abs=0.01066739530527751
---
run_3
TV=13900.701
FD=11.221115
IGSD=[20.044,20.68,20.476,19.61,19.943,22.175]
SC_pos=0.219443
SC_neg=0.780557
SC_avg=-0.004661258642976318
SC_std=0.014020504795297439
SC_avg_abs=0.010410398739196292
SC_std_abs=0.01048453551391859
---
run_4
TV=15862.138
FD=12.504897
IGSD=[18.269,18.71,17.527,17.549,20.327,22.356]
SC_pos=0.248571
SC_neg=0.751429
SC_avg=-0.004890356424482829
SC_std=0.013044329296384521
SC_avg_abs=0.01107807705789631
SC_std_abs=0.008446675171350417
---
combined
TV_avg=15658.117600000001
TV_std=2279.8402856020075
FD_avg=12.516178
FD_std=2.2869197803477945
IGSD_avg=19.453733333333332
IGSD_std=4.622813471854078
SC_pos_avg=0.2256998
SC_neg_avg=0.7743002
SC_avg=-0.005429734055180521
SC_std=0.016699160359884196
SC_avg_abs=0.01223435964692751
SC_std_abs=0.01259620628065239