conf_id=187
---
run_0
TV=21567.464
FD=19.81978
IGSD=[13.19,13.653,13.599,13.731,12.935,13.206]
SC_pos=0.169619
SC_neg=0.830381
SC_avg=-0.011247893087747745
SC_std=0.03128573604231434
SC_avg_abs=0.02424104183365565
SC_std_abs=0.022752676094071375
---
run_1
TV=21685.103
FD=24.422676
IGSD=[13.052,13.973,14.4,13.737,13.105,13.308]
SC_pos=0.207282
SC_neg=0.792718
SC_avg=-0.010288659034814912
SC_std=0.02966021215850605
SC_avg_abs=0.0236845492393756
SC_std_abs=0.020606475131614847
---
run_2
TV=16832.763
FD=16.114987
IGSD=[16.358,18.858,17.742,16.985,17.234,18.185]
SC_pos=0.23586
SC_neg=0.76414
SC_avg=-0.004870262759232028
SC_std=0.019430110066094942
SC_avg_abs=0.014228694328417902
SC_std_abs=0.014099393399468451
---
run_3
TV=16887.537
FD=14.7859
IGSD=[19.318,16.571,16.093,17.782,17.185,18.136]
SC_pos=0.228618
SC_neg=0.771382
SC_avg=-0.0061256244032125975
SC_std=0.017621811799803253
SC_avg_abs=0.013828151829716098
SC_std_abs=0.012523327928759124
---
run_4
TV=17098.783
FD=14.320179
IGSD=[16.921,17.389,15.439,16.776,15.178,16.206]
SC_pos=0.20794
SC_neg=0.79206
SC_avg=-0.006204552120591196
SC_std=0.02328661527646148
SC_avg_abs=0.01564336646441804
SC_std_abs=0.018331612141625264
---
combined
TV_avg=18814.329999999998
TV_std=2297.9697556335245
FD_avg=17.8927044
FD_std=3.792877533817542
IGSD_avg=15.674833333333336
IGSD_std=1.9828561736937844
SC_pos_avg=0.2098638
SC_neg_avg=0.7901362
SC_avg=-0.007747398281119699
SC_std=0.024983391475242363
SC_avg_abs=0.018325160739116653
SC_std_abs=0.018664954155235596