conf_id=189
---
run_0
TV=18719.218
FD=18.276376
IGSD=[15.659,15.233,16.716,17.565,14.965,14.433]
SC_pos=0.225541
SC_neg=0.774459
SC_avg=-0.0072266246393944975
SC_std=0.022303382890956572
SC_avg_abs=0.017223883401918893
SC_std_abs=0.015906062762871917
---
run_1
TV=18786.572
FD=19.283496
IGSD=[15.312,15.857,15.363,16.078,15.227,15.621]
SC_pos=0.231589
SC_neg=0.768411
SC_avg=-0.007867340564807949
SC_std=0.023174653471660405
SC_avg_abs=0.018191124140996367
SC_std_abs=0.016372007011392152
---
run_2
TV=17211.348
FD=17.233363
IGSD=[16.515,18.565,16.696,15.952,17.737,16.571]
SC_pos=0.218939
SC_neg=0.781061
SC_avg=-0.00632664533333268
SC_std=0.02110559310200306
SC_avg_abs=0.016090138615664357
SC_std_abs=0.015052572560522866
---
run_3
TV=18959.051
FD=15.990826
IGSD=[13.835,16.292,15.853,14.54,15.406,14.743]
SC_pos=0.202358
SC_neg=0.797642
SC_avg=-0.008181946733314925
SC_std=0.02728385666917965
SC_avg_abs=0.019375080075774372
SC_std_abs=0.02087963982324582
---
run_4
TV=15855.421
FD=13.931917
IGSD=[16.509,18.493,20.442,16.76,18.093,19.687]
SC_pos=0.222992
SC_neg=0.777008
SC_avg=-0.005315399293407121
SC_std=0.02101548940930497
SC_avg_abs=0.014176964724116585
SC_std_abs=0.016398717509979746
---
combined
TV_avg=17906.322000000004
TV_std=1202.7520184338912
FD_avg=16.9431956
FD_std=1.860826683118511
IGSD_avg=16.357266666666668
IGSD_std=1.5198845555575011
SC_pos_avg=0.2202838
SC_neg_avg=0.7797162
SC_avg=-0.0069835913128514235
SC_std=0.02311493767347022
SC_avg_abs=0.017011438191694102
SC_std_abs=0.01713714859372813