conf_id=44
---
run_0
TV=15390.571
FD=15.140219
IGSD=[18.671,21.557,18.971,18.793,19.588,18.104]
SC_pos=0.257115
SC_neg=0.742885
SC_avg=-0.004907340401291523
SC_std=0.019491842800386697
SC_avg_abs=0.014586532025077337
SC_std_abs=0.013829208547510154
---
run_1
TV=13647.01
FD=11.690737
IGSD=[20.832,19.972,23.45,22.46,21.183,21.44]
SC_pos=0.252475
SC_neg=0.747525
SC_avg=-0.003161604957196316
SC_std=0.012948435821286436
SC_avg_abs=0.00958326243208645
SC_std_abs=0.009263844627426701
---
run_2
TV=15353.998
FD=13.836361
IGSD=[16.613,19.439,24.186,14.608,20.765,22.393]
SC_pos=0.245381
SC_neg=0.754619
SC_avg=-0.004084350117335137
SC_std=0.0140708510715137
SC_avg_abs=0.010677620835316842
SC_std_abs=0.01003290481639796
---
run_3
TV=13980.596
FD=10.418649
IGSD=[20.747,21.128,18.378,28.809,20.909,19.936]
SC_pos=0.25784
SC_neg=0.74216
SC_avg=-0.003187448432655777
SC_std=0.011495268720494448
SC_avg_abs=0.009109292662436305
SC_std_abs=0.007702065804529451
---
run_4
TV=15738.911
FD=15.439171
IGSD=[19.984,18.916,18.307,17.961,18.445,20.167]
SC_pos=0.242066
SC_neg=0.757934
SC_avg=-0.005123169871952213
SC_std=0.01571569500061896
SC_avg_abs=0.01274732235269517
SC_std_abs=0.0105231037116355
---
combined
TV_avg=14822.2172
TV_std=840.9022049445226
FD_avg=13.3050274
FD_std=1.956625987363921
IGSD_avg=20.22373333333334
IGSD_std=2.5120960296577484
SC_pos_avg=0.2509754
SC_neg_avg=0.7490246
SC_avg=-0.004092782756086192
SC_std=0.015020779229881275
SC_avg_abs=0.011340806061522433
SC_std_abs=0.01066587067408403