conf_id=252
---
run_0
TV=15056.391
FD=10.402391
IGSD=[19.245,20.414,18.893,18.17,19.483,19.49]
SC_pos=0.208284
SC_neg=0.791716
SC_avg=-0.004787468846368154
SC_std=0.01616384830437321
SC_avg_abs=0.011481277323364812
SC_std_abs=0.012343829267521613
---
run_1
TV=20172.375
FD=16.640196
IGSD=[14.187,13.457,14.854,13.087,16.79,15.181]
SC_pos=0.198144
SC_neg=0.801856
SC_avg=-0.008380625929197439
SC_std=0.027833415666374435
SC_avg_abs=0.020725738215931253
SC_std_abs=0.020380816814519507
---
run_2
TV=10422.719
FD=7.36758
IGSD=[25.128,25.507,24.777,24.534,25.356,24.389]
SC_pos=0.186593
SC_neg=0.813407
SC_avg=-0.0025954192517793884
SC_std=0.014004872868303124
SC_avg_abs=0.007315285385654072
SC_std_abs=0.012221262818394665
---
run_3
TV=14599.277
FD=10.987677
IGSD=[20.277,19.801,18.715,20.198,19.537,17.909]
SC_pos=0.214607
SC_neg=0.785393
SC_avg=-0.005221282265323031
SC_std=0.017486760054788934
SC_avg_abs=0.011937180032832959
SC_std_abs=0.01380406818918513
---
run_4
TV=15507.6
FD=13.186331
IGSD=[17.099,18.163,17.832,17.563,17.199,17.019]
SC_pos=0.156812
SC_neg=0.843188
SC_avg=-0.006041056072037802
SC_std=0.023324292200141285
SC_avg_abs=0.014779310510369357
SC_std_abs=0.019028634894315524
---
combined
TV_avg=15151.672400000001
TV_std=3098.753250473074
FD_avg=11.716835
FD_std=3.0846184692263643
IGSD_avg=19.1418
IGSD_std=3.472044617608862
SC_pos_avg=0.192888
SC_neg_avg=0.807112
SC_avg=-0.005405170472941155
SC_std=0.02049137684655245
SC_avg_abs=0.013247758293630497
SC_std_abs=0.016541139413671756